0 0.535000 0.490000 0.020000 0.019000
0 0.499500 0.523000 0.023000 0.020000
0 0.498500 0.493000 0.021000 0.021000
0 0.772000 0.548500 0.028000 0.027000
0 0.477500 0.354000 0.022000 0.023000
0 0.619500 0.379500 0.029000 0.026000
0 0.585000 0.422500 0.023000 0.019000
0 0.359500 0.481000 0.020000 0.015000
0 0.334500 0.647500 0.014000 0.012000
0 0.487000 0.635500 0.023000 0.026000
0 0.402000 0.537000 0.021000 0.022000
0 0.528500 0.732500 0.026000 0.023000
0 0.347500 0.499500 0.014000 0.022000
0 0.644500 0.779000 0.033000 0.030000
0 0.482000 0.524000 0.016000 0.019000
0 0.720500 0.304000 0.028000 0.028000
0 0.596500 0.351500 0.022000 0.021000
0 0.341000 0.625000 0.013000 0.013000
0 0.252000 0.351500 0.022000 0.028000
0 0.641500 0.540000 0.024000 0.020000
0 0.285500 0.223000 0.028000 0.027000
0 0.619500 0.341500 0.020000 0.024000
0 0.805000 0.483500 0.019000 0.026000
0 0.276250 0.559000 0.017500 0.012000
0 0.493000 0.126500 0.022000 0.024000
0 0.574000 0.714500 0.018000 0.019000
0 0.755500 0.758500 0.025000 0.021000
0 0.283000 0.462500 0.029000 0.027000
0 0.334500 0.833000 0.025000 0.017000
0 0.432500 0.616000 0.015000 0.016000
0 0.473500 0.476000 0.013000 0.017000
0 0.295500 0.289500 0.025000 0.025000
0 0.428500 0.234500 0.011000 0.013000
0 0.602500 0.469000 0.022000 0.027000
0 0.240500 0.497000 0.018000 0.017000
0 0.550000 0.508000 0.025000 0.025000
0 0.621500 0.368000 0.014000 0.014000
0 0.534500 0.422000 0.018000 0.017000
0 0.532500 0.509500 0.023000 0.022000
0 0.717000 0.635500 0.014000 0.021000
0 0.132500 0.570500 0.025000 0.025000
0 0.694000 0.209000 0.031000 0.024000
0 0.779000 0.217500 0.021000 0.022000
0 0.698000 0.487500 0.024000 0.029000
0 0.725500 0.188500 0.013000 0.012000
0 0.383500 0.361000 0.028000 0.021000
0 0.820500 0.646000 0.019000 0.019000
0 0.455500 0.464500 0.022000 0.020000
0 0.594000 0.465000 0.021000 0.020000
0 0.463000 0.521000 0.017000 0.015000
0 0.457500 0.529500 0.031000 0.028000
0 0.439000 0.404000 0.013000 0.013000
0 0.271500 0.519000 0.014000 0.012000
0 0.787000 0.259500 0.019000 0.019000
0 0.499000 0.447000 0.019000 0.014000
0 0.771500 0.243000 0.033000 0.034000
0 0.456000 0.539500 0.029000 0.033000
0 0.510000 0.496500 0.013000 0.013000
0 0.404500 0.719500 0.021000 0.017000
0 0.602000 0.757500 0.022000 0.020000
0 0.381500 0.756000 0.015000 0.015000
0 0.699500 0.530500 0.010000 0.013000
0 0.554500 0.440500 0.013000 0.014000
0 0.588000 0.263500 0.022000 0.019000
0 0.571000 0.504000 0.022000 0.022000
0 0.500000 0.503000 0.012000 0.015000
0 0.458500 0.310500 0.022000 0.015000
0 0.290500 0.631500 0.029000 0.029000
0 0.240000 0.705500 0.016000 0.013000
0 0.600750 0.419000 0.026500 0.019000
0 0.443500 0.911000 0.018000 0.015000
0 0.701000 0.254000 0.011000 0.015000
0 0.343500 0.474000 0.018000 0.020000
0 0.501500 0.514500 0.023000 0.022000
0 0.104000 0.359500 0.027000 0.029000
0 0.245500 0.636000 0.011000 0.009000
0 0.380500 0.179000 0.017000 0.018000
0 0.572000 0.415000 0.016000 0.017000
0 0.664500 0.820500 0.016000 0.017000
0 0.857500 0.441500 0.032000 0.027000
0 0.766000 0.223500 0.011000 0.015000
0 0.472500 0.340000 0.023000 0.020000
0 0.209500 0.496000 0.014000 0.012000
0 0.499500 0.496500 0.014000 0.023000
0 0.873000 0.446500 0.019000 0.013000
0 0.375500 0.615000 0.023000 0.025000
0 0.520500 0.514500 0.021000 0.021000
0 0.513500 0.534500 0.009000 0.012000
0 0.451000 0.171500 0.018000 0.018000
0 0.717000 0.208500 0.017000 0.023000
0 0.562000 0.540500 0.016000 0.018000
0 0.444500 0.611500 0.035000 0.033000
0 0.452500 0.539500 0.017000 0.015000
0 0.378500 0.556500 0.017000 0.011000
0 0.545500 0.625500 0.012000 0.011000
0 0.146500 0.291500 0.026000 0.026000
0 0.322000 0.689500 0.017000 0.017000
0 0.522000 0.499000 0.019000 0.016000
0 0.589000 0.763500 0.023000 0.023000
0 0.731500 0.450500 0.022000 0.018000
0 0.325000 0.428500 0.018000 0.017000
0 0.331000 0.272000 0.020000 0.022000
0 0.555500 0.452500 0.021000 0.027000
0 0.769500 0.446500 0.027000 0.028000
0 0.610500 0.390250 0.016000 0.023500
0 0.544500 0.457500 0.011000 0.012000
0 0.211000 0.771000 0.018000 0.021000
0 0.376000 0.217000 0.020000 0.018000
0 0.376000 0.641000 0.019000 0.019000
0 0.490500 0.518000 0.022000 0.022000
0 0.493000 0.618500 0.016000 0.011000
0 0.639500 0.380000 0.034000 0.035000
0 0.254500 0.264000 0.015000 0.021000
0 0.521500 0.412000 0.020000 0.018000
0 0.495000 0.094000 0.014000 0.013000
0 0.510000 0.580000 0.014000 0.015000
0 0.273000 0.599000 0.025000 0.022000
0 0.160500 0.668500 0.012000 0.013000
0 0.582500 0.225000 0.032000 0.032000
0 0.489500 0.522500 0.027000 0.027000
0 0.601000 0.862500 0.019000 0.019000
0 0.201000 0.447500 0.021000 0.021000
0 0.252000 0.292000 0.013000 0.014000
0 0.454500 0.849000 0.013000 0.014000
0 0.555000 0.459000 0.017000 0.011000
0 0.484000 0.665000 0.025000 0.021000
0 0.278000 0.338000 0.032000 0.031000
0 0.520500 0.437500 0.014000 0.016000
0 0.760000 0.352000 0.013000 0.012000
0 0.434000 0.440000 0.028000 0.022000
0 0.472000 0.504000 0.017000 0.017000
0 0.356500 0.550500 0.012000 0.010000
0 0.362500 0.498000 0.028000 0.028000
0 0.678500 0.637000 0.023000 0.024000
0 0.695500 0.588500 0.015000 0.016000
0 0.767000 0.614000 0.012000 0.013000
0 0.555000 0.658000 0.016000 0.014000
0 0.359000 0.440000 0.021000 0.027000
0 0.323500 0.187000 0.021000 0.023000
0 0.321000 0.384000 0.016000 0.014000
0 0.384500 0.356000 0.016000 0.019000
0 0.578500 0.570000 0.017000 0.022000
0 0.506000 0.823000 0.025000 0.027000
0 0.660000 0.833500 0.027000 0.022000
0 0.912000 0.487500 0.030000 0.023000
0 0.704500 0.440500 0.026000 0.024000
0 0.787500 0.295000 0.014000 0.014000
0 0.505000 0.373500 0.013000 0.012000
0 0.605500 0.171000 0.029000 0.030000
0 0.485500 0.481000 0.017000 0.017000
0 0.653000 0.615500 0.011000 0.013000
0 0.232000 0.626000 0.026000 0.020000
0 0.539500 0.533500 0.012000 0.012000
0 0.415500 0.717500 0.023000 0.017000
0 0.375500 0.447500 0.025000 0.025000
0 0.554500 0.273000 0.024000 0.016000
0 0.238000 0.632000 0.015000 0.015000
0 0.251250 0.797750 0.017500 0.017500
0 0.492000 0.535000 0.031000 0.030000
0 0.543500 0.812000 0.020000 0.021000
0 0.572000 0.426500 0.022000 0.023000
0 0.892000 0.416500 0.022000 0.019000
0 0.431500 0.877000 0.022000 0.013000
0 0.389500 0.208000 0.021000 0.020000
0 0.737500 0.476500 0.016000 0.023000
0 0.763500 0.191500 0.024000 0.016000
0 0.556500 0.468000 0.015000 0.013000
0 0.551500 0.523000 0.018000 0.017000
0 0.107000 0.469000 0.024000 0.023000
0 0.350000 0.520000 0.021000 0.021000
0 0.816500 0.718500 0.014000 0.015000
0 0.572000 0.457500 0.016000 0.021000
0 0.500500 0.554000 0.029000 0.028000
0 0.806000 0.752000 0.016000 0.016000
0 0.834500 0.518000 0.016000 0.015000
0 0.450500 0.664500 0.023000 0.024000
0 0.292000 0.656000 0.019000 0.019000
0 0.530000 0.522500 0.024000 0.023000
0 0.453500 0.280500 0.022000 0.019000
0 0.459000 0.581500 0.015000 0.022000
0 0.501250 0.407750 0.029500 0.029500
0 0.445000 0.085000 0.011000 0.011000
0 0.583000 0.158000 0.018000 0.020000
0 0.708000 0.654500 0.028000 0.026000
0 0.670000 0.432000 0.015000 0.014000
0 0.555000 0.497000 0.025000 0.026000
0 0.525500 0.430000 0.020000 0.025000
0 0.519000 0.421500 0.020000 0.021000
0 0.162000 0.520500 0.024000 0.024000
0 0.190500 0.432000 0.017000 0.023000
0 0.378500 0.774500 0.017000 0.016000
0 0.789500 0.635000 0.021000 0.021000
0 0.398500 0.424500 0.019000 0.020000
0 0.270500 0.721500 0.012000 0.016000
0 0.540000 0.786500 0.028000 0.020000
0 0.476500 0.608500 0.025000 0.023000
0 0.370500 0.668500 0.032000 0.024000
0 0.489000 0.548500 0.031000 0.026000
0 0.392000 0.602500 0.019000 0.019000
0 0.710000 0.231500 0.016000 0.015000
0 0.745500 0.275500 0.015000 0.015000
0 0.420000 0.692000 0.026000 0.021000
0 0.337000 0.702000 0.025000 0.021000
0 0.656000 0.283500 0.012000 0.011000
0 0.105000 0.625000 0.019000 0.019000
0 0.291500 0.354000 0.024000 0.020000
0 0.664000 0.601500 0.027000 0.024000
0 0.149500 0.308000 0.018000 0.023000
0 0.465000 0.478500 0.020000 0.024000
0 0.231500 0.394000 0.013000 0.012000
0 0.587000 0.250000 0.015000 0.014000
0 0.331000 0.854000 0.027000 0.023000
0 0.845000 0.365500 0.030000 0.031000
0 0.435000 0.630000 0.025000 0.020000
0 0.366000 0.549000 0.015000 0.016000
0 0.598000 0.309500 0.015000 0.014000
0 0.470500 0.481500 0.026000 0.028000
0 0.604000 0.788500 0.024000 0.033000
0 0.609500 0.154500 0.029000 0.024000
0 0.486500 0.504500 0.025000 0.019000
0 0.156500 0.394000 0.021000 0.020000
0 0.825250 0.439500 0.020500 0.016000
0 0.477000 0.459000 0.013000 0.014000
0 0.469500 0.303000 0.020000 0.020000
0 0.549500 0.564500 0.014000 0.011000
0 0.316000 0.424000 0.011000 0.011000
0 0.734000 0.375000 0.024000 0.023000
0 0.439000 0.468000 0.021000 0.020000
0 0.471000 0.585000 0.015000 0.014000
0 0.424500 0.557000 0.031000 0.026000
0 0.089000 0.513500 0.016000 0.016000
0 0.713000 0.244500 0.023000 0.017000
0 0.523500 0.309500 0.021000 0.012000
0 0.460500 0.665500 0.022000 0.022000
0 0.567000 0.516500 0.015000 0.013000
0 0.368000 0.411000 0.023000 0.023000
0 0.555500 0.620500 0.019000 0.020000
0 0.648000 0.460500 0.020000 0.017000
0 0.220000 0.241500 0.018000 0.019000
0 0.677500 0.124500 0.011000 0.016000
0 0.525000 0.166000 0.014000 0.018000
0 0.278500 0.311500 0.019000 0.013000
0 0.803500 0.619500 0.029000 0.030000
0 0.471000 0.184000 0.015000 0.016000
0 0.471000 0.526000 0.021000 0.022000
0 0.273500 0.329000 0.012000 0.012000
0 0.255500 0.492500 0.011000 0.011000
0 0.339000 0.577500 0.028000 0.028000
0 0.319500 0.364500 0.013000 0.013000
0 0.442000 0.306500 0.015000 0.015000
0 0.586000 0.607500 0.030000 0.030000
0 0.823000 0.601500 0.030000 0.030000
0 0.737500 0.599000 0.015000 0.021000
0 0.617500 0.606000 0.019000 0.012000
0 0.509000 0.464500 0.028000 0.029000
0 0.488000 0.491500 0.019000 0.021000
0 0.759500 0.583000 0.019000 0.018000
0 0.298500 0.852500 0.016000 0.011000
0 0.808500 0.769500 0.013000 0.018000
0 0.464500 0.504000 0.014000 0.013000
0 0.652000 0.495500 0.014000 0.018000
0 0.237000 0.581500 0.016000 0.022000
0 0.102500 0.406000 0.016000 0.017000
0 0.567500 0.554500 0.021000 0.017000
0 0.561000 0.371500 0.020000 0.018000
0 0.265500 0.619500 0.026000 0.029000
0 0.298500 0.319500 0.028000 0.019000
0 0.572500 0.792000 0.012000 0.014000
0 0.534000 0.359500 0.020000 0.017000
0 0.450500 0.128500 0.019000 0.024000
0 0.779500 0.566000 0.013000 0.019000
0 0.597000 0.194000 0.028000 0.019000
0 0.628500 0.638500 0.014000 0.016000
0 0.531000 0.586000 0.016000 0.011000
0 0.644500 0.390000 0.024000 0.021000
0 0.454000 0.614500 0.027000 0.026000
0 0.457500 0.631500 0.020000 0.022000
0 0.538500 0.497500 0.013000 0.011000
0 0.714000 0.521000 0.016000 0.014000
0 0.243500 0.684000 0.019000 0.017000
0 0.442000 0.550500 0.017000 0.025000
0 0.553500 0.399000 0.010000 0.012000
0 0.317500 0.554500 0.017000 0.013000
0 0.600000 0.897500 0.026000 0.017000
0 0.613500 0.420000 0.013000 0.014000
0 0.355000 0.636500 0.016000 0.020000
0 0.548000 0.542000 0.013000 0.013000
0 0.583000 0.587000 0.017000 0.021000
0 0.386500 0.616000 0.020000 0.018000
0 0.460000 0.688000 0.014000 0.017000
0 0.422500 0.110500 0.010000 0.011000
0 0.651500 0.705500 0.019000 0.016000
0 0.780000 0.345500 0.025000 0.022000
0 0.255500 0.713000 0.023000 0.022000
0 0.355500 0.243500 0.029000 0.028000
0 0.662000 0.338000 0.020000 0.018000
0 0.583500 0.590000 0.029000 0.029000
0 0.528500 0.535500 0.020000 0.020000
0 0.142500 0.606500 0.014000 0.018000
0 0.122000 0.332500 0.025000 0.024000
0 0.632000 0.500000 0.025000 0.025000
0 0.721000 0.617000 0.017000 0.013000
0 0.368000 0.462500 0.034000 0.029000
0 0.399500 0.487000 0.016000 0.018000
0 0.458500 0.562000 0.026000 0.029000
0 0.404000 0.383500 0.013000 0.013000
0 0.445500 0.178000 0.027000 0.027000
0 0.430000 0.693000 0.018000 0.025000
0 0.205500 0.505500 0.018000 0.017000
0 0.531500 0.472500 0.029000 0.031000
0 0.509000 0.689500 0.020000 0.020000
0 0.244500 0.436000 0.023000 0.024000
0 0.533500 0.398500 0.015000 0.018000
0 0.451500 0.515000 0.018000 0.013000
0 0.759000 0.361500 0.021000 0.022000
0 0.275500 0.655000 0.018000 0.024000
0 0.406000 0.516500 0.014000 0.013000
0 0.573000 0.689000 0.016000 0.014000
0 0.405500 0.558000 0.024000 0.025000
0 0.251500 0.422000 0.022000 0.017000
0 0.177250 0.575500 0.014500 0.011000
0 0.268500 0.820500 0.023000 0.021000
0 0.328500 0.236500 0.024000 0.025000
0 0.438500 0.579000 0.024000 0.025000
0 0.145000 0.557000 0.025000 0.017000
0 0.554500 0.289500 0.015000 0.014000
0 0.496000 0.418000 0.015000 0.015000