0 0.338000 0.763000 0.017000 0.016000
0 0.615000 0.340000 0.022000 0.022000
0 0.649000 0.327500 0.014000 0.017000
0 0.506000 0.489500 0.013000 0.013000
0 0.245500 0.575000 0.015000 0.016000
0 0.750500 0.647000 0.016000 0.012000
0 0.140500 0.418750 0.012000 0.017500
0 0.672500 0.144000 0.014000 0.015000
0 0.481000 0.500500 0.028000 0.028000
0 0.621500 0.225500 0.025000 0.024000
0 0.304500 0.493500 0.013000 0.014000
0 0.120500 0.580000 0.019000 0.019000
0 0.611500 0.572500 0.018000 0.016000
0 0.575500 0.467500 0.025000 0.023000
0 0.482000 0.860500 0.010000 0.010000
0 0.479500 0.476500 0.023000 0.023000
0 0.490500 0.489500 0.025000 0.022000
0 0.496500 0.481000 0.012000 0.015000
0 0.314500 0.439000 0.025000 0.022000
0 0.586500 0.365500 0.013000 0.012000
0 0.495500 0.498500 0.014000 0.014000
0 0.426000 0.205000 0.026000 0.021000
0 0.456000 0.649500 0.013000 0.014000
0 0.470000 0.489000 0.024000 0.027000
0 0.556500 0.462000 0.022000 0.030000
0 0.741500 0.558500 0.013000 0.014000
0 0.420000 0.533250 0.016000 0.020500
0 0.408000 0.202500 0.028000 0.030000
0 0.489500 0.246750 0.012000 0.017500
0 0.536500 0.526500 0.022000 0.019000
0 0.485000 0.718500 0.017000 0.016000
0 0.511000 0.565500 0.017000 0.013000
0 0.550750 0.729500 0.020500 0.017000
0 0.726500 0.273500 0.015000 0.014000
0 0.530000 0.691000 0.015000 0.014000
0 0.357000 0.479000 0.033000 0.032000
0 0.541000 0.499500 0.020000 0.018000
0 0.495500 0.350500 0.017000 0.017000
0 0.585500 0.727500 0.023000 0.022000
0 0.442000 0.616500 0.027000 0.018000
0 0.403500 0.357500 0.016000 0.016000
0 0.600000 0.501000 0.026000 0.024000
0 0.392000 0.416500 0.023000 0.024000
0 0.282000 0.462500 0.024000 0.019000
0 0.362500 0.707500 0.016000 0.016000
0 0.515500 0.771500 0.014000 0.014000
0 0.637500 0.668500 0.024000 0.023000
0 0.199000 0.457500 0.015000 0.011000
0 0.504500 0.578500 0.026000 0.026000
0 0.339500 0.531000 0.023000 0.027000
0 0.464000 0.522000 0.014000 0.014000
0 0.578750 0.525000 0.026500 0.023000
0 0.543500 0.649000 0.022000 0.024000
0 0.304000 0.301500 0.027000 0.032000
0 0.171000 0.493500 0.018000 0.022000
0 0.532000 0.429000 0.023000 0.025000
0 0.335000 0.610000 0.017000 0.017000
0 0.505500 0.546000 0.028000 0.029000
0 0.442500 0.700000 0.026000 0.022000
0 0.486000 0.756500 0.028000 0.028000
0 0.558000 0.645000 0.016000 0.016000
0 0.481000 0.458000 0.011000 0.012000
0 0.419500 0.210000 0.024000 0.019000
0 0.239000 0.655000 0.015000 0.018000
0 0.544000 0.452500 0.020000 0.021000
0 0.475000 0.487000 0.019000 0.025000
0 0.347500 0.461000 0.009000 0.013000
0 0.838500 0.639000 0.023000 0.025000
0 0.276500 0.400500 0.015000 0.020000
0 0.809000 0.597500 0.016000 0.012000
0 0.492500 0.360500 0.019000 0.028000
0 0.152000 0.611500 0.025000 0.031000
0 0.246500 0.247000 0.022000 0.024000
0 0.383500 0.217500 0.011000 0.012000
0 0.663500 0.445500 0.019000 0.019000
0 0.450500 0.543500 0.016000 0.017000
0 0.302000 0.383500 0.031000 0.022000
0 0.328750 0.503000 0.014500 0.011000
0 0.769500 0.272000 0.015000 0.014000
0 0.816500 0.740500 0.026000 0.021000
0 0.434000 0.456000 0.015000 0.015000
0 0.281000 0.435000 0.015000 0.021000
0 0.580000 0.507500 0.014000 0.012000
0 0.515000 0.480500 0.021000 0.020000
0 0.477500 0.593500 0.012000 0.012000
0 0.628500 0.463500 0.022000 0.028000
0 0.521500 0.558500 0.026000 0.027000
0 0.681000 0.650500 0.025000 0.025000
0 0.511500 0.507000 0.019000 0.019000
0 0.634500 0.798500 0.018000 0.021000
0 0.512000 0.469000 0.019000 0.014000
0 0.292000 0.539000 0.015000 0.013000
0 0.362500 0.673000 0.025000 0.027000
0 0.502500 0.518500 0.020000 0.018000
0 0.562500 0.660000 0.019000 0.014000
0 0.453500 0.562500 0.024000 0.027000
0 0.777500 0.674500 0.012000 0.014000
0 0.127500 0.616000 0.012000 0.014000
0 0.473000 0.451000 0.025000 0.020000
0 0.496500 0.505500 0.022000 0.022000
0 0.461000 0.818500 0.023000 0.027000
0 0.440500 0.484500 0.015000 0.013000
0 0.618000 0.384500 0.024000 0.026000
0 0.367000 0.768000 0.019000 0.025000
0 0.399000 0.583500 0.017000 0.017000
0 0.212500 0.735500 0.016000 0.012000
0 0.254000 0.490000 0.010000 0.013000
0 0.673500 0.308000 0.018000 0.019000
0 0.489500 0.453500 0.013000 0.014000
0 0.881500 0.413500 0.014000 0.014000
0 0.348500 0.542000 0.024000 0.019000
0 0.483000 0.149000 0.010000 0.010000
0 0.362000 0.298000 0.016000 0.019000
0 0.392000 0.492000 0.012000 0.012000
0 0.118000 0.615500 0.016000 0.016000
0 0.295000 0.377000 0.021000 0.022000
0 0.404000 0.431000 0.017000 0.016000
0 0.431000 0.469750 0.020000 0.029500
0 0.426250 0.574500 0.029500 0.020000
0 0.173500 0.465000 0.016000 0.017000
0 0.486000 0.085000 0.020000 0.022000
0 0.617000 0.544500 0.020000 0.025000
0 0.574000 0.418500 0.013000 0.014000
0 0.370500 0.666500 0.017000 0.016000
0 0.826000 0.419000 0.018000 0.025000
0 0.120000 0.507500 0.029000 0.032000
0 0.625500 0.854000 0.019000 0.020000
0 0.692000 0.575000 0.030000 0.028000
0 0.791000 0.266500 0.026000 0.021000
0 0.430500 0.591500 0.020000 0.022000
0 0.467000 0.465000 0.019000 0.022000
0 0.329000 0.396000 0.020000 0.019000
0 0.694500 0.870000 0.022000 0.022000
0 0.425000 0.490500 0.015000 0.014000
0 0.806500 0.776000 0.016000 0.015000
0 0.331500 0.792500 0.026000 0.028000
0 0.297000 0.700000 0.025000 0.024000
0 0.768000 0.554000 0.028000 0.026000
0 0.299000 0.432500 0.013000 0.012000
0 0.372500 0.748000 0.023000 0.022000
0 0.489500 0.894500 0.024000 0.018000
0 0.290000 0.389500 0.029000 0.033000
0 0.450000 0.697000 0.029000 0.030000
0 0.459000 0.506500 0.017000 0.019000
0 0.541000 0.511000 0.016000 0.011000
0 0.438000 0.519000 0.018000 0.018000
0 0.615500 0.317500 0.017000 0.016000
0 0.808000 0.254000 0.022000 0.023000
0 0.743000 0.229500 0.019000 0.018000
0 0.719500 0.777000 0.011000 0.011000
0 0.211000 0.680000 0.018000 0.017000
0 0.527000 0.467500 0.021000 0.024000
0 0.622000 0.663000 0.021000 0.025000
0 0.848500 0.610000 0.015000 0.018000
0 0.798500 0.715500 0.017000 0.023000
0 0.376500 0.249000 0.022000 0.024000
0 0.716500 0.549000 0.016000 0.018000
0 0.344000 0.701000 0.012000 0.011000
0 0.471500 0.347500 0.023000 0.026000
0 0.466000 0.572500 0.029000 0.031000
0 0.627000 0.624000 0.010000 0.011000
0 0.226000 0.366000 0.013000 0.013000
0 0.609500 0.616000 0.019000 0.021000
0 0.453000 0.578500 0.026000 0.024000
0 0.782000 0.344500 0.015000 0.015000
0 0.353500 0.527000 0.029000 0.032000
0 0.521500 0.509000 0.029000 0.029000
0 0.377000 0.235500 0.028000 0.030000
0 0.523500 0.438000 0.018000 0.013000
0 0.725500 0.306000 0.013000 0.012000
0 0.427000 0.566000 0.029000 0.026000
0 0.558500 0.275000 0.012000 0.012000
0 0.486500 0.119000 0.013000 0.013000
0 0.300000 0.508500 0.016000 0.016000
0 0.281500 0.733500 0.017000 0.018000
0 0.427500 0.627500 0.019000 0.020000
0 0.502500 0.572000 0.022000 0.024000
0 0.830000 0.532000 0.013000 0.019000
0 0.142500 0.354000 0.014000 0.015000
0 0.393500 0.430500 0.020000 0.020000
0 0.501000 0.528500 0.011000 0.012000
0 0.830500 0.657500 0.023000 0.033000
0 0.670000 0.286000 0.024000 0.023000
0 0.606000 0.892000 0.020000 0.018000
0 0.357000 0.629000 0.015000 0.016000
0 0.457000 0.170500 0.010000 0.010000
0 0.463000 0.256000 0.014000 0.015000
0 0.391000 0.593500 0.013000 0.019000
0 0.373500 0.557000 0.020000 0.016000
0 0.307000 0.803000 0.027000 0.028000
0 0.651000 0.595500 0.027000 0.025000
0 0.703000 0.377000 0.022000 0.023000
0 0.423000 0.676500 0.016000 0.018000
0 0.417000 0.654000 0.017000 0.022000
0 0.470000 0.099000 0.025000 0.022000
0 0.895500 0.413000 0.025000 0.017000
0 0.538000 0.415000 0.021000 0.016000
0 0.655500 0.500000 0.010000 0.017000
0 0.772000 0.360000 0.020000 0.019000
0 0.503500 0.339000 0.026000 0.023000
0 0.425500 0.752500 0.012000 0.018000
0 0.619500 0.720500 0.022000 0.019000
0 0.404500 0.727000 0.011000 0.016000
0 0.681500 0.251000 0.016000 0.018000
0 0.500500 0.203500 0.016000 0.014000
0 0.810500 0.718500 0.010000 0.010000
0 0.371000 0.596000 0.022000 0.031000
0 0.525000 0.293500 0.011000 0.011000
0 0.233500 0.371500 0.016000 0.021000
0 0.380500 0.286500 0.011000 0.011000
0 0.502000 0.177500 0.024000 0.024000
0 0.657500 0.351500 0.014000 0.015000
0 0.490000 0.191500 0.025000 0.028000
0 0.741500 0.459000 0.016000 0.016000
0 0.554500 0.471500 0.016000 0.014000
0 0.544000 0.437000 0.023000 0.021000
0 0.749500 0.826000 0.014000 0.017000
0 0.589000 0.497500 0.015000 0.016000
0 0.457500 0.595500 0.016000 0.016000
0 0.191000 0.256000 0.016000 0.016000
0 0.677500 0.482000 0.020000 0.019000
0 0.104500 0.417500 0.029000 0.030000
0 0.351000 0.605000 0.021000 0.025000
0 0.513500 0.403500 0.015000 0.016000
0 0.555500 0.409500 0.017000 0.017000
0 0.506000 0.434500 0.030000 0.033000
0 0.632500 0.213500 0.016000 0.016000
0 0.525500 0.880500 0.013000 0.016000
0 0.624000 0.553500 0.015000 0.019000
0 0.287500 0.284500 0.009000 0.009000
0 0.503500 0.308500 0.019000 0.020000
0 0.187000 0.724500 0.009000 0.010000
0 0.438000 0.440500 0.015000 0.013000
0 0.569000 0.729250 0.011000 0.011500
0 0.211500 0.332500 0.018000 0.017000
0 0.703000 0.792000 0.018000 0.024000
0 0.600000 0.201500 0.017000 0.015000
0 0.527000 0.381000 0.010000 0.010000
0 0.779000 0.778500 0.019000 0.022000
0 0.530000 0.283500 0.020000 0.012000
0 0.511000 0.878000 0.016000 0.018000
0 0.371000 0.375500 0.017000 0.017000
0 0.656000 0.789000 0.012000 0.011000
0 0.776500 0.292500 0.024000 0.022000
0 0.481500 0.438500 0.016000 0.011000
0 0.494500 0.550500 0.027000 0.027000
0 0.705500 0.334000 0.022000 0.023000
0 0.595500 0.337000 0.025000 0.026000
0 0.774500 0.663500 0.011000 0.010000
0 0.452500 0.449000 0.030000 0.034000
0 0.628000 0.311500 0.013000 0.012000
0 0.432500 0.490000 0.026000 0.022000
0 0.451500 0.276000 0.020000 0.017000
0 0.496500 0.791500 0.017000 0.016000
0 0.248000 0.521000 0.017000 0.021000
0 0.265500 0.314000 0.012000 0.018000
0 0.527000 0.498000 0.024000 0.023000
0 0.323000 0.370000 0.009000 0.013000
0 0.199000 0.222500 0.021000 0.024000
0 0.243500 0.642500 0.012000 0.012000
0 0.357500 0.392500 0.024000 0.016000
0 0.389000 0.114500 0.023000 0.023000
0 0.755000 0.460000 0.023000 0.016000
0 0.470500 0.405000 0.018000 0.016000
0 0.345000 0.749500 0.022000 0.031000
0 0.665500 0.483000 0.019000 0.019000
0 0.684500 0.602000 0.012000 0.012000
0 0.555500 0.556000 0.020000 0.021000
0 0.418000 0.542000 0.017000 0.013000
0 0.784500 0.589000 0.014000 0.016000
0 0.753000 0.594500 0.017000 0.021000
0 0.539750 0.465500 0.026500 0.020000
0 0.506000 0.632000 0.025000 0.030000
0 0.461000 0.499500 0.013000 0.019000
0 0.350500 0.729000 0.016000 0.017000
0 0.505500 0.601000 0.028000 0.033000
0 0.736500 0.721000 0.023000 0.024000
0 0.486000 0.490000 0.022000 0.022000
0 0.447000 0.139000 0.030000 0.025000
0 0.296500 0.449000 0.027000 0.022000
0 0.319500 0.257500 0.023000 0.020000
0 0.274500 0.348000 0.019000 0.018000
0 0.679500 0.636500 0.027000 0.027000
0 0.827000 0.725500 0.022000 0.022000
0 0.157500 0.595000 0.029000 0.027000
0 0.272000 0.204000 0.017000 0.013000
0 0.193500 0.758500 0.013000 0.013000
0 0.515000 0.551500 0.034000 0.027000
0 0.668500 0.753500 0.021000 0.021000
0 0.290500 0.216500 0.024000 0.025000
0 0.214000 0.562000 0.021000 0.017000
0 0.402000 0.339000 0.025000 0.025000
0 0.425500 0.144000 0.013000 0.017000
0 0.434000 0.334000 0.020000 0.024000
0 0.507000 0.504000 0.035000 0.033000
0 0.512500 0.260500 0.014000 0.016000
0 0.400500 0.593000 0.025000 0.026000
0 0.536000 0.748000 0.014000 0.015000
0 0.808000 0.586500 0.023000 0.019000
0 0.289000 0.201000 0.021000 0.020000
0 0.602000 0.415500 0.018000 0.022000
0 0.604000 0.883500 0.023000 0.027000
0 0.593500 0.665000 0.024000 0.024000
0 0.520000 0.535000 0.017000 0.015000
0 0.487000 0.877000 0.025000 0.023000
0 0.665000 0.860500 0.028000 0.023000
0 0.371500 0.704500 0.018000 0.024000
0 0.280000 0.568000 0.015000 0.009000
0 0.372000 0.147000 0.025000 0.026000
0 0.645000 0.435000 0.019000 0.018000
0 0.462500 0.756000 0.030000 0.029000
0 0.428000 0.528500 0.027000 0.023000
0 0.484000 0.302000 0.028000 0.033000
0 0.372000 0.618000 0.019000 0.019000
0 0.625500 0.681500 0.032000 0.025000
0 0.437500 0.382000 0.008000 0.009000
0 0.198000 0.281000 0.012000 0.011000
0 0.106500 0.642500 0.031000 0.022000
0 0.538000 0.761500 0.017000 0.012000
0 0.766500 0.247000 0.027000 0.028000
0 0.473500 0.548000 0.027000 0.019000
0 0.460000 0.407500 0.021000 0.020000
0 0.431500 0.596500 0.024000 0.028000
0 0.258000 0.615500 0.015000 0.016000
0 0.591000 0.430000 0.014000 0.012000
0 0.637500 0.515500 0.016000 0.012000
0 0.495000 0.512000 0.014000 0.014000
0 0.463500 0.727500 0.026000 0.034000
0 0.820500 0.323000 0.018000 0.015000
0 0.402000 0.794000 0.024000 0.019000
0 0.631000 0.589500 0.023000 0.020000
0 0.445500 0.723000 0.022000 0.033000
0 0.287000 0.318500 0.021000 0.017000
0 0.310000 0.515500 0.012000 0.009000
0 0.425000 0.366500 0.018000 0.023000
0 0.891500 0.378500 0.019000 0.016000
0 0.614500 0.561500 0.017000 0.019000
0 0.301500 0.211000 0.024000 0.029000
0 0.425000 0.415000 0.022000 0.022000
0 0.500000 0.499500 0.017000 0.017000
0 0.441500 0.630500 0.029000 0.033000
0 0.641500 0.119500 0.023000 0.025000
0 0.430500 0.312500 0.014000 0.014000
0 0.844500 0.732500 0.026000 0.028000
0 0.648500 0.571500 0.014000 0.015000
0 0.677000 0.333000 0.033000 0.023000
0 0.777000 0.583500 0.010000 0.010000
0 0.255250 0.591000 0.023500 0.019000
0 0.758500 0.253000 0.025000 0.025000
0 0.163000 0.520500 0.028000 0.028000
0 0.187000 0.604500 0.024000 0.024000
0 0.592500 0.570500 0.012000 0.013000
0 0.489000 0.500000 0.014000 0.018000
0 0.719500 0.342500 0.019000 0.021000
0 0.372000 0.271000 0.018000 0.020000
0 0.356000 0.438000 0.018000 0.021000
0 0.391000 0.655500 0.027000 0.035000
0 0.108500 0.629000 0.024000 0.022000
0 0.388500 0.281000 0.018000 0.017000
0 0.571500 0.536500 0.015000 0.014000
0 0.481000 0.575000 0.019000 0.017000
0 0.415000 0.702500 0.021000 0.021000
0 0.304500 0.475000 0.018000 0.019000
0 0.289500 0.640000 0.015000 0.015000
0 0.522250 0.520500 0.023500 0.016000
0 0.627000 0.319000 0.011000 0.011000
0 0.675500 0.457000 0.016000 0.018000
0 0.193500 0.273500 0.033000 0.028000
0 0.101500 0.540000 0.013000 0.018000
0 0.444000 0.434500 0.017000 0.020000
0 0.573000 0.209500 0.018000 0.020000
0 0.553500 0.803000 0.018000 0.010000
0 0.681000 0.579500 0.011000 0.011000
0 0.319250 0.510000 0.023500 0.020000
0 0.536500 0.477000 0.028000 0.029000
0 0.624500 0.489000 0.016000 0.015000
0 0.359000 0.628000 0.024000 0.025000
0 0.497000 0.433000 0.015000 0.018000
0 0.430500 0.794500 0.027000 0.025000
0 0.184500 0.553500 0.017000 0.016000
0 0.465500 0.636500 0.009000 0.012000
0 0.262000 0.548500 0.025000 0.018000
0 0.667000 0.161500 0.031000 0.029000
0 0.772000 0.791000 0.024000 0.025000
0 0.494500 0.494000 0.027000 0.026000
0 0.479500 0.238500 0.028000 0.028000
0 0.771500 0.306000 0.018000 0.019000
0 0.473000 0.530500 0.010000 0.010000
0 0.548500 0.677000 0.020000 0.017000
0 0.546500 0.238000 0.019000 0.020000
0 0.482000 0.266000 0.026000 0.022000
0 0.504000 0.396500 0.018000 0.021000
0 0.587500 0.607000 0.022000 0.023000
0 0.513000 0.515500 0.022000 0.013000
0 0.798000 0.403000 0.025000 0.030000
0 0.740500 0.216000 0.020000 0.019000
0 0.792000 0.419000 0.016000 0.026000
0 0.452000 0.199500 0.013000 0.015000
0 0.511000 0.497500 0.016000 0.015000
0 0.325500 0.307500 0.030000 0.023000
0 0.612500 0.268500 0.012000 0.022000
0 0.690500 0.133500 0.026000 0.032000
0 0.496000 0.470000 0.014000 0.011000
0 0.557000 0.539500 0.028000 0.025000
0 0.310500 0.610000 0.030000 0.031000
0 0.335000 0.460500 0.011000 0.015000
0 0.587000 0.673000 0.016000 0.016000
0 0.393000 0.329000 0.027000 0.032000
0 0.892500 0.544000 0.010000 0.012000
0 0.272500 0.628000 0.022000 0.024000
0 0.579000 0.426000 0.015000 0.011000
0 0.811250 0.494250 0.022500 0.023500
0 0.329000 0.648000 0.015000 0.016000
0 0.858000 0.664000 0.015000 0.015000
0 0.455000 0.318500 0.018000 0.019000
0 0.714250 0.257250 0.030500 0.030500
0 0.289000 0.590500 0.022000 0.024000
0 0.243000 0.255500 0.019000 0.014000
0 0.674500 0.371000 0.013000 0.016000
0 0.779500 0.694000 0.017000 0.017000
0 0.400500 0.619500 0.032000 0.033000
0 0.107500 0.495000 0.014000 0.014000
0 0.686000 0.841000 0.027000 0.023000
0 0.630500 0.557500 0.027000 0.027000
0 0.557000 0.617000 0.017000 0.016000
0 0.339500 0.173500 0.018000 0.019000
0 0.581500 0.852000 0.020000 0.017000
0 0.363000 0.751500 0.012000 0.013000
0 0.407500 0.766000 0.008000 0.008000
0 0.382000 0.583000 0.012000 0.022000
0 0.538500 0.535500 0.029000 0.028000
0 0.860250 0.598500 0.029500 0.020000
0 0.759000 0.413500 0.027000 0.032000
0 0.627500 0.297000 0.020000 0.024000
0 0.260500 0.691000 0.017000 0.023000
0 0.637000 0.451500 0.030000 0.021000
0 0.153500 0.394000 0.032000 0.021000
0 0.556500 0.401500 0.016000 0.011000
0 0.319500 0.486500 0.022000 0.028000
0 0.694500 0.130500 0.017000 0.017000
0 0.451000 0.518500 0.008000 0.015000
0 0.800500 0.255500 0.017000 0.017000
0 0.213000 0.431000 0.020000 0.020000
0 0.545000 0.598000 0.015000 0.017000
0 0.524000 0.539500 0.021000 0.019000
0 0.528000 0.487000 0.015000 0.015000
0 0.519000 0.388000 0.027000 0.036000
0 0.446000 0.111500 0.020000 0.012000
0 0.657500 0.516000 0.021000 0.019000
0 0.515000 0.647000 0.027000 0.027000
0 0.654500 0.366500 0.016000 0.015000
0 0.564500 0.327000 0.025000 0.021000
0 0.607500 0.637500 0.025000 0.023000
0 0.402000 0.525500 0.019000 0.022000
0 0.491500 0.812000 0.029000 0.027000
0 0.461000 0.459000 0.009000 0.012000
0 0.177500 0.656000 0.033000 0.031000
0 0.645000 0.355000 0.013000 0.012000
0 0.508500 0.470500 0.025000 0.020000
0 0.486000 0.678250 0.018000 0.023500
0 0.556000 0.491500 0.015000 0.015000
0 0.499500 0.562500 0.017000 0.014000
0 0.880500 0.379000 0.014000 0.019000
0 0.408750 0.808000 0.023500 0.016000
0 0.730500 0.386000 0.017000 0.018000
0 0.658500 0.380000 0.017000 0.019000
0 0.368500 0.333500 0.027000 0.027000
0 0.503500 0.444000 0.023000 0.026000
0 0.413500 0.552000 0.020000 0.017000
0 0.453500 0.675000 0.024000 0.025000
0 0.508500 0.782500 0.015000 0.017000
0 0.586000 0.482500 0.015000 0.021000
0 0.520500 0.408500 0.024000 0.020000
0 0.807500 0.406000 0.020000 0.023000
0 0.453500 0.488000 0.017000 0.022000
0 0.354500 0.314000 0.026000 0.029000
0 0.417500 0.669500 0.030000 0.030000
0 0.739000 0.579000 0.028000 0.028000
0 0.442000 0.832500 0.018000 0.017000
0 0.625500 0.770000 0.012000 0.013000
0 0.407500 0.512500 0.010000 0.011000
0 0.503500 0.366500 0.012000 0.014000
0 0.497500 0.371000 0.016000 0.017000
0 0.269000 0.740000 0.023000 0.024000
0 0.681500 0.549500 0.017000 0.018000
0 0.740500 0.491500 0.013000 0.012000
0 0.382000 0.826000 0.022000 0.019000
0 0.462000 0.541000 0.028000 0.019000
0 0.452000 0.499500 0.017000 0.032000
0 0.373000 0.196000 0.027000 0.024000
0 0.511000 0.819500 0.012000 0.018000
0 0.528500 0.364500 0.025000 0.026000
0 0.277500 0.538000 0.025000 0.028000
0 0.514500 0.328000 0.020000 0.019000
0 0.327500 0.527500 0.012000 0.009000
0 0.118500 0.623500 0.024000 0.026000
0 0.272500 0.832500 0.030000 0.027000
0 0.456500 0.429500 0.014000 0.016000
0 0.790000 0.762500 0.012000 0.011000
0 0.577000 0.162500 0.015000 0.019000
0 0.498500 0.537000 0.025000 0.017000
0 0.200000 0.607000 0.022000 0.031000
0 0.677000 0.261000 0.010000 0.010000
0 0.540500 0.609500 0.018000 0.015000
0 0.594500 0.651500 0.017000 0.017000
0 0.703500 0.525500 0.018000 0.017000
0 0.788000 0.367000 0.021000 0.024000
0 0.358000 0.759000 0.021000 0.021000
0 0.411500 0.478500 0.014000 0.012000
0 0.379500 0.391000 0.012000 0.012000
0 0.498500 0.610500 0.024000 0.020000
0 0.528500 0.479000 0.016000 0.012000
0 0.529000 0.326000 0.026000 0.026000
0 0.424500 0.601000 0.015000 0.015000
0 0.224250 0.435000 0.017500 0.014000
0 0.575000 0.595500 0.032000 0.025000
0 0.337000 0.429500 0.016000 0.011000
0 0.249000 0.313500 0.020000 0.022000
0 0.835500 0.480000 0.023000 0.025000
0 0.283500 0.708000 0.025000 0.031000
0 0.606000 0.517500 0.013000 0.012000
0 0.455500 0.550500 0.021000 0.021000
0 0.765000 0.384750 0.010000 0.011500
0 0.560000 0.696000 0.019000 0.020000
0 0.446000 0.263000 0.013000 0.010000
0 0.700000 0.543000 0.026000 0.026000
0 0.420500 0.342000 0.025000 0.023000
0 0.423000 0.509000 0.016000 0.013000
0 0.354500 0.558500 0.017000 0.019000
0 0.710750 0.630000 0.017500 0.015000
0 0.247000 0.595000 0.017000 0.016000
0 0.366500 0.625500 0.012000 0.011000
0 0.209000 0.252500 0.024000 0.019000
0 0.649000 0.244000 0.012000 0.013000
0 0.324500 0.750500 0.018000 0.017000
0 0.574000 0.542000 0.025000 0.024000
0 0.256000 0.500000 0.036000 0.035000
0 0.509500 0.377000 0.021000 0.029000
0 0.399000 0.269000 0.013000 0.015000
0 0.695500 0.727000 0.025000 0.024000
0 0.625500 0.531000 0.018000 0.015000
0 0.478500 0.514500 0.016000 0.012000
0 0.439500 0.685500 0.012000 0.016000
0 0.547500 0.298000 0.017000 0.017000
0 0.322500 0.219000 0.018000 0.020000
0 0.672000 0.714500 0.033000 0.031000
0 0.783500 0.625500 0.017000 0.017000
0 0.334000 0.668000 0.018000 0.018000
0 0.289500 0.452500 0.033000 0.027000
0 0.118000 0.543000 0.025000 0.028000
0 0.542000 0.163000 0.014000 0.018000
0 0.551000 0.314000 0.022000 0.021000
0 0.398000 0.245000 0.029000 0.030000
0 0.274500 0.467500 0.016000 0.016000
0 0.515000 0.357500 0.022000 0.022000
0 0.605500 0.457500 0.017000 0.019000