0 0.777000 0.587250 0.015000 0.020500
0 0.356500 0.448500 0.016000 0.016000
0 0.513000 0.835000 0.019000 0.020000
0 0.486500 0.691000 0.029000 0.030000
0 0.541500 0.398500 0.008000 0.009000
0 0.440500 0.712500 0.011000 0.010000
0 0.478500 0.454000 0.015000 0.013000
0 0.485000 0.519000 0.014000 0.011000
0 0.729500 0.430500 0.009000 0.009000
0 0.496500 0.854000 0.013000 0.013000
0 0.511500 0.494500 0.019000 0.019000
0 0.571000 0.455500 0.022000 0.015000
0 0.344500 0.260000 0.027000 0.020000
0 0.540000 0.548000 0.032000 0.027000
0 0.407000 0.640500 0.026000 0.020000
0 0.427500 0.406000 0.018000 0.016000
0 0.836500 0.380000 0.017000 0.017000
0 0.775000 0.319500 0.020000 0.023000
0 0.830000 0.325500 0.033000 0.030000
0 0.572500 0.389500 0.020000 0.017000
0 0.840750 0.465500 0.014500 0.011000
0 0.323500 0.512000 0.014000 0.012000
0 0.209500 0.338500 0.020000 0.017000
0 0.526000 0.584500 0.025000 0.027000
0 0.587000 0.328000 0.029000 0.025000
0 0.753000 0.290500 0.013000 0.016000
0 0.186000 0.746000 0.017000 0.018000
0 0.573500 0.226000 0.026000 0.027000
0 0.559000 0.528000 0.020000 0.021000
0 0.176000 0.450500 0.014000 0.013000
0 0.463000 0.441500 0.017000 0.022000
0 0.261500 0.378750 0.014000 0.020500
0 0.354000 0.381000 0.020000 0.017000
0 0.803000 0.288500 0.021000 0.015000
0 0.491500 0.635500 0.020000 0.011000
0 0.444500 0.112000 0.029000 0.029000
0 0.472000 0.465000 0.024000 0.021000
0 0.739000 0.226000 0.017000 0.016000
0 0.467500 0.233000 0.026000 0.023000
0 0.576000 0.700000 0.023000 0.022000
0 0.477000 0.265500 0.020000 0.018000
0 0.417500 0.843000 0.012000 0.012000
0 0.532500 0.793000 0.025000 0.025000
0 0.161000 0.592500 0.015000 0.017000
0 0.426000 0.192500 0.015000 0.011000
0 0.715250 0.338250 0.019500 0.019500
0 0.499000 0.605000 0.009000 0.009000
0 0.536500 0.566500 0.023000 0.014000
0 0.860250 0.357000 0.020500 0.020000
0 0.203000 0.241500 0.011000 0.011000
0 0.858000 0.415500 0.024000 0.022000
0 0.193500 0.786000 0.022000 0.019000
0 0.673500 0.267500 0.020000 0.021000
0 0.594000 0.640000 0.029000 0.028000
0 0.374000 0.485500 0.026000 0.024000
0 0.167000 0.500000 0.017000 0.018000
0 0.721000 0.416000 0.021000 0.022000
0 0.271500 0.318000 0.013000 0.013000
0 0.805000 0.756000 0.019000 0.015000
0 0.737500 0.561500 0.017000 0.018000
0 0.508500 0.514000 0.016000 0.022000
0 0.379500 0.420000 0.016000 0.017000
0 0.485500 0.491000 0.013000 0.013000
0 0.262000 0.280500 0.022000 0.022000
0 0.500000 0.499000 0.023000 0.023000
0 0.621000 0.658000 0.023000 0.025000
0 0.363000 0.440000 0.024000 0.024000
0 0.504500 0.487500 0.012000 0.012000
0 0.623500 0.788500 0.030000 0.020000
0 0.884000 0.356500 0.015000 0.017000
0 0.217500 0.361000 0.029000 0.035000
0 0.490000 0.325000 0.009000 0.014000
0 0.843500 0.487000 0.021000 0.023000
0 0.402500 0.185000 0.031000 0.025000
0 0.284000 0.603000 0.022000 0.027000
0 0.502000 0.479000 0.028000 0.025000
0 0.503500 0.448000 0.019000 0.018000
0 0.279500 0.710000 0.015000 0.009000
0 0.852500 0.458750 0.019000 0.017500
0 0.860000 0.561000 0.016000 0.021000
0 0.477000 0.516000 0.030000 0.030000
0 0.476000 0.521500 0.009000 0.008000
0 0.338000 0.692500 0.009000 0.014000
0 0.536000 0.602000 0.017000 0.017000
0 0.653500 0.735000 0.018000 0.016000
0 0.560000 0.495000 0.028000 0.020000
0 0.798500 0.434500 0.031000 0.028000
0 0.312000 0.505000 0.023000 0.019000
0 0.709500 0.440000 0.013000 0.012000
0 0.383000 0.205000 0.020000 0.025000
0 0.535000 0.465000 0.020000 0.023000
0 0.369500 0.512000 0.022000 0.019000
0 0.813000 0.499500 0.022000 0.028000
0 0.619500 0.540500 0.019000 0.017000
0 0.510000 0.464000 0.017000 0.020000
0 0.421000 0.558000 0.025000 0.026000
0 0.559000 0.253000 0.034000 0.034000
0 0.476000 0.372500 0.011000 0.013000
0 0.474500 0.494000 0.015000 0.016000
0 0.723500 0.242000 0.023000 0.025000
0 0.193000 0.639000 0.014000 0.023000
0 0.427500 0.391000 0.020000 0.022000
0 0.753000 0.693000 0.029000 0.026000
0 0.335250 0.244000 0.023500 0.016000
0 0.468500 0.419500 0.024000 0.021000
0 0.178500 0.347500 0.019000 0.019000
0 0.741000 0.262000 0.013000 0.013000
0 0.270000 0.572000 0.020000 0.018000
0 0.356000 0.295000 0.011000 0.008000
0 0.780000 0.412000 0.016000 0.016000
0 0.374500 0.471500 0.014000 0.022000
0 0.533500 0.769500 0.025000 0.017000
0 0.197500 0.623500 0.012000 0.012000
0 0.532500 0.494000 0.012000 0.012000
0 0.321000 0.508500 0.023000 0.024000
0 0.445000 0.842000 0.021000 0.025000
0 0.205000 0.645000 0.018000 0.016000
0 0.594500 0.356500 0.021000 0.019000
0 0.545000 0.209000 0.015000 0.014000
0 0.375500 0.274500 0.024000 0.029000
0 0.542000 0.874000 0.025000 0.019000
0 0.112000 0.527500 0.018000 0.017000
0 0.145000 0.383500 0.011000 0.012000
0 0.337500 0.356000 0.011000 0.012000
0 0.408500 0.518000 0.030000 0.030000
0 0.481500 0.195000 0.025000 0.023000
0 0.233500 0.618000 0.020000 0.022000
0 0.667500 0.496000 0.010000 0.009000
0 0.794750 0.632500 0.023500 0.018000
0 0.293500 0.286500 0.014000 0.018000
0 0.320000 0.291500 0.030000 0.021000
0 0.338500 0.288500 0.017000 0.016000
0 0.408500 0.786000 0.010000 0.017000
0 0.536500 0.176500 0.013000 0.015000
0 0.236000 0.322000 0.014000 0.012000
0 0.142500 0.669000 0.021000 0.019000
0 0.451000 0.862500 0.022000 0.022000
0 0.351500 0.323500 0.017000 0.013000
0 0.390000 0.260000 0.022000 0.021000
0 0.547000 0.552500 0.013000 0.011000
0 0.370500 0.392000 0.019000 0.020000
0 0.637000 0.373500 0.012000 0.014000
0 0.864000 0.636500 0.026000 0.022000
0 0.496000 0.472500 0.027000 0.021000
0 0.639000 0.773500 0.010000 0.012000
0 0.493500 0.491500 0.009000 0.011000
0 0.231500 0.611000 0.018000 0.015000
0 0.246000 0.441000 0.021000 0.018000
0 0.294500 0.395500 0.022000 0.020000
0 0.292500 0.187000 0.013000 0.013000
0 0.434500 0.391000 0.025000 0.019000
0 0.417000 0.534500 0.023000 0.023000
0 0.664500 0.841000 0.015000 0.016000
0 0.763500 0.175000 0.031000 0.032000
0 0.735000 0.215000 0.017000 0.016000
0 0.436500 0.482500 0.017000 0.016000
0 0.312000 0.142750 0.018000 0.017500
0 0.499000 0.563000 0.017000 0.017000
0 0.449500 0.493000 0.025000 0.024000
0 0.574500 0.628500 0.023000 0.024000
0 0.563000 0.728500 0.032000 0.024000
0 0.687000 0.753000 0.020000 0.020000
0 0.719000 0.772000 0.022000 0.022000
0 0.334500 0.395500 0.019000 0.014000
0 0.694500 0.261500 0.021000 0.027000
0 0.272500 0.216500 0.025000 0.027000
0 0.751500 0.447500 0.017000 0.016000
0 0.360000 0.759500 0.017000 0.012000
0 0.540000 0.863000 0.018000 0.019000
0 0.520000 0.561500 0.012000 0.010000
0 0.358500 0.588000 0.017000 0.015000
0 0.420500 0.507000 0.016000 0.009000
0 0.740000 0.162000 0.021000 0.026000
0 0.368500 0.384000 0.018000 0.014000
0 0.669000 0.488000 0.013000 0.016000
0 0.191500 0.587500 0.031000 0.030000
0 0.489000 0.546500 0.021000 0.022000
0 0.636000 0.792500 0.012000 0.009000
0 0.431000 0.772000 0.022000 0.019000
0 0.490500 0.502500 0.020000 0.021000
0 0.685250 0.745500 0.023500 0.017000
0 0.638000 0.509500 0.029000 0.022000
0 0.124000 0.408500 0.014000 0.015000
0 0.756000 0.781000 0.019000 0.014000
0 0.443500 0.459000 0.030000 0.031000
0 0.212000 0.690500 0.024000 0.028000
0 0.527000 0.670000 0.019000 0.020000
0 0.586500 0.445500 0.022000 0.024000
0 0.497500 0.488000 0.018000 0.018000
0 0.618000 0.339000 0.014000 0.016000
0 0.375250 0.524000 0.020500 0.020000
0 0.786500 0.740500 0.024000 0.023000
0 0.501000 0.513000 0.021000 0.019000
0 0.386500 0.721500 0.035000 0.023000
0 0.347500 0.280000 0.012000 0.011000
0 0.394000 0.441500 0.014000 0.015000
0 0.345000 0.660000 0.019000 0.016000
0 0.307500 0.544500 0.023000 0.028000
0 0.563000 0.434250 0.017000 0.017500
0 0.438000 0.447000 0.023000 0.026000
0 0.345000 0.885500 0.025000 0.025000
0 0.432500 0.398500 0.017000 0.019000
0 0.546500 0.760500 0.017000 0.019000
0 0.710500 0.454500 0.013000 0.009000
0 0.486000 0.494500 0.010000 0.010000
0 0.581000 0.528500 0.016000 0.017000
0 0.637500 0.132500 0.022000 0.021000
0 0.585000 0.382500 0.020000 0.019000
0 0.517750 0.504500 0.011500 0.009000
0 0.522000 0.367500 0.013000 0.018000
0 0.502000 0.085000 0.014000 0.020000
0 0.142000 0.296500 0.026000 0.029000
0 0.407500 0.701000 0.019000 0.017000
0 0.728500 0.228000 0.027000 0.030000
0 0.474000 0.703000 0.017000 0.016000
0 0.358500 0.186500 0.020000 0.022000
0 0.754000 0.584500 0.021000 0.020000
0 0.464000 0.396000 0.009000 0.011000
0 0.755250 0.473750 0.024500 0.024500
0 0.435000 0.473500 0.015000 0.013000
0 0.900000 0.514500 0.020000 0.014000
0 0.239500 0.329000 0.022000 0.024000
0 0.418000 0.751500 0.017000 0.016000
0 0.537000 0.324500 0.016000 0.012000
0 0.402500 0.274000 0.022000 0.019000
0 0.497500 0.660000 0.022000 0.022000
0 0.709500 0.553500 0.021000 0.024000
0 0.492500 0.756000 0.017000 0.017000
0 0.617000 0.573000 0.010000 0.017000
0 0.593000 0.095500 0.017000 0.013000
0 0.201500 0.456500 0.026000 0.018000
0 0.499500 0.412000 0.017000 0.017000
0 0.886500 0.606500 0.019000 0.020000
0 0.519000 0.524000 0.015000 0.016000
0 0.671500 0.193500 0.024000 0.025000
0 0.292250 0.662000 0.026500 0.018000
0 0.642500 0.534500 0.025000 0.025000
0 0.287000 0.457500 0.012000 0.014000
0 0.466500 0.511500 0.017000 0.014000
0 0.530500 0.436500 0.024000 0.029000
0 0.717000 0.400000 0.017000 0.021000
0 0.276000 0.322000 0.016000 0.017000
0 0.866000 0.466500 0.017000 0.025000
0 0.525500 0.734000 0.027000 0.025000
0 0.611500 0.586750 0.011000 0.014500
0 0.324500 0.840500 0.012000 0.014000
0 0.570000 0.423000 0.021000 0.022000
0 0.806000 0.314000 0.018000 0.018000
0 0.499000 0.551000 0.015000 0.015000
0 0.313000 0.398000 0.019000 0.024000
0 0.642000 0.249500 0.029000 0.017000
0 0.751500 0.175000 0.024000 0.022000
0 0.446000 0.642000 0.016000 0.020000
0 0.618500 0.560500 0.014000 0.012000
0 0.735000 0.402500 0.011000 0.010000
0 0.865000 0.506500 0.013000 0.010000
0 0.323500 0.244500 0.020000 0.016000
0 0.144000 0.316000 0.019000 0.019000
0 0.281000 0.266500 0.016000 0.016000
0 0.436000 0.264000 0.017000 0.019000
0 0.423500 0.604500 0.021000 0.018000
0 0.537500 0.534000 0.025000 0.018000
0 0.417000 0.775000 0.022000 0.020000
0 0.372000 0.729500 0.022000 0.025000
0 0.650000 0.421000 0.013000 0.013000
0 0.631000 0.578500 0.011000 0.012000
0 0.334000 0.561000 0.014000 0.018000
0 0.192000 0.478500 0.020000 0.025000
0 0.325500 0.120000 0.028000 0.024000
0 0.578500 0.367500 0.016000 0.012000
0 0.759500 0.660000 0.022000 0.028000
0 0.546000 0.457500 0.016000 0.014000
0 0.218000 0.749500 0.016000 0.019000
0 0.510000 0.332000 0.020000 0.018000
0 0.237500 0.734000 0.027000 0.028000
0 0.584000 0.564500 0.012000 0.016000
0 0.825000 0.332500 0.024000 0.024000
0 0.483500 0.517000 0.021000 0.019000
0 0.523500 0.085000 0.020000 0.018000
0 0.625000 0.711500 0.024000 0.018000
0 0.295500 0.545000 0.016000 0.012000
0 0.798000 0.692000 0.032000 0.026000
0 0.411500 0.444000 0.009000 0.009000
0 0.537000 0.855500 0.028000 0.022000
0 0.533500 0.478000 0.026000 0.022000
0 0.356000 0.718500 0.032000 0.027000
0 0.453000 0.635000 0.019000 0.015000
0 0.535500 0.402500 0.019000 0.018000
0 0.499500 0.620500 0.010000 0.009000
0 0.149500 0.490500 0.014000 0.011000
0 0.527000 0.488000 0.023000 0.019000
0 0.323500 0.533500 0.021000 0.025000
0 0.445500 0.519000 0.034000 0.035000
0 0.503000 0.406500 0.014000 0.012000
0 0.560500 0.570000 0.021000 0.019000
0 0.428500 0.346500 0.023000 0.029000
0 0.612500 0.710000 0.016000 0.023000
0 0.417500 0.263000 0.027000 0.032000
0 0.474000 0.557000 0.024000 0.033000
0 0.286000 0.791000 0.015000 0.014000
0 0.623500 0.537000 0.019000 0.020000
0 0.592500 0.502000 0.020000 0.020000
0 0.316500 0.174000 0.016000 0.021000
0 0.487000 0.454500 0.030000 0.029000
0 0.432500 0.842000 0.026000 0.021000
0 0.596500 0.744000 0.022000 0.022000
0 0.412000 0.571000 0.018000 0.031000
0 0.746000 0.779000 0.011000 0.009000
0 0.340000 0.819500 0.011000 0.009000
0 0.686000 0.528500 0.019000 0.018000
0 0.579000 0.292000 0.014000 0.016000
0 0.800000 0.531000 0.019000 0.020000
0 0.422000 0.883000 0.023000 0.023000
0 0.303000 0.319000 0.016000 0.011000
0 0.457500 0.575000 0.015000 0.017000
0 0.874000 0.320000 0.020000 0.018000
0 0.763000 0.450500 0.024000 0.024000
0 0.292500 0.690000 0.013000 0.016000
0 0.383500 0.609000 0.013000 0.013000
0 0.320000 0.481500 0.024000 0.024000
0 0.301000 0.511500 0.015000 0.020000
0 0.132500 0.555000 0.015000 0.014000
0 0.844500 0.732000 0.013000 0.015000
0 0.425000 0.522000 0.012000 0.014000
0 0.702000 0.576500 0.019000 0.030000
0 0.241500 0.349500 0.028000 0.023000
0 0.424500 0.182000 0.020000 0.024000
0 0.526000 0.199500 0.023000 0.031000
0 0.484000 0.524000 0.023000 0.021000
0 0.277000 0.430000 0.019000 0.019000
0 0.433000 0.411500 0.015000 0.019000
0 0.505000 0.833500 0.019000 0.019000
0 0.555000 0.154000 0.026000 0.030000
0 0.550000 0.508500 0.024000 0.031000
0 0.364500 0.631000 0.020000 0.019000
0 0.521000 0.646500 0.015000 0.023000
0 0.600500 0.834000 0.016000 0.013000
0 0.671500 0.580000 0.020000 0.025000
0 0.374500 0.673000 0.027000 0.026000
0 0.406000 0.850000 0.016000 0.016000
0 0.572500 0.814500 0.011000 0.011000
0 0.376000 0.258000 0.011000 0.017000
0 0.215000 0.781250 0.027000 0.029500
0 0.275000 0.597500 0.013000 0.017000
0 0.518000 0.424000 0.025000 0.022000
0 0.761500 0.340000 0.025000 0.015000
0 0.492000 0.831000 0.016000 0.016000
0 0.449500 0.328500 0.028000 0.026000
0 0.607000 0.432000 0.016000 0.014000
0 0.541000 0.545500 0.022000 0.020000
0 0.434500 0.318500 0.018000 0.014000
0 0.240500 0.761000 0.011000 0.010000
0 0.756000 0.605000 0.014000 0.020000
0 0.512500 0.862000 0.023000 0.023000
0 0.720000 0.594500 0.014000 0.013000
0 0.554000 0.427500 0.026000 0.025000
0 0.434000 0.505000 0.017000 0.012000
0 0.276000 0.349000 0.018000 0.016000
0 0.628000 0.637500 0.023000 0.023000
0 0.403000 0.484500 0.023000 0.022000
0 0.807000 0.368500 0.015000 0.013000
0 0.373000 0.567500 0.022000 0.022000
0 0.188000 0.767000 0.014000 0.015000
0 0.224500 0.533000 0.014000 0.012000
0 0.241000 0.428500 0.018000 0.019000
0 0.717500 0.467500 0.019000 0.017000
0 0.661500 0.731000 0.015000 0.011000
0 0.551000 0.448000 0.022000 0.026000
0 0.450000 0.527000 0.025000 0.026000
0 0.767500 0.684500 0.016000 0.016000
0 0.734500 0.648000 0.025000 0.028000
0 0.116000 0.372000 0.014000 0.023000
0 0.516500 0.478500 0.018000 0.023000
0 0.672500 0.592000 0.019000 0.035000
0 0.481500 0.329000 0.009000 0.011000
0 0.754000 0.194000 0.017000 0.017000
0 0.313000 0.211000 0.020000 0.020000
0 0.628000 0.427000 0.009000 0.011000
0 0.791000 0.542500 0.010000 0.009000
0 0.357500 0.175000 0.023000 0.025000
0 0.580500 0.321000 0.019000 0.017000
0 0.815500 0.262500 0.018000 0.018000
0 0.511500 0.503500 0.012000 0.017000
0 0.268000 0.507000 0.014000 0.012000
0 0.693500 0.708000 0.026000 0.027000
0 0.785000 0.374000 0.013000 0.014000
0 0.788000 0.599500 0.024000 0.028000
0 0.177000 0.566500 0.014000 0.013000
0 0.371000 0.655500 0.022000 0.019000
0 0.739500 0.466000 0.019000 0.022000
0 0.291500 0.676500 0.029000 0.031000
0 0.377000 0.321500 0.016000 0.011000
0 0.510500 0.352000 0.010000 0.012000
0 0.598000 0.881000 0.019000 0.021000
0 0.243000 0.756000 0.020000 0.021000
0 0.820500 0.625500 0.029000 0.028000
0 0.687500 0.858500 0.016000 0.011000
0 0.407000 0.458000 0.011000 0.011000
0 0.450500 0.602000 0.013000 0.014000
0 0.799500 0.408500 0.027000 0.028000
0 0.658000 0.190000 0.023000 0.026000
0 0.369500 0.332500 0.014000 0.015000
0 0.199000 0.573000 0.018000 0.018000
0 0.820500 0.635500 0.024000 0.023000
0 0.253000 0.689000 0.013000 0.013000
0 0.476500 0.417500 0.025000 0.029000
0 0.526000 0.623000 0.019000 0.020000
0 0.781000 0.523500 0.018000 0.019000
0 0.393000 0.886000 0.015000 0.019000
0 0.732500 0.612000 0.013000 0.011000
0 0.384500 0.310000 0.024000 0.022000
0 0.571500 0.687000 0.032000 0.032000
0 0.785500 0.334500 0.014000 0.013000
0 0.162000 0.378750 0.014000 0.017500
0 0.679500 0.642500 0.011000 0.011000
0 0.534000 0.507000 0.011000 0.011000
0 0.398000 0.537000 0.021000 0.029000
0 0.440500 0.567500 0.022000 0.024000
0 0.506000 0.703000 0.018000 0.013000
0 0.500500 0.517500 0.031000 0.026000
0 0.567500 0.622000 0.029000 0.023000
0 0.196000 0.252500 0.021000 0.024000
0 0.550000 0.480000 0.018000 0.018000
0 0.245500 0.540000 0.025000 0.023000
0 0.265500 0.460000 0.012000 0.021000
0 0.409000 0.324500 0.024000 0.030000
0 0.577000 0.475000 0.012000 0.012000
0 0.479000 0.615500 0.032000 0.033000
0 0.587500 0.555500 0.011000 0.010000
0 0.574000 0.252500 0.018000 0.020000
0 0.374000 0.407000 0.012000 0.012000
0 0.450500 0.628500 0.016000 0.019000
0 0.490000 0.569000 0.023000 0.024000
0 0.526500 0.459500 0.031000 0.024000
0 0.918000 0.473500 0.025000 0.019000
0 0.312000 0.462000 0.023000 0.021000
0 0.392000 0.695500 0.010000 0.009000
0 0.546500 0.495500 0.018000 0.015000
0 0.562500 0.591500 0.013000 0.012000
0 0.835000 0.286000 0.010000 0.010000
0 0.469500 0.478000 0.019000 0.025000
0 0.392000 0.313500 0.029000 0.025000
0 0.561500 0.746000 0.033000 0.023000
0 0.118500 0.535000 0.029000 0.028000
0 0.123000 0.452500 0.012000 0.013000
0 0.737500 0.795500 0.014000 0.017000
0 0.115000 0.657500 0.020000 0.016000
0 0.477000 0.387000 0.018000 0.021000
0 0.489000 0.101000 0.015000 0.014000
0 0.527500 0.409000 0.010000 0.015000
0 0.649500 0.487500 0.016000 0.015000
0 0.655500 0.788500 0.013000 0.012000
0 0.635000 0.761500 0.016000 0.017000
0 0.684500 0.288000 0.024000 0.024000
0 0.577500 0.647500 0.020000 0.016000
0 0.382500 0.506000 0.012000 0.011000
0 0.791000 0.570000 0.023000 0.022000
0 0.191500 0.531000 0.026000 0.020000
0 0.323000 0.763500 0.020000 0.020000
0 0.484000 0.564500 0.012000 0.010000
0 0.506500 0.491000 0.017000 0.015000
0 0.088500 0.444500 0.016000 0.018000
0 0.184000 0.709500 0.019000 0.015000
0 0.394000 0.409000 0.024000 0.031000
0 0.489000 0.524500 0.019000 0.021000
0 0.582500 0.608500 0.028000 0.024000
0 0.345000 0.517500 0.013000 0.014000
0 0.495000 0.396000 0.017000 0.016000
0 0.623500 0.719500 0.014000 0.014000
0 0.513000 0.597500 0.028000 0.020000
0 0.546000 0.473000 0.021000 0.026000
0 0.329500 0.147500 0.031000 0.032000
0 0.439500 0.746000 0.021000 0.020000
0 0.154000 0.438500 0.017000 0.017000
0 0.372000 0.587500 0.019000 0.019000
0 0.795000 0.605000 0.024000 0.027000
0 0.129000 0.672000 0.013000 0.012000
0 0.543000 0.470500 0.019000 0.022000
0 0.795500 0.455500 0.020000 0.018000
0 0.549500 0.330500 0.025000 0.026000
0 0.505000 0.426500 0.015000 0.012000
0 0.691000 0.535500 0.014000 0.017000
0 0.674250 0.239500 0.014500 0.010000
0 0.121500 0.630000 0.012000 0.009000
0 0.640500 0.467000 0.015000 0.016000
0 0.645500 0.572000 0.029000 0.030000
0 0.543500 0.774500 0.027000 0.019000
0 0.552500 0.690500 0.020000 0.020000
0 0.577500 0.620000 0.023000 0.027000
0 0.369000 0.414000 0.018000 0.016000
0 0.352500 0.853000 0.016000 0.017000
0 0.458500 0.474000 0.023000 0.023000
0 0.654000 0.460000 0.012000 0.012000
0 0.525000 0.431000 0.027000 0.031000
0 0.672000 0.647500 0.020000 0.019000
0 0.701500 0.513500 0.028000 0.030000
0 0.483500 0.656500 0.024000 0.022000
0 0.124000 0.442000 0.024000 0.018000
0 0.682000 0.662500 0.019000 0.018000
0 0.455000 0.588000 0.019000 0.017000
0 0.140000 0.533500 0.022000 0.020000
0 0.452000 0.767500 0.020000 0.022000
0 0.500500 0.494500 0.021000 0.021000
0 0.355000 0.227000 0.034000 0.024000
0 0.679000 0.140000 0.010000 0.013000
0 0.403500 0.612000 0.014000 0.011000
0 0.537500 0.715000 0.015000 0.017000
0 0.730500 0.565500 0.015000 0.013000
0 0.469500 0.777000 0.020000 0.022000