0 0.434000 0.302000 0.030000 0.026000
0 0.705500 0.204000 0.020000 0.025000
0 0.704000 0.610000 0.011000 0.015000
0 0.661000 0.859500 0.022000 0.032000
0 0.489000 0.437000 0.020000 0.016000
0 0.332000 0.181500 0.027000 0.025000
0 0.652000 0.546500 0.009000 0.013000
0 0.606000 0.172000 0.013000 0.013000
0 0.798000 0.690000 0.021000 0.023000
0 0.444500 0.507000 0.010000 0.014000
0 0.518500 0.507000 0.017000 0.016000
0 0.802000 0.667500 0.028000 0.028000
0 0.411000 0.476000 0.010000 0.010000
0 0.733500 0.270500 0.023000 0.019000
0 0.531000 0.476000 0.012000 0.013000
0 0.608000 0.150500 0.027000 0.017000
0 0.236500 0.541500 0.023000 0.026000
0 0.637500 0.415000 0.014000 0.016000
0 0.587500 0.838500 0.020000 0.020000
0 0.442000 0.478000 0.021000 0.017000
0 0.204000 0.721000 0.017000 0.017000
0 0.659500 0.341500 0.016000 0.015000
0 0.745000 0.597000 0.022000 0.022000
0 0.664500 0.305500 0.029000 0.028000
0 0.469000 0.481500 0.013000 0.014000
0 0.755500 0.656000 0.019000 0.018000
0 0.265000 0.337500 0.019000 0.027000
0 0.480500 0.601500 0.020000 0.019000
0 0.556500 0.542500 0.019000 0.023000
0 0.239500 0.563500 0.025000 0.017000
0 0.587000 0.520500 0.021000 0.018000
0 0.818000 0.392500 0.017000 0.020000
0 0.454000 0.393000 0.018000 0.015000
0 0.656500 0.734000 0.010000 0.014000
0 0.303000 0.304000 0.014000 0.014000
0 0.715500 0.359500 0.023000 0.022000
0 0.645500 0.666500 0.019000 0.018000
0 0.421000 0.534500 0.032000 0.030000
0 0.303000 0.405000 0.022000 0.018000
0 0.590500 0.642500 0.014000 0.020000
0 0.563000 0.171500 0.013000 0.012000
0 0.403500 0.518000 0.013000 0.022000
0 0.365500 0.215000 0.010000 0.011000
0 0.851500 0.553500 0.025000 0.022000
0 0.766000 0.679500 0.020000 0.019000
0 0.752500 0.753500 0.016000 0.018000
0 0.714500 0.519000 0.025000 0.019000
0 0.259000 0.347500 0.014000 0.015000
0 0.464000 0.308000 0.017000 0.019000
0 0.448000 0.133500 0.025000 0.019000
0 0.774000 0.774500 0.021000 0.020000
0 0.587250 0.505000 0.020500 0.015000
0 0.537500 0.686500 0.015000 0.017000
0 0.537500 0.525000 0.021000 0.015000
0 0.191500 0.594000 0.011000 0.015000
0 0.567000 0.680500 0.019000 0.017000
0 0.572000 0.278000 0.018000 0.014000
0 0.509000 0.532000 0.014000 0.012000
0 0.670500 0.219000 0.010000 0.011000
0 0.536000 0.590000 0.031000 0.023000
0 0.488500 0.736500 0.010000 0.014000
0 0.471500 0.490500 0.014000 0.014000
0 0.398000 0.358000 0.028000 0.022000
0 0.374000 0.413500 0.017000 0.014000
0 0.780000 0.524500 0.014000 0.013000
0 0.493500 0.805000 0.015000 0.015000
0 0.635500 0.523000 0.024000 0.023000
0 0.612000 0.530500 0.021000 0.019000
0 0.599500 0.541000 0.025000 0.024000
0 0.205500 0.646500 0.012000 0.013000
0 0.542000 0.402500 0.023000 0.021000
0 0.471000 0.288000 0.014000 0.013000
0 0.374500 0.739500 0.021000 0.023000
0 0.274000 0.661500 0.013000 0.012000
0 0.794000 0.302000 0.013000 0.015000
0 0.459500 0.539500 0.018000 0.020000
0 0.425500 0.573000 0.012000 0.011000
0 0.842000 0.648500 0.018000 0.013000
0 0.317000 0.207500 0.025000 0.024000
0 0.638000 0.639000 0.015000 0.013000
0 0.518500 0.420000 0.019000 0.018000
0 0.286500 0.619500 0.017000 0.018000
0 0.632000 0.450500 0.015000 0.013000
0 0.601000 0.625000 0.016000 0.015000
0 0.668000 0.632000 0.017000 0.020000
0 0.212000 0.503000 0.028000 0.031000
0 0.604500 0.186000 0.014000 0.014000
0 0.480000 0.397000 0.029000 0.026000
0 0.544500 0.570000 0.029000 0.027000
0 0.552500 0.527500 0.016000 0.012000
0 0.501000 0.453500 0.024000 0.018000
0 0.477000 0.638000 0.022000 0.028000
0 0.625000 0.521000 0.013000 0.013000
0 0.503000 0.501000 0.026000 0.026000
0 0.538500 0.411500 0.023000 0.021000
0 0.583000 0.161000 0.019000 0.022000
0 0.711000 0.513500 0.016000 0.014000
0 0.583500 0.684000 0.030000 0.028000
0 0.515500 0.448500 0.011000 0.012000
0 0.588000 0.552500 0.029000 0.026000
0 0.604500 0.500500 0.013000 0.013000
0 0.089500 0.525500 0.014000 0.016000
0 0.499000 0.396000 0.014000 0.015000
0 0.444500 0.417500 0.022000 0.023000
0 0.702750 0.295000 0.023500 0.017000
0 0.815500 0.334000 0.020000 0.025000
0 0.824500 0.498500 0.018000 0.011000
0 0.545000 0.527000 0.019000 0.018000
0 0.604500 0.897500 0.019000 0.018000
0 0.511500 0.494000 0.024000 0.020000
0 0.429000 0.589000 0.022000 0.015000
0 0.388000 0.606000 0.021000 0.012000
0 0.332500 0.770500 0.026000 0.031000
0 0.266500 0.362000 0.022000 0.028000
0 0.441000 0.451000 0.019000 0.022000
0 0.602500 0.800500 0.024000 0.026000
0 0.327500 0.431500 0.015000 0.014000
0 0.637500 0.495000 0.011000 0.010000
0 0.235000 0.653500 0.031000 0.029000
0 0.338000 0.611000 0.013000 0.012000
0 0.841000 0.665000 0.018000 0.018000
0 0.300000 0.798500 0.025000 0.020000
0 0.756500 0.802000 0.009000 0.012000
0 0.433000 0.488500 0.023000 0.023000
0 0.423500 0.441500 0.020000 0.022000
0 0.185500 0.390500 0.017000 0.019000
0 0.644500 0.260500 0.014000 0.015000
0 0.699500 0.661000 0.033000 0.032000
0 0.392000 0.512000 0.021000 0.024000
0 0.590000 0.293000 0.019000 0.017000
0 0.546000 0.701500 0.016000 0.011000
0 0.405500 0.653500 0.010000 0.011000
0 0.378000 0.583500 0.021000 0.024000
0 0.640500 0.213500 0.017000 0.020000
0 0.548000 0.434500 0.021000 0.020000
0 0.506500 0.203000 0.032000 0.023000
0 0.389000 0.288500 0.011000 0.012000
0 0.630000 0.652000 0.020000 0.020000
0 0.411500 0.432000 0.019000 0.018000
0 0.684000 0.651500 0.022000 0.016000
0 0.774500 0.202500 0.012000 0.019000
0 0.544500 0.116500 0.010000 0.016000
0 0.395000 0.745000 0.021000 0.019000
0 0.500500 0.501500 0.013000 0.010000
0 0.570500 0.681000 0.025000 0.028000
0 0.457000 0.141000 0.017000 0.019000
0 0.396500 0.402000 0.027000 0.030000
0 0.458500 0.701500 0.016000 0.012000
0 0.549000 0.474000 0.013000 0.016000
0 0.094000 0.482000 0.008000 0.008000
0 0.518500 0.540000 0.027000 0.024000
0 0.210000 0.632000 0.027000 0.029000
0 0.495500 0.508000 0.021000 0.017000
0 0.148500 0.345500 0.013000 0.014000
0 0.184000 0.286500 0.023000 0.024000
0 0.261000 0.683500 0.014000 0.015000
0 0.376000 0.558500 0.016000 0.015000
0 0.487000 0.497000 0.017000 0.016000
0 0.672500 0.608000 0.021000 0.027000
0 0.406000 0.324000 0.022000 0.019000
0 0.508000 0.467000 0.016000 0.014000
0 0.581500 0.856000 0.021000 0.026000
0 0.478000 0.462000 0.034000 0.033000
0 0.745000 0.569000 0.013000 0.016000
0 0.595000 0.440500 0.027000 0.027000
0 0.777500 0.370000 0.012000 0.012000
0 0.771000 0.540000 0.030000 0.024000
0 0.599500 0.398000 0.018000 0.020000
0 0.356000 0.557500 0.022000 0.019000
0 0.483500 0.551000 0.025000 0.025000
0 0.564500 0.498000 0.026000 0.022000
0 0.427500 0.285500 0.021000 0.020000
0 0.313500 0.279000 0.034000 0.029000
0 0.848500 0.634500 0.009000 0.011000
0 0.501500 0.492500 0.013000 0.011000
0 0.482000 0.426500 0.013000 0.017000
0 0.526000 0.448500 0.030000 0.023000
0 0.235000 0.389000 0.014000 0.014000
0 0.693500 0.665500 0.030000 0.024000
0 0.301000 0.586500 0.024000 0.022000
0 0.459500 0.206000 0.020000 0.019000
0 0.551500 0.467500 0.023000 0.025000
0 0.432500 0.201000 0.022000 0.018000
0 0.628000 0.788500 0.022000 0.020000
0 0.656000 0.588000 0.028000 0.024000
0 0.514000 0.300500 0.023000 0.022000
0 0.327500 0.524000 0.029000 0.029000
0 0.840500 0.537000 0.019000 0.019000
0 0.608500 0.744000 0.020000 0.020000
0 0.693000 0.587500 0.018000 0.016000
0 0.415500 0.513500 0.012000 0.013000
0 0.752000 0.330500 0.024000 0.019000
0 0.326500 0.396500 0.017000 0.015000
0 0.466000 0.584500 0.027000 0.026000
0 0.398500 0.816000 0.023000 0.022000
0 0.495000 0.490000 0.016000 0.017000
0 0.820000 0.631500 0.017000 0.016000
0 0.739000 0.298500 0.025000 0.018000
0 0.595500 0.631500 0.029000 0.029000
0 0.485000 0.639500 0.022000 0.019000
0 0.649000 0.680500 0.031000 0.032000
0 0.248000 0.751500 0.015000 0.016000
0 0.606000 0.648500 0.032000 0.031000
0 0.791000 0.645500 0.027000 0.025000
0 0.534000 0.457000 0.018000 0.023000
0 0.545500 0.560500 0.010000 0.010000
0 0.434500 0.406000 0.023000 0.027000
0 0.530500 0.565000 0.019000 0.017000
0 0.622000 0.337000 0.024000 0.025000
0 0.166000 0.698500 0.022000 0.024000
0 0.156000 0.532000 0.020000 0.019000
0 0.355000 0.798500 0.018000 0.019000
0 0.907500 0.523500 0.014000 0.018000
0 0.682500 0.143000 0.020000 0.025000
0 0.621000 0.388000 0.024000 0.025000
0 0.329500 0.574500 0.028000 0.029000
0 0.364000 0.367000 0.026000 0.024000
0 0.279000 0.672500 0.027000 0.024000
0 0.494000 0.851500 0.024000 0.030000
0 0.388000 0.551000 0.033000 0.027000
0 0.564500 0.606500 0.023000 0.019000
0 0.148500 0.630500 0.015000 0.016000
0 0.373000 0.485500 0.016000 0.021000
0 0.733000 0.489500 0.016000 0.013000
0 0.765500 0.809500 0.017000 0.014000
0 0.254000 0.745000 0.021000 0.021000
0 0.583000 0.483500 0.012000 0.011000
0 0.309500 0.330000 0.019000 0.018000
0 0.610500 0.560500 0.014000 0.017000
0 0.358500 0.720000 0.015000 0.016000
0 0.471500 0.905000 0.019000 0.019000
0 0.497500 0.467000 0.028000 0.024000
0 0.609000 0.391000 0.019000 0.018000
0 0.507500 0.508000 0.013000 0.018000
0 0.649000 0.650500 0.012000 0.013000
0 0.506500 0.100500 0.010000 0.008000
0 0.694500 0.340000 0.012000 0.013000
0 0.200000 0.337000 0.016000 0.020000
0 0.508500 0.608500 0.022000 0.021000
0 0.329500 0.537000 0.025000 0.024000
0 0.272000 0.474500 0.027000 0.021000
0 0.621500 0.607000 0.022000 0.020000
0 0.634000 0.377500 0.021000 0.021000
0 0.596500 0.301000 0.025000 0.024000
0 0.264500 0.324500 0.029000 0.017000
0 0.739500 0.412500 0.031000 0.023000
0 0.732000 0.196500 0.019000 0.018000
0 0.790500 0.262000 0.013000 0.013000
0 0.301500 0.439000 0.025000 0.018000
0 0.546500 0.087500 0.030000 0.030000
0 0.302000 0.554000 0.020000 0.019000
0 0.471000 0.298500 0.015000 0.016000
0 0.260000 0.384000 0.014000 0.010000
0 0.495500 0.565500 0.022000 0.024000
0 0.319000 0.595500 0.027000 0.017000
0 0.203000 0.222000 0.024000 0.032000
0 0.692500 0.835000 0.018000 0.019000
0 0.731500 0.228500 0.013000 0.013000
0 0.373500 0.264000 0.014000 0.016000
0 0.525500 0.499750 0.010000 0.014500
0 0.485500 0.815000 0.017000 0.021000
0 0.495000 0.816500 0.020000 0.021000
0 0.377000 0.527500 0.028000 0.022000
0 0.234000 0.773000 0.021000 0.027000
0 0.205000 0.341500 0.015000 0.013000
0 0.784500 0.500500 0.019000 0.022000
0 0.438750 0.373500 0.029500 0.022000
0 0.654500 0.535500 0.017000 0.015000
0 0.790500 0.402000 0.036000 0.030000
0 0.778500 0.419000 0.022000 0.022000
0 0.713000 0.205500 0.017000 0.020000
0 0.145000 0.423500 0.012000 0.017000
0 0.146000 0.484000 0.028000 0.028000
0 0.166000 0.563500 0.029000 0.027000
0 0.632500 0.725000 0.030000 0.028000
0 0.561500 0.410000 0.014000 0.015000
0 0.106500 0.399500 0.023000 0.025000
0 0.777500 0.454500 0.019000 0.011000
0 0.591500 0.305000 0.015000 0.019000
0 0.634500 0.440000 0.026000 0.021000
0 0.902000 0.596500 0.025000 0.018000
0 0.763000 0.305000 0.020000 0.020000
0 0.839000 0.289500 0.031000 0.026000
0 0.259500 0.611000 0.011000 0.011000
0 0.540000 0.468500 0.030000 0.030000
0 0.595500 0.559500 0.015000 0.009000
0 0.791000 0.456500 0.017000 0.017000
0 0.729500 0.170500 0.017000 0.015000
0 0.495500 0.482500 0.015000 0.016000
0 0.682000 0.300000 0.013000 0.014000
0 0.672500 0.438000 0.017000 0.016000
0 0.527000 0.422500 0.011000 0.016000
0 0.428000 0.661500 0.011000 0.016000
0 0.377500 0.601500 0.016000 0.017000
0 0.320500 0.741500 0.019000 0.026000
0 0.718000 0.462500 0.020000 0.014000
0 0.297000 0.287000 0.020000 0.018000
0 0.662000 0.876500 0.031000 0.027000
0 0.111000 0.592500 0.021000 0.019000
0 0.479500 0.376500 0.018000 0.023000
0 0.653000 0.460500 0.026000 0.019000
0 0.323000 0.812000 0.031000 0.019000
0 0.669500 0.390000 0.029000 0.024000
0 0.448500 0.517000 0.016000 0.016000
0 0.177000 0.717000 0.033000 0.026000
0 0.542000 0.616750 0.015000 0.020500
0 0.444000 0.694000 0.013000 0.012000
0 0.507000 0.391500 0.017000 0.019000
0 0.157000 0.601500 0.014000 0.017000
0 0.660500 0.706000 0.023000 0.016000
0 0.418500 0.410500 0.020000 0.019000
0 0.368500 0.435000 0.017000 0.020000
0 0.365000 0.653000 0.017000 0.019000
0 0.802500 0.785500 0.011000 0.012000
0 0.483000 0.472500 0.035000 0.028000
0 0.365500 0.850500 0.020000 0.020000
0 0.701500 0.419500 0.017000 0.017000
0 0.273000 0.632000 0.025000 0.025000
0 0.640500 0.480000 0.019000 0.020000
0 0.423000 0.164500 0.014000 0.013000
0 0.862000 0.705500 0.020000 0.026000
0 0.250000 0.219000 0.012000 0.011000
0 0.593000 0.326000 0.016000 0.015000
0 0.449000 0.421000 0.021000 0.019000
0 0.676000 0.442000 0.012000 0.015000
0 0.651000 0.149000 0.025000 0.016000
0 0.326500 0.464000 0.020000 0.023000
0 0.439500 0.754500 0.022000 0.023000
0 0.455000 0.446000 0.023000 0.021000
0 0.511500 0.380500 0.016000 0.021000
0 0.266000 0.756000 0.016000 0.016000
0 0.418500 0.337000 0.019000 0.022000
0 0.474000 0.813500 0.016000 0.026000
0 0.817000 0.713500 0.026000 0.024000
0 0.898000 0.423500 0.019000 0.017000
0 0.685000 0.741000 0.030000 0.032000
0 0.229000 0.664500 0.016000 0.011000
0 0.544000 0.814500 0.021000 0.022000
0 0.370000 0.577500 0.017000 0.021000
0 0.761000 0.762500 0.030000 0.029000
0 0.630500 0.530000 0.028000 0.028000
0 0.396000 0.638000 0.020000 0.018000
0 0.137500 0.309000 0.019000 0.020000
0 0.401500 0.462000 0.017000 0.025000
0 0.656000 0.308000 0.012000 0.015000
0 0.290000 0.826500 0.025000 0.025000
0 0.124000 0.472000 0.015000 0.015000
0 0.419500 0.511000 0.015000 0.022000
0 0.358500 0.285500 0.014000 0.012000
0 0.397500 0.352000 0.016000 0.015000
0 0.515500 0.393000 0.020000 0.019000
0 0.388500 0.215000 0.022000 0.023000
0 0.696500 0.438500 0.014000 0.020000
0 0.371000 0.427000 0.013000 0.016000
0 0.422000 0.520000 0.015000 0.014000
0 0.403500 0.196500 0.019000 0.016000
0 0.599500 0.770500 0.013000 0.015000
0 0.254000 0.422000 0.012000 0.011000
0 0.284500 0.284500 0.016000 0.012000
0 0.552500 0.882000 0.025000 0.024000
0 0.380000 0.548000 0.014000 0.014000
0 0.367500 0.567500 0.014000 0.014000
0 0.604500 0.873500 0.012000 0.014000
0 0.852500 0.519000 0.016000 0.016000
0 0.203000 0.471500 0.023000 0.027000
0 0.469000 0.505000 0.016000 0.020000
0 0.739000 0.225500 0.028000 0.028000
0 0.182500 0.312000 0.019000 0.020000
0 0.522500 0.468500 0.019000 0.019000
0 0.715500 0.424500 0.029000 0.022000
0 0.430500 0.618000 0.014000 0.014000
0 0.831500 0.581000 0.022000 0.022000
0 0.420500 0.224500 0.025000 0.022000
0 0.347500 0.537000 0.018000 0.017000
0 0.525500 0.798500 0.020000 0.022000
0 0.417000 0.634000 0.013000 0.017000
0 0.549000 0.420000 0.012000 0.011000
0 0.111000 0.506500 0.016000 0.018000
0 0.353250 0.443500 0.026500 0.020000
0 0.693000 0.497000 0.014000 0.014000
0 0.340500 0.788000 0.019000 0.023000
0 0.485500 0.485250 0.018000 0.020500
0 0.418500 0.469500 0.025000 0.028000
0 0.547000 0.456500 0.009000 0.010000
0 0.219500 0.757000 0.018000 0.019000
0 0.572500 0.533000 0.020000 0.018000
0 0.467000 0.519500 0.020000 0.028000
0 0.308000 0.297500 0.010000 0.015000
0 0.528500 0.377000 0.014000 0.011000
0 0.484000 0.520000 0.015000 0.014000
0 0.238500 0.196500 0.022000 0.022000
0 0.488000 0.255500 0.019000 0.019000
0 0.279000 0.441500 0.015000 0.011000
0 0.536000 0.444500 0.026000 0.018000
0 0.469000 0.484500 0.016000 0.016000
0 0.780000 0.541500 0.029000 0.027000
0 0.321500 0.180000 0.027000 0.023000
0 0.531500 0.574000 0.017000 0.017000
0 0.864000 0.461500 0.021000 0.018000
0 0.387000 0.242000 0.018000 0.015000
0 0.610000 0.446000 0.019000 0.018000
0 0.490000 0.447000 0.021000 0.019000
0 0.431000 0.652000 0.023000 0.018000
0 0.327000 0.461000 0.030000 0.023000
0 0.326500 0.529500 0.017000 0.017000
0 0.817500 0.684500 0.011000 0.011000
0 0.519500 0.495000 0.022000 0.024000
0 0.395500 0.148500 0.029000 0.028000
0 0.305000 0.427500 0.015000 0.015000
0 0.625500 0.631000 0.016000 0.013000
0 0.887500 0.339500 0.014000 0.013000
0 0.228000 0.650000 0.023000 0.019000
0 0.457000 0.692500 0.015000 0.015000
0 0.540500 0.498500 0.016000 0.014000
0 0.573500 0.652500 0.011000 0.010000
0 0.262000 0.689500 0.015000 0.018000
0 0.785000 0.765000 0.026000 0.022000
0 0.562000 0.627000 0.028000 0.027000
0 0.547000 0.532250 0.016000 0.020500
0 0.584000 0.198500 0.019000 0.018000
0 0.739000 0.410000 0.031000 0.032000
0 0.883000 0.330500 0.018000 0.012000
0 0.483500 0.454500 0.018000 0.025000
0 0.213500 0.336500 0.024000 0.024000
0 0.331500 0.508500 0.015000 0.017000
0 0.513000 0.519000 0.021000 0.022000
0 0.705000 0.735000 0.028000 0.027000
0 0.692000 0.253000 0.017000 0.025000
0 0.299000 0.772000 0.026000 0.028000
0 0.578500 0.558000 0.027000 0.029000
0 0.556000 0.252500 0.021000 0.021000
0 0.322500 0.753000 0.025000 0.028000
0 0.233000 0.266500 0.014000 0.016000
0 0.541000 0.429500 0.031000 0.025000
0 0.353500 0.219500 0.027000 0.028000
0 0.605500 0.248000 0.028000 0.026000
0 0.580500 0.364500 0.009000 0.016000
0 0.222000 0.244000 0.025000 0.026000
0 0.400000 0.301500 0.035000 0.035000
0 0.485000 0.356500 0.022000 0.024000
0 0.533000 0.389000 0.020000 0.016000
0 0.344500 0.420500 0.021000 0.023000
0 0.250500 0.697500 0.025000 0.021000
0 0.800500 0.242500 0.018000 0.028000
0 0.128000 0.492000 0.016000 0.021000
0 0.395000 0.370000 0.013000 0.010000
0 0.168000 0.418000 0.025000 0.022000
0 0.358000 0.401500 0.012000 0.009000
0 0.401000 0.092500 0.017000 0.015000
0 0.704000 0.253000 0.020000 0.024000
0 0.384500 0.790000 0.020000 0.023000
0 0.543000 0.269000 0.019000 0.014000
0 0.475500 0.560000 0.021000 0.019000
0 0.402500 0.892500 0.018000 0.021000
0 0.539500 0.454500 0.030000 0.033000
0 0.467500 0.750500 0.024000 0.022000
0 0.172000 0.397000 0.034000 0.022000
0 0.308500 0.759500 0.011000 0.018000
0 0.237000 0.701000 0.017000 0.020000
0 0.517000 0.835000 0.014000 0.011000
0 0.442000 0.103500 0.025000 0.020000
0 0.365000 0.544500 0.012000 0.015000
0 0.685000 0.443000 0.021000 0.018000
0 0.466000 0.472500 0.016000 0.016000
0 0.105250 0.431000 0.011500 0.009000
0 0.498500 0.487500 0.014000 0.013000
0 0.483500 0.530500 0.015000 0.014000
0 0.437500 0.573000 0.012000 0.016000
0 0.670000 0.398000 0.023000 0.017000
0 0.103000 0.634500 0.026000 0.026000
0 0.243000 0.600500 0.013000 0.012000
0 0.201500 0.261500 0.018000 0.021000
0 0.364000 0.452000 0.012000 0.008000
0 0.479500 0.609500 0.017000 0.015000
0 0.096000 0.454000 0.021000 0.025000
0 0.201000 0.769500 0.023000 0.025000
0 0.725000 0.468000 0.009000 0.009000
0 0.691000 0.822000 0.018000 0.020000
0 0.454000 0.306500 0.018000 0.017000
0 0.325000 0.621500 0.019000 0.020000
0 0.516500 0.170000 0.014000 0.015000
0 0.376500 0.321500 0.014000 0.013000
0 0.491000 0.644500 0.011000 0.013000
0 0.533500 0.168000 0.024000 0.027000
0 0.820000 0.577000 0.023000 0.022000
0 0.470000 0.355000 0.020000 0.030000
0 0.552000 0.492000 0.014000 0.013000
0 0.623500 0.649000 0.018000 0.021000
0 0.728000 0.351500 0.021000 0.019000
0 0.500500 0.611500 0.034000 0.029000
0 0.649000 0.115000 0.013000 0.013000
0 0.907000 0.532500 0.025000 0.025000
0 0.595000 0.510500 0.021000 0.018000
0 0.296000 0.816000 0.019000 0.019000
0 0.495500 0.623500 0.022000 0.019000
0 0.774500 0.184500 0.018000 0.018000
0 0.646000 0.524500 0.018000 0.026000
0 0.605000 0.586000 0.021000 0.020000
0 0.214500 0.691000 0.023000 0.020000
0 0.696500 0.166000 0.015000 0.012000
0 0.596000 0.482500 0.019000 0.023000
0 0.341000 0.784000 0.019000 0.018000
0 0.539500 0.235000 0.021000 0.023000
0 0.506000 0.447000 0.014000 0.018000
0 0.592000 0.905000 0.016000 0.018000
0 0.467500 0.666000 0.017000 0.016000
0 0.475000 0.475000 0.028000 0.029000
0 0.869500 0.349000 0.015000 0.015000
0 0.251500 0.641500 0.024000 0.021000
0 0.408500 0.560500 0.018000 0.018000
0 0.253000 0.263000 0.021000 0.036000
0 0.536500 0.485500 0.008000 0.009000
0 0.508000 0.495000 0.022000 0.020000
0 0.371500 0.453500 0.020000 0.022000
0 0.661500 0.779500 0.019000 0.017000
0 0.162500 0.611000 0.026000 0.024000
0 0.571000 0.416000 0.019000 0.019000
0 0.673500 0.433500 0.026000 0.031000
0 0.493500 0.501500 0.018000 0.017000
0 0.255500 0.526500 0.022000 0.025000
0 0.272500 0.800000 0.022000 0.028000
0 0.580500 0.628000 0.018000 0.016000
0 0.439000 0.514500 0.022000 0.021000
0 0.865500 0.325000 0.013000 0.010000
0 0.282500 0.424000 0.017000 0.020000
0 0.421000 0.755000 0.012000 0.016000
0 0.419000 0.613500 0.020000 0.020000
0 0.277750 0.620250 0.023500 0.022500
0 0.395000 0.424000 0.012000 0.014000
0 0.460500 0.455000 0.020000 0.030000
0 0.438500 0.183000 0.029000 0.028000
0 0.552000 0.504000 0.017000 0.027000
0 0.683500 0.537000 0.016000 0.016000
0 0.728500 0.370500 0.014000 0.011000
0 0.658500 0.205000 0.021000 0.021000
0 0.840000 0.636000 0.022000 0.019000
0 0.635000 0.579500 0.020000 0.028000
0 0.426000 0.377000 0.023000 0.026000
0 0.703500 0.480500 0.011000 0.010000
0 0.208000 0.289500 0.016000 0.015000
0 0.254000 0.200000 0.014000 0.016000
0 0.646500 0.202000 0.024000 0.018000
0 0.266500 0.537500 0.022000 0.017000
0 0.756000 0.282500 0.016000 0.018000
0 0.879000 0.357500 0.012000 0.012000
0 0.528000 0.539500 0.018000 0.023000
0 0.583000 0.462500 0.012000 0.013000
0 0.651000 0.598500 0.017000 0.018000
0 0.646500 0.674000 0.016000 0.015000
0 0.310500 0.581500 0.033000 0.034000
0 0.457000 0.565500 0.011000 0.012000
0 0.203000 0.695500 0.018000 0.024000
0 0.471000 0.212500 0.010000 0.012000
0 0.277000 0.567000 0.031000 0.030000
0 0.408000 0.767000 0.023000 0.024000
0 0.162000 0.334500 0.026000 0.020000
0 0.557000 0.520000 0.019000 0.017000
0 0.678000 0.596000 0.024000 0.024000
0 0.858000 0.369500 0.030000 0.026000
0 0.609000 0.570000 0.024000 0.020000
0 0.455500 0.493000 0.021000 0.018000
0 0.315000 0.264500 0.020000 0.021000
0 0.683000 0.269000 0.015000 0.018000
0 0.372000 0.389500 0.023000 0.020000
0 0.704500 0.741000 0.018000 0.014000
0 0.134000 0.374000 0.026000 0.033000
0 0.898000 0.367000 0.016000 0.016000
0 0.181000 0.553500 0.020000 0.018000
0 0.553500 0.764500 0.022000 0.025000
0 0.416000 0.393500 0.012000 0.015000
0 0.289000 0.569500 0.028000 0.033000
0 0.157000 0.343000 0.013000 0.015000
0 0.336000 0.860500 0.013000 0.013000
0 0.400000 0.569500 0.016000 0.018000
0 0.529000 0.440000 0.015000 0.015000