0 0.583500 0.291500 0.018000 0.018000
0 0.607500 0.556500 0.022000 0.021000
0 0.482500 0.565500 0.027000 0.022000
0 0.485000 0.509000 0.015000 0.016000
0 0.215000 0.284500 0.019000 0.016000
0 0.640500 0.539500 0.024000 0.022000
0 0.619500 0.768000 0.009000 0.009000
0 0.543500 0.718500 0.021000 0.016000
0 0.571000 0.418000 0.012000 0.013000
0 0.858000 0.530000 0.016000 0.016000
0 0.750500 0.669000 0.021000 0.017000
0 0.466000 0.490000 0.022000 0.018000
0 0.105500 0.480500 0.028000 0.021000
0 0.517000 0.348000 0.024000 0.024000
0 0.808000 0.455500 0.017000 0.017000
0 0.456500 0.828500 0.015000 0.013000
0 0.402750 0.515000 0.014500 0.010000
0 0.525000 0.515000 0.018000 0.017000
0 0.820500 0.581500 0.020000 0.020000
0 0.446000 0.686500 0.012000 0.014000
0 0.429500 0.460000 0.019000 0.023000
0 0.527000 0.587500 0.015000 0.015000
0 0.377500 0.275000 0.015000 0.016000
0 0.460500 0.445000 0.013000 0.018000
0 0.271000 0.678500 0.016000 0.012000
0 0.755500 0.241000 0.026000 0.024000
0 0.510000 0.448000 0.017000 0.019000
0 0.720000 0.705000 0.014000 0.014000
0 0.601000 0.736500 0.017000 0.016000
0 0.335500 0.324000 0.020000 0.019000
0 0.572500 0.644000 0.026000 0.026000
0 0.541000 0.394500 0.011000 0.015000
0 0.485500 0.178000 0.026000 0.026000
0 0.834000 0.330500 0.026000 0.027000
0 0.415500 0.262000 0.028000 0.024000
0 0.506000 0.466000 0.017000 0.017000
0 0.465000 0.501500 0.011000 0.011000
0 0.518500 0.548000 0.014000 0.017000
0 0.265500 0.640500 0.010000 0.008000
0 0.567000 0.452000 0.017000 0.017000
0 0.689000 0.285000 0.021000 0.019000
0 0.733000 0.628000 0.014000 0.018000
0 0.554000 0.285000 0.025000 0.025000
0 0.916000 0.511500 0.013000 0.020000
0 0.409500 0.609500 0.021000 0.019000
0 0.695500 0.489000 0.016000 0.017000
0 0.311000 0.606000 0.027000 0.025000
0 0.324000 0.853500 0.025000 0.017000
0 0.508000 0.485000 0.021000 0.018000
0 0.455500 0.625000 0.027000 0.023000
0 0.670000 0.583500 0.014000 0.017000
0 0.341500 0.199000 0.025000 0.019000
0 0.872000 0.447500 0.014000 0.010000
0 0.514500 0.424500 0.015000 0.018000
0 0.779000 0.325000 0.016000 0.017000
0 0.391500 0.354000 0.011000 0.013000
0 0.485000 0.486500 0.030000 0.030000
0 0.391500 0.499500 0.030000 0.026000
0 0.557000 0.566500 0.029000 0.031000
0 0.505500 0.710000 0.019000 0.021000
0 0.471500 0.906500 0.029000 0.029000
0 0.871500 0.569500 0.028000 0.032000
0 0.467000 0.545000 0.023000 0.025000
0 0.462000 0.512500 0.023000 0.025000
0 0.536000 0.486500 0.009000 0.012000
0 0.650000 0.489000 0.014000 0.014000
0 0.776500 0.759000 0.018000 0.021000
0 0.743500 0.264000 0.012000 0.013000
0 0.159000 0.373000 0.022000 0.026000
0 0.419000 0.257250 0.012000 0.017500
0 0.168500 0.569500 0.014000 0.020000
0 0.486500 0.266500 0.016000 0.019000
0 0.327500 0.325500 0.012000 0.014000
0 0.624000 0.608000 0.032000 0.027000
0 0.499500 0.500000 0.027000 0.026000
0 0.729000 0.372500 0.022000 0.024000
0 0.581000 0.441500 0.022000 0.019000
0 0.163000 0.291000 0.021000 0.022000
0 0.573000 0.628250 0.023000 0.029500
0 0.328500 0.877000 0.022000 0.022000
0 0.314500 0.364500 0.019000 0.019000
0 0.402000 0.788000 0.025000 0.023000
0 0.292000 0.591000 0.015000 0.012000
0 0.648500 0.673500 0.016000 0.020000
0 0.299500 0.543000 0.018000 0.015000
0 0.472000 0.527000 0.021000 0.021000
0 0.304500 0.476000 0.021000 0.019000
0 0.761500 0.761000 0.012000 0.012000
0 0.371500 0.397500 0.031000 0.024000
0 0.637500 0.368500 0.022000 0.026000
0 0.746000 0.716000 0.031000 0.031000
0 0.605500 0.304000 0.022000 0.022000
0 0.908000 0.449000 0.030000 0.025000
0 0.693500 0.790000 0.013000 0.019000
0 0.160500 0.410500 0.026000 0.025000
0 0.822000 0.372500 0.033000 0.021000
0 0.632250 0.353000 0.020500 0.018000
0 0.577500 0.577000 0.027000 0.023000
0 0.455000 0.517000 0.019000 0.017000
0 0.472000 0.106500 0.014000 0.012000
0 0.499500 0.593500 0.011000 0.009000
0 0.701250 0.228000 0.014500 0.010000
0 0.647500 0.528500 0.016000 0.015000
0 0.532000 0.704000 0.014000 0.010000
0 0.504000 0.540500 0.027000 0.027000
0 0.483000 0.501000 0.012000 0.015000
0 0.330500 0.260000 0.025000 0.020000
0 0.479000 0.491500 0.027000 0.020000
0 0.569500 0.519000 0.030000 0.033000
0 0.819000 0.653000 0.030000 0.023000
0 0.560000 0.566500 0.016000 0.015000
0 0.777000 0.444000 0.011000 0.012000
0 0.236500 0.188500 0.014000 0.015000
0 0.508500 0.522000 0.012000 0.012000
0 0.433500 0.249000 0.025000 0.029000
0 0.101500 0.580500 0.021000 0.015000
0 0.205000 0.385000 0.020000 0.021000
0 0.558500 0.096000 0.025000 0.026000
0 0.404000 0.559500 0.020000 0.023000
0 0.491500 0.808500 0.017000 0.018000
0 0.371500 0.425000 0.028000 0.028000
0 0.594000 0.345500 0.031000 0.028000
0 0.803000 0.530000 0.018000 0.019000
0 0.575500 0.290500 0.024000 0.017000
0 0.432500 0.151000 0.009000 0.011000
0 0.481000 0.543000 0.032000 0.034000
0 0.328500 0.246000 0.026000 0.027000
0 0.555500 0.464000 0.014000 0.013000
0 0.232500 0.680000 0.017000 0.017000
0 0.271500 0.424000 0.020000 0.019000
0 0.278500 0.558000 0.021000 0.027000
0 0.715000 0.541000 0.023000 0.021000
0 0.209000 0.524500 0.027000 0.020000
0 0.390000 0.134500 0.023000 0.027000
0 0.564000 0.862000 0.027000 0.027000
0 0.536000 0.107500 0.009000 0.010000
0 0.727000 0.527500 0.015000 0.015000
0 0.696500 0.358500 0.018000 0.022000
0 0.300500 0.723500 0.014000 0.014000
0 0.426500 0.539000 0.014000 0.013000
0 0.408500 0.360000 0.035000 0.032000
0 0.444500 0.606500 0.019000 0.020000
0 0.514500 0.318000 0.018000 0.018000
0 0.531000 0.533000 0.019000 0.020000
0 0.753500 0.734000 0.016000 0.017000
0 0.658000 0.273000 0.023000 0.019000
0 0.768500 0.583500 0.030000 0.026000
0 0.468500 0.195500 0.022000 0.017000
0 0.533000 0.560000 0.016000 0.019000
0 0.292000 0.277500 0.016000 0.019000
0 0.610000 0.599500 0.021000 0.017000
0 0.590500 0.305000 0.016000 0.019000
0 0.134500 0.414000 0.015000 0.016000
0 0.842000 0.691000 0.011000 0.012000
0 0.275500 0.395500 0.030000 0.028000
0 0.565000 0.534500 0.019000 0.015000
0 0.147500 0.631500 0.027000 0.027000
0 0.471000 0.515500 0.021000 0.026000
0 0.464500 0.560000 0.012000 0.012000
0 0.860000 0.637000 0.016000 0.017000
0 0.433500 0.298000 0.011000 0.013000
0 0.393500 0.320000 0.027000 0.021000
0 0.536500 0.444500 0.032000 0.025000
0 0.426000 0.405000 0.022000 0.022000
0 0.403500 0.341500 0.012000 0.012000
0 0.633000 0.535000 0.009000 0.013000
0 0.325000 0.236000 0.017000 0.020000
0 0.694000 0.342500 0.020000 0.023000
0 0.123000 0.502000 0.017000 0.017000
0 0.221000 0.761000 0.022000 0.022000
0 0.284000 0.774500 0.024000 0.022000
0 0.630000 0.718000 0.014000 0.012000
0 0.742000 0.605500 0.019000 0.017000
0 0.593000 0.786000 0.011000 0.012000
0 0.323750 0.462500 0.023500 0.016000
0 0.877000 0.469000 0.019000 0.019000
0 0.321000 0.190500 0.024000 0.020000
0 0.524000 0.475000 0.011000 0.011000
0 0.562000 0.593000 0.023000 0.025000
0 0.744500 0.396000 0.024000 0.021000
0 0.516000 0.508500 0.019000 0.013000
0 0.546250 0.589500 0.014500 0.010000
0 0.687500 0.552500 0.017000 0.018000
0 0.632000 0.876500 0.022000 0.017000
0 0.609500 0.682500 0.021000 0.020000
0 0.493000 0.506500 0.018000 0.016000
0 0.273000 0.246500 0.029000 0.027000
0 0.844500 0.423000 0.009000 0.011000
0 0.362000 0.341500 0.013000 0.013000
0 0.592500 0.442000 0.018000 0.018000
0 0.452500 0.436500 0.021000 0.021000
0 0.511500 0.204500 0.015000 0.015000
0 0.608500 0.516000 0.020000 0.017000
0 0.476500 0.556000 0.009000 0.009000
0 0.654500 0.462000 0.017000 0.014000
0 0.547000 0.271500 0.027000 0.022000
0 0.385500 0.259000 0.016000 0.016000
0 0.784500 0.370000 0.014000 0.019000
0 0.329000 0.392500 0.013000 0.013000
0 0.361000 0.262500 0.027000 0.022000
0 0.599500 0.512500 0.028000 0.024000
0 0.128000 0.532000 0.012000 0.014000
0 0.173000 0.509000 0.012000 0.012000
0 0.598500 0.565500 0.019000 0.017000
0 0.306000 0.772000 0.013000 0.014000
0 0.409500 0.772000 0.023000 0.026000
0 0.239000 0.286500 0.034000 0.032000
0 0.757000 0.545500 0.020000 0.025000
0 0.521500 0.540000 0.020000 0.022000
0 0.376750 0.669500 0.017500 0.012000
0 0.751000 0.697000 0.016000 0.017000
0 0.423500 0.533000 0.025000 0.032000
0 0.105000 0.432500 0.027000 0.035000
0 0.537000 0.592500 0.012000 0.010000
0 0.130000 0.309500 0.016000 0.018000
0 0.543000 0.742500 0.031000 0.026000
0 0.628500 0.393000 0.019000 0.021000
0 0.545750 0.458500 0.032500 0.022000
0 0.230000 0.760000 0.027000 0.027000
0 0.499000 0.490000 0.027000 0.028000
0 0.423500 0.175000 0.018000 0.017000
0 0.406500 0.671000 0.014000 0.021000
0 0.539000 0.779500 0.025000 0.026000
0 0.415000 0.505500 0.013000 0.014000
0 0.499500 0.413500 0.021000 0.029000
0 0.420500 0.758500 0.014000 0.023000
0 0.896000 0.450000 0.027000 0.026000
0 0.401000 0.845000 0.023000 0.034000
0 0.725500 0.520000 0.020000 0.020000
0 0.471500 0.339250 0.016000 0.020500
0 0.781500 0.770500 0.023000 0.024000
0 0.539000 0.493500 0.027000 0.026000
0 0.499500 0.435500 0.012000 0.010000
0 0.496000 0.886000 0.027000 0.020000
0 0.175500 0.550500 0.022000 0.021000
0 0.386500 0.666500 0.029000 0.025000
0 0.493500 0.228000 0.021000 0.025000
0 0.806500 0.710000 0.015000 0.021000
0 0.125000 0.449000 0.015000 0.020000
0 0.702000 0.663000 0.016000 0.014000
0 0.499000 0.669500 0.030000 0.032000
0 0.677500 0.327000 0.021000 0.017000
0 0.413500 0.485500 0.012000 0.015000
0 0.528500 0.836000 0.012000 0.011000
0 0.534000 0.390500 0.016000 0.019000
0 0.521000 0.486000 0.011000 0.016000
0 0.656500 0.493500 0.028000 0.023000
0 0.330000 0.405000 0.014000 0.012000
0 0.521000 0.141000 0.027000 0.024000
0 0.637000 0.143500 0.012000 0.012000
0 0.292000 0.657500 0.016000 0.018000
0 0.632500 0.576000 0.013000 0.013000
0 0.490500 0.490500 0.018000 0.029000
0 0.568000 0.718500 0.013000 0.013000
0 0.695500 0.591500 0.033000 0.033000
0 0.413500 0.631500 0.017000 0.018000
0 0.685000 0.312000 0.018000 0.019000
0 0.365000 0.598000 0.014000 0.014000
0 0.214000 0.381000 0.028000 0.025000
0 0.704500 0.687000 0.008000 0.014000
0 0.322500 0.873000 0.030000 0.024000
0 0.680000 0.762500 0.034000 0.020000
0 0.272250 0.337500 0.026500 0.018000
0 0.328500 0.415500 0.023000 0.022000
0 0.707000 0.506500 0.016000 0.027000
0 0.634500 0.283500 0.017000 0.020000
0 0.848500 0.530000 0.014000 0.012000
0 0.467000 0.786000 0.012000 0.010000
0 0.542000 0.665500 0.017000 0.017000
0 0.549500 0.290000 0.019000 0.015000
0 0.684500 0.137500 0.022000 0.024000
0 0.848000 0.721500 0.019000 0.018000
0 0.447000 0.574000 0.028000 0.031000
0 0.855000 0.643500 0.018000 0.019000
0 0.676500 0.435500 0.025000 0.024000
0 0.760000 0.747500 0.015000 0.017000
0 0.609500 0.317500 0.013000 0.015000
0 0.507000 0.517000 0.027000 0.029000
0 0.378500 0.388000 0.014000 0.018000
0 0.298500 0.453750 0.008000 0.011500
0 0.554500 0.517000 0.026000 0.025000
0 0.396500 0.207500 0.020000 0.019000
0 0.434000 0.558500 0.026000 0.019000
0 0.499000 0.449000 0.021000 0.020000
0 0.733500 0.824500 0.021000 0.022000
0 0.614500 0.694000 0.009000 0.010000
0 0.526000 0.478500 0.018000 0.027000
0 0.506000 0.596000 0.033000 0.033000
0 0.493500 0.513000 0.023000 0.022000
0 0.586500 0.760500 0.027000 0.028000
0 0.693500 0.634000 0.015000 0.016000
0 0.717000 0.589000 0.025000 0.029000
0 0.456000 0.750000 0.015000 0.015000
0 0.261000 0.755000 0.029000 0.029000
0 0.733000 0.605500 0.023000 0.022000
0 0.229000 0.488000 0.019000 0.019000
0 0.453000 0.721500 0.025000 0.026000
0 0.607000 0.769500 0.020000 0.014000
0 0.553000 0.410000 0.022000 0.023000
0 0.271500 0.512500 0.018000 0.016000
0 0.513000 0.560000 0.013000 0.015000
0 0.451500 0.474000 0.020000 0.017000
0 0.567000 0.221500 0.023000 0.024000
0 0.699000 0.645000 0.011000 0.016000
0 0.712500 0.236500 0.017000 0.016000
0 0.638500 0.374500 0.013000 0.013000
0 0.425000 0.579500 0.030000 0.029000
0 0.654500 0.520500 0.014000 0.016000
0 0.485000 0.391000 0.031000 0.029000
0 0.419000 0.597500 0.027000 0.030000
0 0.568500 0.333000 0.027000 0.027000
0 0.487000 0.469500 0.022000 0.022000
0 0.567000 0.674000 0.019000 0.028000
0 0.474500 0.916000 0.010000 0.010000
0 0.322000 0.268000 0.022000 0.018000
0 0.281000 0.618500 0.024000 0.023000
0 0.777500 0.227000 0.012000 0.012000
0 0.433000 0.902000 0.014000 0.014000
0 0.420500 0.520500 0.026000 0.021000
0 0.620000 0.637500 0.015000 0.013000
0 0.587000 0.481500 0.012000 0.014000
0 0.291500 0.246500 0.029000 0.030000
0 0.635500 0.331000 0.013000 0.012000
0 0.612500 0.375500 0.011000 0.012000
0 0.361500 0.288500 0.012000 0.010000
0 0.377500 0.546000 0.023000 0.028000
0 0.589500 0.562000 0.011000 0.013000
0 0.356500 0.647500 0.022000 0.024000
0 0.551000 0.625000 0.025000 0.025000
0 0.552000 0.434000 0.014000 0.017000
0 0.626500 0.500000 0.015000 0.015000
0 0.380500 0.338000 0.032000 0.032000
0 0.551000 0.489500 0.030000 0.021000
0 0.836500 0.445000 0.019000 0.016000
0 0.648000 0.733500 0.024000 0.025000
0 0.886000 0.477000 0.024000 0.024000
0 0.393500 0.764000 0.031000 0.026000
0 0.549000 0.366000 0.023000 0.022000
0 0.385500 0.760000 0.015000 0.013000
0 0.500000 0.487000 0.014000 0.016000
0 0.611000 0.615000 0.028000 0.023000
0 0.467000 0.548000 0.017000 0.014000
0 0.416000 0.467000 0.026000 0.025000
0 0.659500 0.303500 0.028000 0.019000
0 0.258500 0.294500 0.020000 0.019000
0 0.578500 0.597500 0.011000 0.012000
0 0.470500 0.726000 0.022000 0.025000
0 0.553000 0.690000 0.018000 0.020000
0 0.466500 0.298500 0.010000 0.011000
0 0.395000 0.421500 0.024000 0.029000
0 0.486500 0.352500 0.016000 0.016000
0 0.558000 0.694500 0.012000 0.011000
0 0.264000 0.516000 0.023000 0.021000
0 0.447000 0.556000 0.015000 0.016000
0 0.239500 0.328250 0.023000 0.029500
0 0.793000 0.352000 0.013000 0.014000
0 0.445500 0.670500 0.019000 0.018000
0 0.702000 0.728500 0.020000 0.022000
0 0.621000 0.369500 0.019000 0.019000
0 0.242500 0.176500 0.016000 0.018000
0 0.254000 0.561500 0.028000 0.032000
0 0.698000 0.199500 0.014000 0.015000
0 0.629250 0.272500 0.029500 0.024000
0 0.292500 0.397000 0.012000 0.012000
0 0.559000 0.509000 0.018000 0.020000
0 0.510000 0.503500 0.028000 0.033000
0 0.343500 0.683500 0.015000 0.015000
0 0.412500 0.452500 0.019000 0.020000
0 0.822000 0.343000 0.023000 0.023000
0 0.164500 0.727000 0.017000 0.021000
0 0.585000 0.492500 0.021000 0.023000
0 0.446500 0.416500 0.022000 0.022000
0 0.611000 0.665500 0.017000 0.017000
0 0.600500 0.124000 0.018000 0.022000
0 0.370500 0.842000 0.020000 0.020000
0 0.477500 0.521000 0.018000 0.018000
0 0.479000 0.445000 0.019000 0.024000
0 0.226500 0.412500 0.020000 0.019000
0 0.526000 0.496500 0.017000 0.019000
0 0.478500 0.413500 0.016000 0.019000
0 0.820500 0.542500 0.034000 0.023000
0 0.303000 0.785500 0.020000 0.026000
0 0.528500 0.418500 0.017000 0.025000
0 0.251500 0.739500 0.015000 0.016000
0 0.251000 0.444000 0.018000 0.018000
0 0.408000 0.523500 0.027000 0.023000
0 0.503000 0.415000 0.012000 0.010000
0 0.683500 0.368500 0.024000 0.015000
0 0.577500 0.278000 0.016000 0.019000
0 0.492500 0.605500 0.013000 0.019000
0 0.356000 0.193500 0.025000 0.018000
0 0.758000 0.530500 0.021000 0.019000
0 0.372000 0.446500 0.017000 0.019000
0 0.578500 0.621500 0.034000 0.035000
0 0.105000 0.388250 0.023000 0.023500
0 0.548000 0.323500 0.019000 0.021000
0 0.705000 0.396750 0.024000 0.026500
0 0.780000 0.529500 0.016000 0.013000
0 0.585000 0.503500 0.030000 0.029000
0 0.399000 0.688500 0.014000 0.014000
0 0.661500 0.799000 0.021000 0.029000
0 0.093500 0.536000 0.022000 0.021000
0 0.366500 0.773000 0.023000 0.024000
0 0.449500 0.591000 0.017000 0.015000
0 0.384500 0.657000 0.011000 0.017000
0 0.722000 0.752500 0.016000 0.014000
0 0.461500 0.191000 0.012000 0.015000
0 0.440000 0.431500 0.017000 0.015000
0 0.583500 0.450500 0.020000 0.024000
0 0.541500 0.842000 0.010000 0.010000
0 0.429500 0.288000 0.027000 0.024000
0 0.344000 0.237500 0.020000 0.027000
0 0.364500 0.593000 0.018000 0.017000
0 0.450500 0.457000 0.029000 0.026000
0 0.589500 0.660000 0.016000 0.013000
0 0.491000 0.483500 0.015000 0.013000
0 0.447500 0.492000 0.024000 0.024000
0 0.489500 0.494000 0.022000 0.020000
0 0.566500 0.848500 0.026000 0.029000
0 0.630500 0.372000 0.020000 0.016000
0 0.787000 0.574000 0.012000 0.013000
0 0.688000 0.431500 0.017000 0.020000
0 0.767500 0.679000 0.014000 0.013000
0 0.505000 0.493000 0.015000 0.014000
0 0.686500 0.623500 0.018000 0.020000
0 0.411500 0.733000 0.010000 0.009000
0 0.634500 0.637500 0.023000 0.031000
0 0.303000 0.666000 0.021000 0.020000
0 0.204000 0.407000 0.031000 0.022000
0 0.717000 0.687500 0.024000 0.025000
0 0.234000 0.394000 0.024000 0.020000
0 0.260000 0.357500 0.011000 0.013000
0 0.309000 0.423500 0.015000 0.020000
0 0.602000 0.478000 0.019000 0.016000
0 0.813500 0.439000 0.015000 0.015000
0 0.354000 0.155000 0.028000 0.020000
0 0.489500 0.507500 0.024000 0.023000
0 0.156000 0.669500 0.016000 0.018000
0 0.490000 0.658500 0.012000 0.013000
0 0.210000 0.743500 0.017000 0.023000
0 0.467000 0.710500 0.027000 0.033000
0 0.556500 0.610000 0.024000 0.022000
0 0.499500 0.290500 0.023000 0.023000
0 0.295500 0.389000 0.023000 0.029000
0 0.648000 0.823000 0.034000 0.034000
0 0.577500 0.462000 0.011000 0.013000
0 0.364500 0.504500 0.020000 0.024000
0 0.424000 0.138750 0.018000 0.026500
0 0.350500 0.252500 0.018000 0.018000
0 0.633500 0.660000 0.028000 0.027000
0 0.615500 0.301000 0.029000 0.030000
0 0.576000 0.842000 0.025000 0.027000
0 0.774500 0.733500 0.018000 0.017000
0 0.518500 0.465500 0.022000 0.019000
0 0.341500 0.438500 0.013000 0.019000
0 0.563500 0.132500 0.018000 0.017000
0 0.492000 0.570500 0.014000 0.016000
0 0.634500 0.700500 0.012000 0.012000
0 0.414000 0.826000 0.027000 0.031000
0 0.733000 0.166500 0.020000 0.017000
0 0.574000 0.693000 0.012000 0.013000
0 0.508000 0.605000 0.023000 0.025000
0 0.623250 0.808000 0.023500 0.016000
0 0.853500 0.317000 0.018000 0.019000
0 0.436000 0.479500 0.029000 0.034000
0 0.243000 0.732000 0.022000 0.023000
0 0.183500 0.497500 0.014000 0.014000
0 0.235000 0.727000 0.023000 0.014000
0 0.173000 0.436000 0.015000 0.023000
0 0.705500 0.268500 0.020000 0.019000
0 0.529500 0.670500 0.022000 0.017000
0 0.718500 0.598000 0.022000 0.023000
0 0.525000 0.541000 0.021000 0.021000
0 0.561500 0.246500 0.023000 0.025000
0 0.598000 0.551000 0.017000 0.022000
0 0.521000 0.437000 0.013000 0.015000
0 0.774000 0.365000 0.020000 0.021000
0 0.698000 0.598000 0.014000 0.013000
0 0.653000 0.572000 0.019000 0.019000
0 0.676000 0.687500 0.015000 0.020000
0 0.318500 0.699500 0.018000 0.015000
0 0.631500 0.457000 0.021000 0.019000
0 0.580500 0.672000 0.017000 0.011000
0 0.659000 0.379500 0.022000 0.020000
0 0.435500 0.394500 0.012000 0.015000
0 0.673000 0.674000 0.019000 0.031000
0 0.311000 0.181000 0.015000 0.016000
0 0.562000 0.548000 0.021000 0.018000
0 0.348500 0.467000 0.019000 0.028000
0 0.232500 0.336500 0.017000 0.015000
0 0.465500 0.768000 0.013000 0.012000
0 0.710500 0.461000 0.019000 0.014000
0 0.226500 0.434500 0.019000 0.019000
0 0.579500 0.534500 0.013000 0.011000
0 0.712500 0.259500 0.020000 0.014000
0 0.535000 0.436000 0.026000 0.024000
0 0.477500 0.485500 0.018000 0.016000
0 0.515000 0.581500 0.022000 0.023000
0 0.791000 0.592500 0.026000 0.028000
0 0.521000 0.746500 0.014000 0.017000
0 0.127000 0.586500 0.017000 0.013000
0 0.484500 0.438000 0.026000 0.025000
0 0.291000 0.479000 0.026000 0.021000
0 0.596000 0.734000 0.015000 0.017000
0 0.664500 0.378000 0.019000 0.019000
0 0.230500 0.524500 0.029000 0.027000
0 0.321000 0.168500 0.020000 0.014000
0 0.268000 0.723500 0.026000 0.025000
0 0.734500 0.673500 0.025000 0.027000
0 0.670000 0.389500 0.016000 0.021000
0 0.576000 0.454500 0.018000 0.019000
0 0.372000 0.727500 0.010000 0.012000
0 0.419000 0.721000 0.013000 0.016000
0 0.310000 0.466500 0.017000 0.017000
0 0.512000 0.361000 0.021000 0.024000
0 0.774000 0.473000 0.013000 0.012000
0 0.463000 0.565500 0.011000 0.012000
0 0.514500 0.497000 0.021000 0.015000
0 0.696500 0.176500 0.024000 0.020000
0 0.342000 0.630500 0.017000 0.016000
0 0.533500 0.174500 0.015000 0.013000
0 0.500500 0.600000 0.019000 0.014000
0 0.634500 0.551500 0.009000 0.013000
0 0.563500 0.478000 0.020000 0.024000
0 0.821000 0.594000 0.026000 0.030000
0 0.523000 0.521500 0.014000 0.014000
0 0.471000 0.260000 0.012000 0.011000
0 0.473000 0.550000 0.029000 0.032000
0 0.386500 0.440000 0.019000 0.024000
0 0.410000 0.154000 0.019000 0.022000
0 0.498000 0.650000 0.016000 0.013000
0 0.374500 0.332000 0.018000 0.022000
0 0.602000 0.280000 0.027000 0.021000
0 0.806500 0.245000 0.014000 0.013000
0 0.696000 0.419000 0.011000 0.015000
0 0.778500 0.792500 0.011000 0.011000
0 0.308500 0.372500 0.019000 0.022000
0 0.356500 0.674000 0.018000 0.018000
0 0.503500 0.425000 0.015000 0.009000
0 0.620000 0.260000 0.031000 0.033000
0 0.201000 0.649500 0.019000 0.023000
0 0.143000 0.491500 0.019000 0.016000
0 0.467500 0.593500 0.021000 0.016000
0 0.226500 0.525000 0.019000 0.022000
0 0.610000 0.471000 0.014000 0.013000
0 0.704500 0.333000 0.014000 0.015000
0 0.423500 0.707500 0.020000 0.017000
0 0.459000 0.542000 0.016000 0.013000
0 0.411000 0.394000 0.013000 0.014000
0 0.465000 0.890000 0.016000 0.018000
0 0.424500 0.573500 0.030000 0.028000
0 0.486500 0.447000 0.024000 0.023000
0 0.307000 0.825000 0.010000 0.010000
0 0.195500 0.588000 0.025000 0.029000
0 0.485000 0.406000 0.023000 0.021000
0 0.391500 0.857500 0.024000 0.022000
0 0.386500 0.202500 0.013000 0.013000
0 0.676000 0.401000 0.013000 0.010000
0 0.317500 0.560500 0.016000 0.016000
0 0.481000 0.378500 0.036000 0.035000
0 0.493500 0.348500 0.026000 0.023000
0 0.737500 0.427000 0.009000 0.013000
0 0.368000 0.367000 0.017000 0.017000
0 0.556500 0.396500 0.028000 0.025000
0 0.789500 0.647000 0.021000 0.016000
0 0.192000 0.695500 0.018000 0.020000
0 0.635500 0.761500 0.017000 0.016000
0 0.442500 0.741000 0.026000 0.023000
0 0.124000 0.616500 0.017000 0.021000
0 0.372500 0.469000 0.026000 0.031000
0 0.239500 0.661500 0.030000 0.027000
0 0.492000 0.139000 0.011000 0.011000
0 0.379500 0.436000 0.020000 0.020000
0 0.227000 0.628000 0.015000 0.015000
0 0.513500 0.567000 0.022000 0.021000
0 0.574500 0.449500 0.009000 0.011000
0 0.464000 0.661000 0.020000 0.018000
0 0.406500 0.617000 0.019000 0.028000
0 0.634000 0.884000 0.018000 0.012000
0 0.690500 0.448500 0.013000 0.013000
0 0.508000 0.459500 0.018000 0.022000
0 0.355000 0.760500 0.020000 0.022000
0 0.908500 0.526500 0.020000 0.019000
0 0.387000 0.404500 0.012000 0.012000
0 0.673500 0.374500 0.013000 0.012000
0 0.801500 0.443500 0.010000 0.015000
0 0.469000 0.311500 0.023000 0.019000
0 0.248500 0.685000 0.025000 0.023000
0 0.539000 0.631500 0.013000 0.013000
0 0.431000 0.507500 0.011000 0.015000
0 0.498000 0.870500 0.019000 0.019000
0 0.382000 0.519000 0.018000 0.014000
0 0.497500 0.751000 0.016000 0.014000
0 0.414000 0.546000 0.014000 0.013000
0 0.393000 0.517500 0.017000 0.018000
0 0.462000 0.800500 0.025000 0.019000
0 0.507500 0.529000 0.020000 0.026000
0 0.454500 0.556500 0.014000 0.012000
0 0.270000 0.549000 0.021000 0.016000
0 0.505000 0.389500 0.016000 0.016000
0 0.329500 0.638000 0.016000 0.022000
0 0.441500 0.487500 0.019000 0.018000
0 0.716000 0.364500 0.025000 0.036000
0 0.505500 0.642500 0.026000 0.025000
0 0.357000 0.354000 0.016000 0.017000
0 0.339500 0.219500 0.014000 0.016000
0 0.782500 0.442000 0.021000 0.029000
0 0.356000 0.174500 0.025000 0.033000
0 0.255500 0.225000 0.027000 0.026000
0 0.509500 0.433500 0.014000 0.014000
0 0.726000 0.353000 0.028000 0.028000
0 0.451500 0.282000 0.029000 0.031000
0 0.595500 0.689500 0.024000 0.021000
0 0.637000 0.645000 0.012000 0.009000
0 0.549000 0.561000 0.015000 0.017000
0 0.219000 0.522500 0.014000 0.013000
0 0.755000 0.589500 0.014000 0.015000
0 0.366500 0.460500 0.017000 0.016000
0 0.525000 0.801000 0.019000 0.018000
0 0.210000 0.321500 0.020000 0.022000
0 0.380000 0.872500 0.010000 0.013000
0 0.787500 0.406500 0.013000 0.009000
0 0.852750 0.415000 0.026500 0.022000
0 0.168500 0.634500 0.012000 0.012000
0 0.154000 0.616500 0.020000 0.018000
0 0.527500 0.492000 0.032000 0.035000
0 0.723000 0.484000 0.011000 0.016000
0 0.749500 0.351000 0.024000 0.014000
0 0.797000 0.227000 0.021000 0.022000
0 0.152000 0.302500 0.013000 0.017000
0 0.584500 0.145500 0.015000 0.014000
0 0.534000 0.874500 0.022000 0.024000
0 0.449500 0.222000 0.012000 0.012000
0 0.372000 0.416000 0.032000 0.028000
0 0.764500 0.286500 0.020000 0.021000
0 0.469500 0.355500 0.020000 0.022000
0 0.370250 0.582500 0.020500 0.016000
0 0.832500 0.381000 0.019000 0.020000
0 0.874000 0.487500 0.026000 0.019000
0 0.643500 0.443500 0.013000 0.013000
0 0.525500 0.271500 0.035000 0.025000
0 0.388000 0.544000 0.025000 0.032000
0 0.367500 0.434500 0.020000 0.022000
0 0.759000 0.193500 0.027000 0.023000
0 0.383500 0.616500 0.017000 0.015000
0 0.739500 0.348500 0.020000 0.028000
0 0.378500 0.617500 0.020000 0.018000
0 0.638500 0.616500 0.026000 0.022000
0 0.701500 0.370000 0.020000 0.021000
0 0.500000 0.473000 0.019000 0.024000
0 0.456000 0.711500 0.010000 0.010000
0 0.540000 0.281500 0.013000 0.015000
0 0.448000 0.503000 0.018000 0.018000
0 0.481500 0.131000 0.017000 0.016000
0 0.311000 0.656250 0.020000 0.029500
0 0.453500 0.141500 0.018000 0.021000
0 0.890500 0.483000 0.018000 0.016000
0 0.628500 0.563000 0.017000 0.028000
0 0.716500 0.291500 0.031000 0.027000
0 0.346500 0.708500 0.021000 0.023000
0 0.509500 0.653500 0.028000 0.026000
0 0.523000 0.188000 0.016000 0.015000
0 0.570000 0.497000 0.020000 0.019000
0 0.369500 0.345000 0.015000 0.016000
0 0.386500 0.553000 0.017000 0.023000
0 0.423500 0.499750 0.019000 0.026500
0 0.404500 0.531500 0.032000 0.022000
0 0.515000 0.527000 0.025000 0.025000
0 0.826500 0.236000 0.019000 0.025000
0 0.518500 0.569500 0.013000 0.013000
0 0.890000 0.653500 0.011000 0.011000
0 0.585000 0.897000 0.011000 0.017000
0 0.519000 0.381500 0.016000 0.017000
0 0.255500 0.544000 0.017000 0.021000
0 0.699500 0.459000 0.015000 0.016000
0 0.358000 0.533500 0.015000 0.019000
0 0.739500 0.220500 0.029000 0.025000
0 0.506500 0.851500 0.017000 0.016000
0 0.493000 0.546500 0.013000 0.009000
0 0.361500 0.107000 0.029000 0.029000
0 0.327000 0.714000 0.018000 0.018000
0 0.434500 0.518000 0.010000 0.009000
0 0.813000 0.487000 0.015000 0.014000
0 0.526000 0.575000 0.022000 0.022000
0 0.835500 0.368000 0.034000 0.035000
0 0.275500 0.563000 0.018000 0.017000
0 0.907000 0.453000 0.017000 0.018000
0 0.502000 0.206500 0.020000 0.028000
0 0.746000 0.569000 0.020000 0.023000
0 0.655500 0.219500 0.016000 0.016000
0 0.812000 0.388500 0.010000 0.009000
0 0.312500 0.441500 0.013000 0.012000
0 0.477000 0.260500 0.011000 0.011000
0 0.732000 0.327500 0.032000 0.026000
0 0.146000 0.395500 0.015000 0.017000
0 0.366500 0.529000 0.030000 0.031000
0 0.489000 0.524000 0.027000 0.025000
0 0.364000 0.571500 0.009000 0.011000
0 0.864000 0.539250 0.018000 0.017500
0 0.631000 0.751500 0.013000 0.010000
0 0.367000 0.477500 0.017000 0.020000
0 0.135000 0.650500 0.024000 0.028000
0 0.569000 0.818500 0.017000 0.015000
0 0.880500 0.562000 0.015000 0.027000
0 0.409500 0.686500 0.017000 0.020000
0 0.495500 0.526000 0.018000 0.021000
0 0.192000 0.417000 0.019000 0.021000
0 0.329500 0.505000 0.023000 0.024000
0 0.349250 0.590250 0.020500 0.020500
0 0.214000 0.692500 0.028000 0.028000
0 0.192500 0.513000 0.023000 0.019000
0 0.494000 0.255000 0.010000 0.009000