0 0.310500 0.587000 0.023000 0.023000
0 0.304000 0.549000 0.015000 0.025000
0 0.636500 0.527000 0.022000 0.020000
0 0.128500 0.665000 0.012000 0.016000
0 0.596500 0.495500 0.016000 0.014000
0 0.459500 0.629000 0.015000 0.014000
0 0.126000 0.509500 0.009000 0.009000
0 0.490500 0.511500 0.017000 0.017000
0 0.490000 0.498500 0.020000 0.021000
0 0.526500 0.581500 0.021000 0.019000
0 0.652500 0.462500 0.022000 0.023000
0 0.604000 0.381500 0.027000 0.025000
0 0.462500 0.816000 0.022000 0.026000
0 0.554000 0.794000 0.030000 0.019000
0 0.403500 0.554000 0.012000 0.011000
0 0.652000 0.523500 0.023000 0.026000
0 0.546000 0.487000 0.012000 0.013000
0 0.352500 0.230000 0.023000 0.018000
0 0.249000 0.798000 0.027000 0.021000
0 0.479500 0.334500 0.015000 0.009000
0 0.178500 0.562500 0.016000 0.018000
0 0.418000 0.428000 0.026000 0.025000
0 0.567000 0.554500 0.028000 0.027000
0 0.510000 0.448500 0.019000 0.020000
0 0.427000 0.491000 0.028000 0.025000
0 0.200500 0.273500 0.024000 0.025000
0 0.180000 0.512000 0.019000 0.018000
0 0.441000 0.546500 0.019000 0.019000
0 0.679000 0.512000 0.022000 0.026000
0 0.557500 0.516500 0.018000 0.024000
0 0.567500 0.389500 0.027000 0.024000
0 0.266000 0.727000 0.016000 0.014000
0 0.507000 0.377500 0.024000 0.025000
0 0.615500 0.584500 0.014000 0.015000
0 0.779000 0.807000 0.021000 0.016000
0 0.691500 0.541500 0.016000 0.023000
0 0.445000 0.589500 0.023000 0.019000
0 0.470500 0.529500 0.029000 0.022000
0 0.505500 0.617000 0.017000 0.009000
0 0.145500 0.335500 0.015000 0.020000
0 0.633000 0.464000 0.029000 0.029000
0 0.760500 0.206500 0.024000 0.028000
0 0.473500 0.554500 0.023000 0.022000
0 0.300500 0.806000 0.025000 0.027000
0 0.574500 0.528500 0.013000 0.019000
0 0.784500 0.534500 0.030000 0.026000
0 0.441000 0.453000 0.025000 0.024000
0 0.409500 0.382500 0.023000 0.021000
0 0.423500 0.267500 0.022000 0.023000
0 0.225500 0.777500 0.010000 0.010000
0 0.534500 0.141500 0.014000 0.014000
0 0.414500 0.469000 0.017000 0.015000
0 0.753500 0.791000 0.016000 0.018000
0 0.477500 0.574500 0.015000 0.015000
0 0.411000 0.562000 0.032000 0.026000
0 0.561500 0.591500 0.015000 0.011000
0 0.567500 0.601500 0.011000 0.013000
0 0.463000 0.399000 0.014000 0.019000
0 0.457500 0.743750 0.009000 0.011500
0 0.265500 0.414500 0.012000 0.018000
0 0.506500 0.532500 0.033000 0.025000
0 0.451500 0.482500 0.011000 0.011000
0 0.510500 0.503500 0.016000 0.013000
0 0.629500 0.512000 0.017000 0.012000
0 0.384000 0.731500 0.011000 0.011000
0 0.106000 0.619500 0.021000 0.026000
0 0.522500 0.215500 0.028000 0.028000
0 0.486000 0.594500 0.019000 0.022000
0 0.725500 0.283500 0.023000 0.022000
0 0.790000 0.511500 0.030000 0.031000
0 0.523500 0.540500 0.014000 0.015000
0 0.579500 0.299500 0.032000 0.030000
0 0.391500 0.550500 0.024000 0.028000
0 0.559250 0.210000 0.017500 0.013000
0 0.706000 0.617500 0.014000 0.014000
0 0.378500 0.506500 0.014000 0.012000
0 0.389500 0.400500 0.028000 0.033000
0 0.435500 0.584000 0.028000 0.028000
0 0.669500 0.772000 0.020000 0.020000
0 0.439000 0.381000 0.016000 0.013000
0 0.576500 0.436500 0.018000 0.018000
0 0.669500 0.814500 0.019000 0.016000
0 0.260000 0.658000 0.020000 0.023000
0 0.379500 0.454000 0.025000 0.025000
0 0.547500 0.550500 0.034000 0.031000
0 0.457500 0.476000 0.032000 0.031000
0 0.583000 0.423500 0.022000 0.029000
0 0.233000 0.468500 0.010000 0.010000
0 0.148500 0.454500 0.016000 0.017000
0 0.505500 0.586000 0.016000 0.015000
0 0.119000 0.542500 0.019000 0.019000
0 0.609000 0.239000 0.012000 0.011000
0 0.655500 0.427000 0.015000 0.016000
0 0.587500 0.404500 0.031000 0.034000
0 0.676000 0.155000 0.021000 0.016000
0 0.491000 0.481000 0.021000 0.018000
0 0.435500 0.484500 0.016000 0.016000
0 0.517000 0.455000 0.013000 0.014000
0 0.546500 0.425500 0.032000 0.028000
0 0.487000 0.614000 0.029000 0.034000
0 0.455000 0.593000 0.014000 0.016000
0 0.468000 0.807000 0.023000 0.026000
0 0.514000 0.839000 0.016000 0.018000
0 0.541000 0.449000 0.024000 0.032000
0 0.801000 0.515000 0.025000 0.024000
0 0.132000 0.636000 0.023000 0.025000
0 0.488500 0.550500 0.013000 0.009000
0 0.739000 0.479250 0.016000 0.023500
0 0.253000 0.673500 0.028000 0.017000
0 0.725500 0.775000 0.025000 0.020000
0 0.395000 0.124000 0.015000 0.016000
0 0.558000 0.570500 0.026000 0.025000
0 0.786500 0.290500 0.023000 0.022000
0 0.782500 0.342000 0.014000 0.015000
0 0.493000 0.544500 0.014000 0.019000
0 0.128000 0.434500 0.025000 0.024000
0 0.448000 0.151000 0.014000 0.012000
0 0.368500 0.522000 0.015000 0.015000
0 0.375500 0.577500 0.008000 0.010000
0 0.536500 0.497000 0.031000 0.032000
0 0.411500 0.655000 0.023000 0.023000
0 0.569500 0.473500 0.012000 0.014000
0 0.404000 0.626000 0.010000 0.010000
0 0.738500 0.674500 0.020000 0.022000
0 0.312000 0.827000 0.013000 0.013000
0 0.520500 0.489500 0.018000 0.022000
0 0.620000 0.505500 0.026000 0.024000
0 0.493500 0.527500 0.011000 0.016000
0 0.408500 0.204000 0.020000 0.026000
0 0.290500 0.259000 0.034000 0.033000
0 0.438000 0.250000 0.022000 0.024000
0 0.342000 0.473500 0.016000 0.017000
0 0.855000 0.413500 0.016000 0.017000
0 0.278500 0.455500 0.016000 0.019000
0 0.468000 0.519000 0.030000 0.028000
0 0.449500 0.472500 0.011000 0.012000
0 0.817000 0.349000 0.013000 0.012000
0 0.519500 0.528500 0.022000 0.017000
0 0.321500 0.239500 0.025000 0.025000
0 0.357750 0.339000 0.023500 0.019000
0 0.821500 0.389500 0.032000 0.032000
0 0.661000 0.166000 0.018000 0.017000
0 0.496000 0.505000 0.016000 0.018000
0 0.504500 0.475000 0.012000 0.010000
0 0.631500 0.152000 0.027000 0.026000
0 0.484000 0.407500 0.031000 0.028000
0 0.777000 0.670500 0.036000 0.036000
0 0.209000 0.426000 0.018000 0.010000
0 0.202000 0.431000 0.020000 0.027000
0 0.722500 0.161000 0.015000 0.014000
0 0.863500 0.491500 0.024000 0.024000
0 0.498500 0.485500 0.020000 0.020000
0 0.526500 0.555000 0.014000 0.018000
0 0.452500 0.703000 0.025000 0.020000
0 0.540000 0.490500 0.019000 0.019000
0 0.586500 0.676000 0.012000 0.014000
0 0.694000 0.343000 0.024000 0.024000
0 0.640000 0.778000 0.016000 0.016000
0 0.330000 0.482500 0.022000 0.023000
0 0.111500 0.495000 0.025000 0.027000
0 0.471000 0.833000 0.026000 0.026000
0 0.490500 0.599500 0.019000 0.025000
0 0.540000 0.333500 0.015000 0.015000
0 0.781000 0.373000 0.015000 0.013000
0 0.552000 0.528000 0.016000 0.017000
0 0.506500 0.343000 0.012000 0.014000
0 0.281500 0.311000 0.023000 0.016000
0 0.448500 0.514500 0.029000 0.027000
0 0.567750 0.673000 0.011500 0.011000
0 0.417500 0.282000 0.013000 0.015000
0 0.495500 0.381000 0.016000 0.016000
0 0.421500 0.599000 0.016000 0.009000
0 0.350000 0.772000 0.017000 0.019000
0 0.490000 0.455500 0.022000 0.029000
0 0.272000 0.295500 0.025000 0.025000
0 0.644500 0.597500 0.028000 0.027000
0 0.878500 0.488000 0.011000 0.012000
0 0.761500 0.234000 0.027000 0.017000
0 0.511500 0.489000 0.027000 0.019000
0 0.758000 0.468500 0.022000 0.027000
0 0.507500 0.491500 0.018000 0.018000
0 0.509000 0.417500 0.016000 0.014000
0 0.280000 0.393500 0.023000 0.025000
0 0.404500 0.489000 0.015000 0.013000
0 0.496500 0.469000 0.013000 0.009000
0 0.675000 0.525500 0.024000 0.024000
0 0.479000 0.516000 0.017000 0.025000
0 0.494000 0.391500 0.024000 0.016000
0 0.308500 0.659000 0.019000 0.028000
0 0.577000 0.640500 0.030000 0.030000
0 0.401000 0.842000 0.026000 0.031000
0 0.601000 0.112500 0.016000 0.014000
0 0.492500 0.759500 0.016000 0.018000
0 0.552500 0.188000 0.017000 0.014000
0 0.500000 0.496750 0.011000 0.014500
0 0.509500 0.715000 0.018000 0.020000
0 0.484500 0.634500 0.035000 0.020000
0 0.701000 0.232500 0.026000 0.026000
0 0.632500 0.636500 0.028000 0.030000
0 0.278000 0.416500 0.015000 0.013000
0 0.761500 0.668500 0.008000 0.014000
0 0.419000 0.419000 0.023000 0.020000
0 0.666000 0.574000 0.014000 0.014000
0 0.510500 0.430000 0.013000 0.012000
0 0.459500 0.424500 0.022000 0.023000
0 0.886000 0.610500 0.015000 0.016000
0 0.736000 0.207000 0.016000 0.014000
0 0.395500 0.486500 0.012000 0.012000
0 0.562000 0.489000 0.021000 0.025000
0 0.859000 0.344500 0.012000 0.012000
0 0.718500 0.824000 0.034000 0.033000
0 0.393500 0.812000 0.021000 0.021000
0 0.304500 0.402000 0.016000 0.019000
0 0.413500 0.398000 0.013000 0.014000
0 0.623500 0.642000 0.014000 0.016000
0 0.734500 0.747500 0.015000 0.016000
0 0.387000 0.571000 0.028000 0.027000
0 0.301000 0.583500 0.015000 0.018000
0 0.586500 0.621000 0.031000 0.024000
0 0.597500 0.462000 0.013000 0.016000
0 0.569500 0.515000 0.034000 0.034000
0 0.539500 0.755000 0.015000 0.017000
0 0.236500 0.317500 0.009000 0.010000
0 0.612500 0.856000 0.018000 0.010000
0 0.363000 0.396500 0.024000 0.024000
0 0.504500 0.496500 0.035000 0.034000
0 0.404000 0.428500 0.022000 0.028000
0 0.316000 0.423000 0.013000 0.012000
0 0.634000 0.796500 0.022000 0.020000
0 0.735500 0.253500 0.010000 0.010000
0 0.747500 0.547500 0.024000 0.021000
0 0.388500 0.669500 0.017000 0.016000
0 0.585000 0.564000 0.009000 0.009000
0 0.175250 0.359000 0.020500 0.015000
0 0.599500 0.420500 0.016000 0.016000
0 0.591500 0.341000 0.021000 0.021000
0 0.794500 0.357500 0.020000 0.018000
0 0.751500 0.464500 0.022000 0.018000
0 0.152000 0.483500 0.018000 0.020000
0 0.830000 0.543500 0.015000 0.012000
0 0.836500 0.496750 0.016000 0.020500
0 0.103500 0.407500 0.009000 0.010000
0 0.505750 0.259750 0.017500 0.017500
0 0.626000 0.494000 0.017000 0.018000
0 0.718500 0.401000 0.036000 0.029000
0 0.632000 0.499000 0.016000 0.022000
0 0.496500 0.637000 0.022000 0.017000
0 0.137500 0.622500 0.016000 0.016000
0 0.528500 0.401500 0.028000 0.030000
0 0.618000 0.535500 0.012000 0.014000
0 0.594500 0.510000 0.013000 0.012000
0 0.552500 0.269500 0.018000 0.018000
0 0.727500 0.578500 0.019000 0.021000
0 0.469500 0.431500 0.015000 0.016000
0 0.404000 0.680500 0.023000 0.024000
0 0.913000 0.498500 0.022000 0.022000
0 0.774000 0.524000 0.023000 0.022000
0 0.332500 0.570000 0.014000 0.014000
0 0.252000 0.331000 0.009000 0.009000
0 0.710500 0.752500 0.029000 0.029000
0 0.246500 0.434500 0.013000 0.014000
0 0.264000 0.371000 0.017000 0.021000
0 0.599000 0.644500 0.018000 0.018000
0 0.599000 0.476500 0.015000 0.012000
0 0.373500 0.811500 0.025000 0.023000
0 0.309500 0.174000 0.017000 0.013000
0 0.334000 0.285500 0.016000 0.021000
0 0.771500 0.287000 0.020000 0.022000
0 0.775500 0.184500 0.021000 0.022000
0 0.659000 0.537000 0.027000 0.034000
0 0.402000 0.619500 0.014000 0.015000
0 0.505000 0.502500 0.015000 0.013000
0 0.359750 0.678750 0.020500 0.021500
0 0.473000 0.385500 0.020000 0.015000
0 0.614000 0.151500 0.024000 0.024000
0 0.667000 0.652000 0.019000 0.018000
0 0.877500 0.346500 0.017000 0.012000
0 0.275500 0.738000 0.012000 0.012000
0 0.556500 0.656500 0.010000 0.013000
0 0.285000 0.352000 0.014000 0.014000
0 0.460000 0.551500 0.020000 0.019000
0 0.739500 0.439000 0.020000 0.018000
0 0.827000 0.663000 0.018000 0.018000
0 0.191000 0.372000 0.017000 0.017000
0 0.543500 0.404500 0.028000 0.019000
0 0.143000 0.654500 0.017000 0.025000
0 0.533500 0.409000 0.024000 0.022000
0 0.396000 0.319500 0.023000 0.024000
0 0.795000 0.335500 0.022000 0.024000
0 0.097000 0.383500 0.023000 0.024000
0 0.547000 0.252000 0.020000 0.025000
0 0.650000 0.645000 0.013000 0.013000
0 0.771000 0.515500 0.010000 0.016000
0 0.484000 0.532000 0.014000 0.023000
0 0.787000 0.499750 0.012000 0.011500
0 0.618500 0.268000 0.015000 0.014000
0 0.352000 0.787000 0.019000 0.017000
0 0.350000 0.731500 0.015000 0.018000
0 0.621000 0.443000 0.024000 0.023000
0 0.297250 0.506000 0.026500 0.018000
0 0.337500 0.373500 0.012000 0.012000
0 0.532500 0.533000 0.012000 0.014000
0 0.492000 0.584500 0.015000 0.015000
0 0.504500 0.550500 0.011000 0.016000
0 0.259500 0.515500 0.027000 0.027000
0 0.393500 0.786000 0.025000 0.024000
0 0.589000 0.358500 0.019000 0.018000
0 0.309000 0.377500 0.013000 0.013000
0 0.606500 0.464500 0.026000 0.022000
0 0.437000 0.900500 0.023000 0.023000
0 0.352000 0.496000 0.019000 0.019000
0 0.379500 0.401000 0.020000 0.017000
0 0.309500 0.522000 0.018000 0.017000
0 0.421500 0.805000 0.011000 0.012000
0 0.545500 0.222500 0.019000 0.021000
0 0.473000 0.482500 0.033000 0.029000
0 0.280000 0.143500 0.014000 0.018000
0 0.427500 0.393500 0.012000 0.012000
0 0.544000 0.324000 0.029000 0.026000
0 0.504000 0.370500 0.024000 0.021000
0 0.314000 0.748000 0.030000 0.024000
0 0.274500 0.610500 0.022000 0.024000
0 0.734500 0.768500 0.018000 0.016000
0 0.711500 0.295500 0.019000 0.018000
0 0.395000 0.302000 0.018000 0.015000
0 0.675500 0.702000 0.021000 0.022000
0 0.397500 0.408500 0.019000 0.013000
0 0.834500 0.729500 0.026000 0.026000
0 0.680000 0.763000 0.017000 0.022000
0 0.514000 0.690500 0.012000 0.015000
0 0.350500 0.576000 0.017000 0.023000
0 0.331000 0.161500 0.018000 0.022000
0 0.167000 0.564000 0.019000 0.019000
0 0.554500 0.584500 0.022000 0.026000
0 0.668500 0.274500 0.017000 0.016000
0 0.325500 0.510500 0.019000 0.021000
0 0.509000 0.358000 0.012000 0.013000
0 0.789000 0.484500 0.011000 0.013000
0 0.571500 0.840000 0.016000 0.016000
0 0.469000 0.544500 0.013000 0.015000
0 0.577500 0.515000 0.018000 0.016000
0 0.306500 0.537500 0.031000 0.034000
0 0.178000 0.504500 0.014000 0.023000
0 0.797000 0.395000 0.019000 0.020000
0 0.850500 0.281000 0.028000 0.020000
0 0.574000 0.575000 0.029000 0.029000
0 0.339000 0.462500 0.027000 0.028000
0 0.310500 0.717500 0.013000 0.019000
0 0.437000 0.359500 0.016000 0.020000
0 0.523000 0.408500 0.018000 0.013000
0 0.774500 0.532500 0.017000 0.016000
0 0.661500 0.602500 0.011000 0.012000
0 0.158000 0.516000 0.017000 0.019000
0 0.642000 0.325500 0.014000 0.018000
0 0.466500 0.387250 0.022000 0.023500
0 0.730000 0.833000 0.016000 0.013000
0 0.531000 0.675500 0.014000 0.014000
0 0.556750 0.195500 0.023500 0.017000
0 0.373000 0.448000 0.013000 0.010000
0 0.489500 0.424500 0.028000 0.021000
0 0.570250 0.563500 0.014500 0.011000
0 0.589500 0.271500 0.026000 0.025000
0 0.669000 0.733000 0.026000 0.028000
0 0.770500 0.439000 0.029000 0.019000
0 0.765000 0.218500 0.029000 0.036000
0 0.118500 0.610500 0.014000 0.015000
0 0.482000 0.878000 0.011000 0.014000
0 0.136500 0.353000 0.022000 0.017000
0 0.500500 0.839000 0.025000 0.022000
0 0.746500 0.234000 0.014000 0.014000
0 0.628000 0.372000 0.023000 0.024000
0 0.491000 0.486500 0.016000 0.016000
0 0.249000 0.419500 0.015000 0.019000
0 0.758500 0.660000 0.017000 0.017000
0 0.757000 0.586500 0.024000 0.027000
0 0.394000 0.853000 0.019000 0.018000
0 0.397500 0.450000 0.019000 0.019000
0 0.427500 0.279000 0.020000 0.017000
0 0.473500 0.770000 0.010000 0.013000
0 0.451000 0.775500 0.024000 0.025000
0 0.340500 0.496000 0.018000 0.019000
0 0.120000 0.561500 0.021000 0.017000
0 0.422500 0.339000 0.026000 0.028000
0 0.508500 0.486500 0.029000 0.028000
0 0.555000 0.641500 0.024000 0.026000
0 0.250000 0.629500 0.019000 0.017000
0 0.868500 0.325000 0.015000 0.011000
0 0.623000 0.806500 0.015000 0.016000
0 0.523000 0.423500 0.013000 0.018000
0 0.548500 0.570000 0.015000 0.016000
0 0.589500 0.412000 0.028000 0.030000
0 0.442000 0.340500 0.027000 0.026000
0 0.680000 0.811000 0.020000 0.019000
0 0.605500 0.494500 0.026000 0.023000
0 0.631000 0.456500 0.027000 0.028000
0 0.350000 0.181500 0.029000 0.028000
0 0.607000 0.826500 0.013000 0.011000
0 0.316500 0.777000 0.016000 0.013000
0 0.377000 0.419500 0.018000 0.018000
0 0.906500 0.545000 0.019000 0.018000
0 0.671000 0.119000 0.022000 0.018000
0 0.439500 0.530500 0.019000 0.022000
0 0.447500 0.558000 0.027000 0.032000
0 0.775000 0.656000 0.026000 0.025000
0 0.114500 0.546500 0.025000 0.018000
0 0.449500 0.147000 0.021000 0.018000
0 0.433000 0.497500 0.016000 0.014000
0 0.283000 0.526500 0.022000 0.028000
0 0.146500 0.607000 0.022000 0.023000
0 0.482500 0.652000 0.031000 0.035000
0 0.786000 0.393000 0.017000 0.015000
0 0.415250 0.319500 0.011500 0.010000
0 0.211000 0.368500 0.021000 0.017000
0 0.433500 0.657000 0.020000 0.020000
0 0.454500 0.619000 0.025000 0.020000
0 0.711500 0.626000 0.020000 0.025000
0 0.400000 0.732000 0.022000 0.027000
0 0.291000 0.563500 0.032000 0.027000
0 0.635500 0.422000 0.020000 0.016000
0 0.586250 0.371500 0.011500 0.012000
0 0.449500 0.410000 0.013000 0.015000
0 0.153500 0.329000 0.021000 0.022000
0 0.688000 0.523500 0.017000 0.016000
0 0.582000 0.841000 0.018000 0.020000
0 0.507500 0.213000 0.018000 0.016000
0 0.697000 0.371250 0.014000 0.020500
0 0.572500 0.226000 0.018000 0.018000
0 0.594500 0.393500 0.013000 0.014000
0 0.487000 0.353500 0.022000 0.021000
0 0.240500 0.574000 0.022000 0.021000
0 0.606000 0.538000 0.018000 0.028000
0 0.449500 0.661000 0.023000 0.023000
0 0.460500 0.517500 0.018000 0.023000
0 0.862500 0.608500 0.026000 0.018000
0 0.356000 0.349500 0.020000 0.019000
0 0.223500 0.494500 0.013000 0.015000
0 0.394500 0.258500 0.015000 0.021000
0 0.720000 0.189000 0.029000 0.031000
0 0.264000 0.789500 0.026000 0.025000
0 0.700500 0.349500 0.017000 0.019000
0 0.428750 0.446000 0.020500 0.016000
0 0.435000 0.301000 0.020000 0.021000
0 0.847500 0.679000 0.027000 0.021000
0 0.357500 0.275500 0.020000 0.020000
0 0.514000 0.720000 0.014000 0.011000
0 0.477000 0.596000 0.022000 0.018000
0 0.900000 0.410500 0.017000 0.014000
0 0.453500 0.546000 0.033000 0.028000
0 0.723500 0.554000 0.010000 0.012000
0 0.277000 0.386500 0.023000 0.025000
0 0.530000 0.283500 0.015000 0.015000
0 0.240500 0.816500 0.029000 0.028000
0 0.519000 0.388000 0.015000 0.017000
0 0.452500 0.435000 0.022000 0.023000
0 0.722000 0.234000 0.012000 0.012000
0 0.399000 0.719000 0.021000 0.020000
0 0.501500 0.423500 0.015000 0.014000
0 0.705500 0.564500 0.029000 0.025000
0 0.509000 0.606000 0.019000 0.020000
0 0.437000 0.421500 0.019000 0.018000
0 0.382500 0.488500 0.019000 0.024000
0 0.209500 0.743500 0.027000 0.028000
0 0.462000 0.569500 0.027000 0.025000
0 0.092000 0.536500 0.021000 0.024000
0 0.519000 0.571000 0.012000 0.012000
0 0.641500 0.505500 0.012000 0.019000
0 0.509500 0.527500 0.016000 0.016000
0 0.212000 0.510000 0.028000 0.033000
0 0.389000 0.306000 0.016000 0.012000
0 0.135000 0.584000 0.023000 0.026000
0 0.380500 0.697000 0.013000 0.016000
0 0.292000 0.137000 0.020000 0.022000
0 0.536000 0.472500 0.015000 0.011000
0 0.288000 0.377000 0.023000 0.023000
0 0.728000 0.600500 0.017000 0.020000
0 0.364500 0.699500 0.014000 0.023000
0 0.445500 0.688500 0.018000 0.016000
0 0.464000 0.613000 0.017000 0.017000
0 0.366500 0.468500 0.015000 0.021000
0 0.238500 0.662000 0.023000 0.025000
0 0.197500 0.525000 0.029000 0.026000
0 0.181500 0.365000 0.018000 0.018000
0 0.289000 0.788000 0.021000 0.019000
0 0.124500 0.344000 0.015000 0.017000
0 0.750000 0.765500 0.016000 0.013000
0 0.552500 0.558500 0.031000 0.021000
0 0.636500 0.472500 0.023000 0.021000
0 0.488000 0.244000 0.023000 0.030000
0 0.491000 0.156000 0.016000 0.014000
0 0.504000 0.374500 0.030000 0.031000
0 0.601500 0.283500 0.030000 0.032000
0 0.239500 0.740000 0.014000 0.014000
0 0.577500 0.323000 0.027000 0.019000
0 0.647000 0.868500 0.013000 0.016000
0 0.180500 0.507000 0.030000 0.023000
0 0.547500 0.908000 0.019000 0.028000
0 0.731500 0.545000 0.025000 0.024000
0 0.531500 0.450500 0.010000 0.010000
0 0.245000 0.203000 0.027000 0.027000
0 0.671500 0.537500 0.023000 0.019000
0 0.645750 0.394500 0.020500 0.016000
0 0.695500 0.415000 0.011000 0.011000
0 0.390500 0.446500 0.012000 0.011000
0 0.504000 0.516000 0.024000 0.021000
0 0.501000 0.451500 0.020000 0.020000
0 0.834000 0.562000 0.030000 0.026000
0 0.507500 0.848500 0.013000 0.011000
0 0.461000 0.536500 0.009000 0.010000
0 0.392500 0.734500 0.015000 0.022000
0 0.333500 0.421500 0.024000 0.024000
0 0.303500 0.254500 0.020000 0.022000
0 0.434500 0.544500 0.017000 0.022000
0 0.248750 0.665000 0.014500 0.010000
0 0.794500 0.546500 0.019000 0.017000
0 0.487000 0.644000 0.016000 0.020000
0 0.276000 0.548000 0.014000 0.019000
0 0.668000 0.539500 0.029000 0.029000
0 0.174000 0.486000 0.022000 0.021000
0 0.554500 0.672000 0.024000 0.029000
0 0.390500 0.658000 0.020000 0.014000
0 0.461000 0.505500 0.019000 0.019000
0 0.636000 0.581500 0.027000 0.024000
0 0.242500 0.824000 0.024000 0.028000
0 0.444000 0.512500 0.019000 0.019000
0 0.450500 0.454000 0.019000 0.019000
0 0.434000 0.860000 0.012000 0.011000
0 0.579000 0.853500 0.015000 0.018000
0 0.499500 0.720000 0.010000 0.011000
0 0.419500 0.581500 0.026000 0.031000
0 0.533000 0.524500 0.015000 0.013000
0 0.499500 0.731000 0.023000 0.022000
0 0.547500 0.506500 0.015000 0.013000
0 0.256000 0.206000 0.031000 0.021000
0 0.524500 0.525000 0.009000 0.010000
0 0.888000 0.499500 0.022000 0.019000
0 0.684500 0.129000 0.019000 0.017000
0 0.393000 0.833500 0.013000 0.015000
0 0.603500 0.593500 0.019000 0.022000
0 0.608500 0.633000 0.022000 0.027000
0 0.541000 0.229000 0.013000 0.010000
0 0.479000 0.524500 0.013000 0.015000
0 0.522500 0.505000 0.025000 0.025000
0 0.610000 0.386500 0.022000 0.021000
0 0.352000 0.671000 0.016000 0.018000
0 0.396500 0.215000 0.020000 0.020000
0 0.546000 0.641000 0.017000 0.017000
0 0.536000 0.460000 0.014000 0.018000
0 0.308500 0.416500 0.029000 0.032000
0 0.615500 0.763500 0.017000 0.016000
0 0.757500 0.409500 0.010000 0.012000
0 0.491500 0.790500 0.018000 0.020000
0 0.520000 0.436500 0.014000 0.015000
0 0.481000 0.482000 0.014000 0.014000
0 0.167000 0.427000 0.011000 0.012000
0 0.442000 0.491500 0.009000 0.008000
0 0.488000 0.535500 0.016000 0.012000
0 0.676000 0.181500 0.020000 0.023000
0 0.881000 0.505500 0.029000 0.031000
0 0.662000 0.409500 0.024000 0.022000
0 0.495500 0.343500 0.014000 0.015000
0 0.540000 0.118500 0.009000 0.014000
0 0.500000 0.101000 0.029000 0.028000
0 0.342500 0.313000 0.011000 0.014000
0 0.408000 0.175500 0.015000 0.011000
0 0.465500 0.642500 0.010000 0.015000
0 0.281000 0.338000 0.020000 0.018000
0 0.475500 0.405000 0.012000 0.012000
0 0.281000 0.198500 0.021000 0.018000
0 0.427000 0.508500 0.013000 0.013000
0 0.101500 0.370000 0.012000 0.013000
0 0.756000 0.310000 0.014000 0.011000
0 0.759000 0.594000 0.027000 0.024000
0 0.606500 0.882000 0.010000 0.010000
0 0.466000 0.255000 0.011000 0.011000
0 0.465500 0.396000 0.022000 0.021000
0 0.318500 0.250500 0.029000 0.028000
0 0.081500 0.514000 0.020000 0.020000
0 0.524500 0.596500 0.016000 0.013000
0 0.417000 0.904000 0.020000 0.016000
0 0.673000 0.356000 0.022000 0.021000
0 0.573500 0.584500 0.020000 0.020000
0 0.501500 0.566000 0.027000 0.020000
0 0.226500 0.452500 0.015000 0.020000
0 0.607000 0.190000 0.026000 0.029000
0 0.782000 0.600500 0.025000 0.024000
0 0.798000 0.671500 0.021000 0.015000
0 0.350500 0.233000 0.013000 0.015000
0 0.450000 0.571500 0.023000 0.029000
0 0.663000 0.612500 0.013000 0.014000
0 0.591000 0.302000 0.009000 0.008000
0 0.390500 0.414500 0.018000 0.019000
0 0.239750 0.722000 0.017500 0.012000
0 0.417000 0.288500 0.018000 0.018000
0 0.362500 0.607000 0.024000 0.024000
0 0.353500 0.509000 0.023000 0.024000
0 0.714000 0.576000 0.015000 0.021000
0 0.296000 0.715000 0.018000 0.019000
0 0.335500 0.387500 0.022000 0.021000
0 0.276500 0.594000 0.021000 0.019000
0 0.236500 0.758000 0.012000 0.011000
0 0.477500 0.562000 0.030000 0.029000
0 0.754500 0.635000 0.018000 0.016000
0 0.613500 0.672500 0.024000 0.023000
0 0.789000 0.464500 0.017000 0.021000
0 0.798000 0.286500 0.028000 0.031000
0 0.233000 0.253000 0.013000 0.009000
0 0.509000 0.160000 0.009000 0.017000
0 0.522500 0.412000 0.029000 0.022000
0 0.523000 0.561000 0.022000 0.028000
0 0.101500 0.520000 0.026000 0.022000
0 0.349000 0.680500 0.017000 0.015000
0 0.730500 0.494000 0.029000 0.022000
0 0.355500 0.700500 0.016000 0.014000
0 0.495500 0.497500 0.019000 0.013000
0 0.316500 0.469500 0.015000 0.015000
0 0.626000 0.479500 0.024000 0.033000
0 0.639500 0.448500 0.035000 0.035000
0 0.351500 0.750000 0.017000 0.016000
0 0.553500 0.489500 0.018000 0.021000
0 0.567500 0.500000 0.021000 0.024000
0 0.312000 0.390000 0.030000 0.027000
0 0.671000 0.744500 0.013000 0.012000
0 0.369000 0.755000 0.031000 0.030000
0 0.636500 0.377500 0.019000 0.024000
0 0.521500 0.546500 0.022000 0.020000
0 0.385000 0.215500 0.021000 0.018000
0 0.646000 0.641500 0.016000 0.011000
0 0.602000 0.432000 0.014000 0.014000
0 0.720000 0.424000 0.014000 0.015000
0 0.831000 0.471000 0.029000 0.033000
0 0.753500 0.423000 0.011000 0.012000
0 0.396000 0.466500 0.022000 0.022000
0 0.718000 0.675000 0.013000 0.014000
0 0.520000 0.443500 0.029000 0.029000
0 0.595000 0.804500 0.014000 0.012000
0 0.327500 0.639000 0.025000 0.024000
0 0.527500 0.334000 0.020000 0.015000
0 0.556500 0.106000 0.022000 0.026000
0 0.627000 0.504500 0.023000 0.018000
0 0.576000 0.461000 0.012000 0.009000
0 0.407500 0.582500 0.026000 0.026000
0 0.851500 0.353500 0.023000 0.024000
0 0.652000 0.291500 0.022000 0.021000
0 0.262000 0.557500 0.010000 0.010000
0 0.410000 0.777000 0.011000 0.009000
0 0.470000 0.683500 0.017000 0.016000
0 0.509000 0.659500 0.017000 0.012000
0 0.134500 0.626500 0.026000 0.031000
0 0.262000 0.407500 0.015000 0.012000
0 0.500500 0.350500 0.022000 0.026000
0 0.763000 0.699500 0.032000 0.023000
0 0.552500 0.464500 0.021000 0.024000
0 0.806000 0.360000 0.021000 0.023000
0 0.542500 0.596000 0.016000 0.016000
0 0.524500 0.510500 0.024000 0.026000
0 0.510500 0.573000 0.021000 0.018000
0 0.706000 0.767500 0.019000 0.020000
0 0.632000 0.833500 0.024000 0.025000
0 0.798500 0.339500 0.021000 0.021000
0 0.584000 0.650500 0.022000 0.021000
0 0.877500 0.330000 0.020000 0.026000
0 0.379000 0.363000 0.012000 0.012000
0 0.338500 0.143500 0.013000 0.019000
0 0.345000 0.491500 0.013000 0.010000
0 0.384500 0.854000 0.017000 0.015000
0 0.333000 0.633000 0.022000 0.025000
0 0.736000 0.682500 0.025000 0.028000
0 0.616000 0.280000 0.014000 0.014000
0 0.783500 0.317500 0.019000 0.018000
0 0.620500 0.467000 0.026000 0.020000
0 0.707000 0.422500 0.019000 0.018000
0 0.566500 0.564500 0.030000 0.031000
0 0.597000 0.686250 0.016000 0.020500
0 0.315000 0.664500 0.025000 0.031000
0 0.378500 0.345500 0.018000 0.011000
0 0.712000 0.145000 0.027000 0.022000
0 0.645500 0.156500 0.021000 0.021000
0 0.308000 0.149500 0.019000 0.027000
0 0.391000 0.460500 0.018000 0.020000
0 0.495500 0.641000 0.020000 0.020000
0 0.894000 0.614000 0.011000 0.016000
0 0.545500 0.440500 0.016000 0.017000
0 0.364500 0.649500 0.017000 0.025000
0 0.357500 0.183500 0.021000 0.021000
0 0.426500 0.477000 0.029000 0.028000
0 0.525000 0.574000 0.020000 0.020000
0 0.794000 0.407500 0.031000 0.033000
0 0.137500 0.415000 0.017000 0.015000
0 0.460500 0.202500 0.013000 0.011000
0 0.346000 0.603000 0.013000 0.015000
0 0.408000 0.530000 0.031000 0.029000
0 0.256500 0.577500 0.035000 0.027000
0 0.270000 0.529500 0.026000 0.028000
0 0.219500 0.528500 0.019000 0.015000
0 0.152500 0.709000 0.024000 0.025000
0 0.898500 0.389500 0.018000 0.018000
0 0.592500 0.748000 0.024000 0.017000
0 0.401500 0.764000 0.023000 0.018000
0 0.789500 0.595500 0.019000 0.022000
0 0.349500 0.640500 0.009000 0.013000
0 0.670500 0.559000 0.028000 0.027000
0 0.625500 0.782500 0.016000 0.016000
0 0.775500 0.520500 0.023000 0.028000
0 0.445500 0.347000 0.027000 0.027000
0 0.758000 0.401000 0.025000 0.023000
0 0.484500 0.501500 0.018000 0.024000
0 0.277500 0.159500 0.030000 0.027000
0 0.517500 0.479500 0.024000 0.028000
0 0.433000 0.233500 0.023000 0.020000
0 0.573000 0.771500 0.019000 0.017000
0 0.525500 0.345000 0.019000 0.022000
0 0.203000 0.338500 0.019000 0.017000
0 0.447000 0.211000 0.029000 0.035000
0 0.240500 0.504500 0.016000 0.015000
0 0.709000 0.335500 0.017000 0.018000
0 0.897500 0.469000 0.020000 0.021000
0 0.770500 0.418750 0.016000 0.023500
0 0.506500 0.858000 0.012000 0.013000
0 0.374000 0.419500 0.025000 0.024000
0 0.499000 0.848500 0.016000 0.015000
0 0.560000 0.438500 0.014000 0.017000
0 0.628000 0.124000 0.012000 0.012000
0 0.491500 0.233500 0.011000 0.011000
0 0.554500 0.503500 0.012000 0.015000
0 0.805500 0.457500 0.011000 0.014000
0 0.696000 0.384500 0.016000 0.016000
0 0.648000 0.560000 0.015000 0.015000
0 0.852000 0.661000 0.017000 0.015000
0 0.585000 0.168000 0.022000 0.025000
0 0.211500 0.594000 0.021000 0.019000
0 0.517750 0.577500 0.029500 0.020000
0 0.508000 0.338500 0.012000 0.010000
0 0.321000 0.556500 0.027000 0.018000
0 0.709000 0.544000 0.013000 0.017000
0 0.463500 0.462500 0.021000 0.022000
0 0.319000 0.503500 0.019000 0.017000
0 0.672500 0.670000 0.027000 0.026000
0 0.389500 0.750500 0.023000 0.023000
0 0.754500 0.507000 0.017000 0.017000
0 0.274000 0.574500 0.018000 0.018000
0 0.612750 0.369500 0.014500 0.011000
0 0.423000 0.658500 0.018000 0.016000
0 0.631500 0.709000 0.033000 0.028000
0 0.590500 0.589000 0.015000 0.022000
0 0.598500 0.731000 0.023000 0.022000
0 0.686000 0.852000 0.011000 0.009000