0 0.393500 0.176000 0.017000 0.017000
0 0.445500 0.435500 0.022000 0.028000
0 0.574000 0.346500 0.022000 0.031000
0 0.516000 0.513000 0.023000 0.020000
0 0.613500 0.807000 0.022000 0.027000
0 0.809500 0.371000 0.019000 0.014000
0 0.274500 0.641750 0.023000 0.032500
0 0.401000 0.766500 0.027000 0.030000
0 0.880500 0.553000 0.010000 0.009000
0 0.260000 0.514000 0.011000 0.011000
0 0.339000 0.125500 0.019000 0.015000
0 0.602000 0.706000 0.022000 0.015000
0 0.474000 0.575500 0.014000 0.017000
0 0.808500 0.329500 0.014000 0.015000
0 0.495500 0.359000 0.022000 0.023000
0 0.509500 0.502500 0.012000 0.013000
0 0.528500 0.547500 0.019000 0.017000
0 0.189000 0.676000 0.019000 0.018000
0 0.454000 0.900000 0.020000 0.021000
0 0.788500 0.269000 0.016000 0.020000
0 0.433500 0.431500 0.024000 0.024000
0 0.275500 0.365500 0.027000 0.031000
0 0.839000 0.350500 0.024000 0.019000
0 0.474500 0.486500 0.020000 0.020000
0 0.432000 0.301000 0.035000 0.030000
0 0.815500 0.761500 0.017000 0.024000
0 0.344000 0.455000 0.025000 0.033000
0 0.521500 0.458000 0.029000 0.028000
0 0.440500 0.497000 0.012000 0.012000
0 0.479750 0.693000 0.020500 0.018000
0 0.137500 0.572000 0.033000 0.027000
0 0.538000 0.782500 0.020000 0.019000
0 0.442500 0.299500 0.024000 0.019000
0 0.233000 0.404000 0.018000 0.019000
0 0.580000 0.372500 0.027000 0.022000
0 0.292000 0.180500 0.016000 0.017000
0 0.874000 0.385500 0.025000 0.026000
0 0.268750 0.730000 0.023500 0.016000
0 0.695000 0.645000 0.017000 0.018000
0 0.535500 0.636000 0.024000 0.021000
0 0.268500 0.800500 0.016000 0.014000
0 0.545000 0.565500 0.011000 0.017000
0 0.265000 0.461500 0.022000 0.021000
0 0.288000 0.751500 0.017000 0.019000
0 0.220000 0.501000 0.026000 0.018000
0 0.474500 0.458500 0.019000 0.018000
0 0.578500 0.893000 0.024000 0.031000
0 0.562000 0.321500 0.016000 0.017000
0 0.496000 0.563000 0.014000 0.013000
0 0.285000 0.642500 0.026000 0.019000
0 0.457500 0.478500 0.011000 0.016000
0 0.470500 0.616000 0.023000 0.029000
0 0.640000 0.854000 0.014000 0.011000
0 0.716000 0.663500 0.019000 0.022000
0 0.402000 0.566500 0.017000 0.017000
0 0.476500 0.205000 0.017000 0.027000
0 0.489000 0.530000 0.025000 0.017000
0 0.506000 0.432500 0.027000 0.027000
0 0.342500 0.643000 0.011000 0.017000
0 0.496500 0.500500 0.013000 0.015000
0 0.311000 0.199000 0.023000 0.026000
0 0.635000 0.566500 0.018000 0.020000
0 0.564000 0.444500 0.010000 0.010000
0 0.464000 0.315000 0.027000 0.024000
0 0.596000 0.733500 0.019000 0.020000
0 0.223500 0.592000 0.013000 0.018000
0 0.912000 0.476000 0.027000 0.025000
0 0.718000 0.603000 0.010000 0.014000
0 0.485500 0.240500 0.013000 0.014000
0 0.340000 0.411000 0.011000 0.012000
0 0.540000 0.831500 0.026000 0.026000
0 0.474500 0.345000 0.022000 0.024000
0 0.244500 0.784000 0.014000 0.014000
0 0.729500 0.722500 0.012000 0.012000
0 0.157500 0.654000 0.016000 0.015000
0 0.738000 0.227000 0.017000 0.022000
0 0.795000 0.234500 0.019000 0.019000
0 0.470000 0.438000 0.024000 0.020000
0 0.614500 0.520500 0.018000 0.020000
0 0.642500 0.623000 0.015000 0.017000
0 0.634500 0.290000 0.017000 0.018000
0 0.491500 0.462000 0.031000 0.027000
0 0.584000 0.292000 0.012000 0.012000
0 0.190000 0.331500 0.031000 0.022000
0 0.569500 0.501500 0.032000 0.032000
0 0.271000 0.187500 0.021000 0.026000
0 0.824000 0.563500 0.011000 0.012000
0 0.235000 0.267500 0.018000 0.022000
0 0.655500 0.388500 0.028000 0.029000
0 0.152000 0.426000 0.015000 0.015000
0 0.579500 0.542500 0.019000 0.018000
0 0.781000 0.247500 0.013000 0.014000
0 0.533500 0.477500 0.010000 0.010000
0 0.535000 0.606500 0.021000 0.020000
0 0.353000 0.637500 0.010000 0.011000
0 0.664000 0.328000 0.019000 0.019000
0 0.413750 0.514500 0.014500 0.011000
0 0.784500 0.628500 0.018000 0.017000
0 0.747000 0.273000 0.023000 0.021000
0 0.565000 0.849500 0.021000 0.021000
0 0.242000 0.437000 0.026000 0.023000
0 0.436000 0.835000 0.011000 0.016000
0 0.289000 0.396000 0.018000 0.018000
0 0.595500 0.508500 0.016000 0.023000
0 0.556000 0.278500 0.009000 0.013000
0 0.606500 0.612500 0.018000 0.018000
0 0.512000 0.786500 0.022000 0.018000
0 0.739500 0.554500 0.025000 0.021000
0 0.785500 0.731250 0.018000 0.023500
0 0.365500 0.781000 0.012000 0.012000
0 0.308500 0.234000 0.012000 0.016000
0 0.395000 0.302500 0.016000 0.015000
0 0.490000 0.554000 0.012000 0.015000
0 0.511000 0.565000 0.027000 0.025000
0 0.559500 0.510000 0.015000 0.017000
0 0.869500 0.339000 0.010000 0.012000
0 0.693500 0.590500 0.024000 0.027000
0 0.213000 0.347500 0.012000 0.011000
0 0.831000 0.401500 0.026000 0.026000
0 0.399500 0.142500 0.023000 0.018000
0 0.295000 0.679000 0.028000 0.031000
0 0.569500 0.724500 0.012000 0.015000
0 0.491000 0.488500 0.015000 0.016000
0 0.644500 0.718000 0.013000 0.010000
0 0.611500 0.282000 0.023000 0.015000
0 0.532500 0.384000 0.013000 0.016000
0 0.195000 0.235000 0.027000 0.026000
0 0.569000 0.789000 0.019000 0.019000
0 0.360500 0.517000 0.021000 0.022000
0 0.417000 0.558500 0.021000 0.024000
0 0.549000 0.493000 0.024000 0.015000
0 0.839000 0.560500 0.014000 0.011000
0 0.645500 0.141000 0.017000 0.014000
0 0.816000 0.775000 0.014000 0.015000
0 0.173000 0.427000 0.026000 0.020000
0 0.423500 0.308000 0.022000 0.023000
0 0.586500 0.356500 0.018000 0.023000
0 0.720000 0.587000 0.021000 0.018000
0 0.668500 0.208000 0.023000 0.024000
0 0.868500 0.306500 0.019000 0.023000
0 0.409000 0.794500 0.015000 0.015000
0 0.433000 0.682000 0.020000 0.020000
0 0.355000 0.418000 0.016000 0.018000
0 0.682000 0.875750 0.020000 0.026500
0 0.802500 0.624000 0.026000 0.028000
0 0.261000 0.380500 0.021000 0.022000
0 0.880500 0.471500 0.020000 0.021000
0 0.652000 0.559500 0.015000 0.022000
0 0.370000 0.654500 0.010000 0.010000
0 0.480500 0.269000 0.018000 0.020000
0 0.854500 0.550000 0.021000 0.019000
0 0.566500 0.434000 0.024000 0.019000
0 0.521500 0.285500 0.029000 0.026000
0 0.682500 0.601500 0.025000 0.026000
0 0.341500 0.577500 0.013000 0.013000
0 0.543250 0.596250 0.026500 0.027500
0 0.900500 0.428000 0.018000 0.024000
0 0.551000 0.561000 0.017000 0.018000
0 0.554750 0.567000 0.014500 0.010000
0 0.887000 0.349500 0.009000 0.013000
0 0.530000 0.289000 0.018000 0.021000
0 0.286500 0.184500 0.011000 0.013000
0 0.429000 0.209500 0.016000 0.018000
0 0.423500 0.706000 0.016000 0.015000
0 0.551500 0.429500 0.010000 0.010000
0 0.285000 0.150500 0.015000 0.015000
0 0.476000 0.493500 0.032000 0.020000
0 0.651500 0.165500 0.029000 0.027000
0 0.301000 0.196500 0.023000 0.023000
0 0.618000 0.505500 0.022000 0.031000
0 0.471500 0.580000 0.012000 0.012000
0 0.568000 0.514500 0.026000 0.026000
0 0.505500 0.511000 0.017000 0.022000
0 0.569500 0.611250 0.019000 0.020500
0 0.576000 0.677000 0.024000 0.022000
0 0.774500 0.310000 0.019000 0.017000
0 0.557500 0.227500 0.019000 0.032000
0 0.380500 0.130500 0.012000 0.015000
0 0.351500 0.355500 0.015000 0.012000
0 0.576000 0.412500 0.020000 0.021000
0 0.196500 0.327000 0.015000 0.012000
0 0.764500 0.619500 0.020000 0.014000
0 0.503500 0.906000 0.018000 0.016000
0 0.727500 0.362500 0.020000 0.025000
0 0.828500 0.529500 0.009000 0.010000
0 0.423500 0.174000 0.011000 0.015000
0 0.612500 0.438500 0.017000 0.019000
0 0.460000 0.569000 0.018000 0.017000
0 0.431500 0.406000 0.015000 0.015000
0 0.219500 0.208000 0.019000 0.023000
0 0.248500 0.327500 0.015000 0.017000
0 0.351500 0.412000 0.010000 0.013000
0 0.675500 0.874500 0.014000 0.011000
0 0.827000 0.276500 0.024000 0.024000
0 0.442000 0.667000 0.025000 0.022000
0 0.620000 0.233500 0.028000 0.031000
0 0.469500 0.557000 0.023000 0.030000
0 0.428000 0.347500 0.020000 0.022000
0 0.543500 0.500000 0.031000 0.020000
0 0.379000 0.589000 0.023000 0.019000
0 0.724500 0.395000 0.022000 0.021000
0 0.480500 0.723500 0.028000 0.027000
0 0.411000 0.492500 0.016000 0.011000
0 0.453500 0.417500 0.015000 0.020000
0 0.417500 0.593000 0.025000 0.022000
0 0.699500 0.535500 0.026000 0.033000
0 0.775500 0.194000 0.019000 0.019000
0 0.633500 0.526500 0.008000 0.009000
0 0.551000 0.579000 0.034000 0.030000
0 0.434000 0.493500 0.025000 0.022000
0 0.670000 0.461500 0.024000 0.024000
0 0.581000 0.515000 0.033000 0.028000
0 0.500000 0.499250 0.024000 0.026500
0 0.607000 0.343000 0.017000 0.019000
0 0.667000 0.706500 0.020000 0.021000
0 0.555000 0.436500 0.029000 0.028000
0 0.706500 0.296500 0.013000 0.015000
0 0.422500 0.513000 0.016000 0.015000
0 0.376000 0.594000 0.010000 0.011000
0 0.653000 0.652500 0.014000 0.009000
0 0.364500 0.770500 0.021000 0.022000
0 0.284500 0.565500 0.012000 0.022000
0 0.455500 0.574500 0.023000 0.022000
0 0.635500 0.799000 0.016000 0.016000
0 0.265500 0.300000 0.016000 0.015000
0 0.540000 0.657000 0.014000 0.013000
0 0.487500 0.590500 0.014000 0.014000
0 0.623000 0.413000 0.033000 0.035000
0 0.635500 0.211000 0.016000 0.011000
0 0.463000 0.855500 0.019000 0.023000
0 0.634000 0.157000 0.029000 0.028000
0 0.480500 0.434000 0.013000 0.014000
0 0.220500 0.783500 0.031000 0.021000
0 0.884000 0.504000 0.022000 0.019000
0 0.348000 0.468500 0.024000 0.031000
0 0.403000 0.363000 0.024000 0.026000
0 0.426500 0.417000 0.016000 0.015000
0 0.822500 0.488500 0.018000 0.019000
0 0.550500 0.305500 0.031000 0.026000
0 0.742500 0.681000 0.019000 0.016000
0 0.531500 0.692000 0.018000 0.023000
0 0.730000 0.331000 0.011000 0.008000
0 0.456000 0.232000 0.015000 0.015000
0 0.715000 0.353000 0.018000 0.019000
0 0.875000 0.504250 0.012000 0.014500
0 0.501500 0.444500 0.016000 0.015000
0 0.764500 0.440500 0.031000 0.020000
0 0.734000 0.485500 0.031000 0.027000
0 0.873500 0.620000 0.021000 0.020000
0 0.188500 0.527500 0.030000 0.025000
0 0.693500 0.501500 0.018000 0.021000
0 0.151000 0.548000 0.028000 0.028000
0 0.755500 0.647500 0.028000 0.026000
0 0.506500 0.526500 0.020000 0.022000
0 0.577000 0.790000 0.014000 0.015000
0 0.515000 0.506500 0.029000 0.024000
0 0.770000 0.263500 0.022000 0.025000
0 0.675500 0.435500 0.012000 0.013000
0 0.397000 0.649500 0.014000 0.013000
0 0.553000 0.490000 0.018000 0.017000
0 0.365000 0.578000 0.030000 0.031000
0 0.602500 0.235250 0.022000 0.026500
0 0.631000 0.557500 0.026000 0.025000
0 0.502500 0.485500 0.023000 0.022000
0 0.335500 0.274500 0.017000 0.012000
0 0.497500 0.553000 0.020000 0.022000
0 0.706500 0.193500 0.021000 0.022000
0 0.427000 0.324500 0.021000 0.021000
0 0.557000 0.420000 0.013000 0.010000
0 0.401000 0.390250 0.010000 0.014500
0 0.440000 0.575000 0.028000 0.024000
0 0.626000 0.438000 0.024000 0.021000
0 0.540500 0.327250 0.008000 0.011500
0 0.601500 0.110500 0.015000 0.010000
0 0.387000 0.193500 0.025000 0.026000
0 0.676000 0.634500 0.028000 0.020000
0 0.414500 0.843000 0.011000 0.018000
0 0.653000 0.616500 0.011000 0.015000
0 0.818500 0.519000 0.015000 0.015000
0 0.779000 0.487000 0.027000 0.019000
0 0.407500 0.356000 0.019000 0.013000
0 0.854000 0.603000 0.019000 0.017000
0 0.507500 0.480500 0.019000 0.017000
0 0.175500 0.450500 0.012000 0.012000
0 0.472500 0.712500 0.026000 0.024000
0 0.492500 0.436000 0.026000 0.025000
0 0.600000 0.870500 0.015000 0.012000
0 0.409500 0.595000 0.020000 0.018000
0 0.494500 0.262500 0.017000 0.015000
0 0.583500 0.311500 0.014000 0.017000
0 0.657500 0.672500 0.021000 0.022000
0 0.394500 0.559000 0.018000 0.016000
0 0.368500 0.253000 0.016000 0.015000
0 0.556500 0.592500 0.022000 0.019000
0 0.521000 0.541500 0.022000 0.020000
0 0.310000 0.336500 0.027000 0.032000
0 0.773000 0.404000 0.016000 0.016000
0 0.717000 0.516000 0.028000 0.026000
0 0.493500 0.662000 0.022000 0.021000
0 0.396500 0.475000 0.015000 0.016000
0 0.128000 0.318500 0.015000 0.012000
0 0.570000 0.587000 0.015000 0.017000
0 0.660500 0.378500 0.019000 0.021000
0 0.542500 0.531000 0.018000 0.016000
0 0.784000 0.325500 0.015000 0.016000
0 0.688000 0.423000 0.020000 0.020000
0 0.462000 0.518500 0.031000 0.030000
0 0.564500 0.480500 0.010000 0.012000
0 0.879500 0.669000 0.017000 0.017000
0 0.452000 0.535000 0.025000 0.021000
0 0.226500 0.513500 0.026000 0.024000
0 0.253250 0.455500 0.014500 0.010000
0 0.203500 0.684000 0.011000 0.016000
0 0.530250 0.484000 0.017500 0.012000
0 0.516500 0.549000 0.018000 0.017000
0 0.119500 0.667000 0.013000 0.009000
0 0.233000 0.356000 0.026000 0.027000
0 0.491500 0.133000 0.017000 0.016000
0 0.467000 0.486000 0.012000 0.017000
0 0.422000 0.736000 0.019000 0.016000
0 0.524500 0.602000 0.013000 0.014000
0 0.496000 0.688500 0.034000 0.032000
0 0.553500 0.462000 0.014000 0.018000
0 0.486500 0.507000 0.018000 0.018000
0 0.602500 0.622000 0.012000 0.014000
0 0.554500 0.809000 0.018000 0.023000
0 0.600000 0.257500 0.031000 0.030000
0 0.610500 0.642000 0.021000 0.021000
0 0.795000 0.757000 0.009000 0.013000
0 0.470500 0.151500 0.024000 0.022000
0 0.502000 0.466500 0.012000 0.014000
0 0.591000 0.490000 0.023000 0.023000
0 0.442000 0.467000 0.024000 0.024000
0 0.699500 0.370500 0.011000 0.017000
0 0.538000 0.511500 0.021000 0.022000
0 0.370000 0.756500 0.021000 0.021000
0 0.254000 0.793500 0.027000 0.023000
0 0.439500 0.702500 0.022000 0.023000
0 0.466000 0.812500 0.019000 0.028000
0 0.286000 0.381500 0.015000 0.017000
0 0.188500 0.602000 0.018000 0.017000
0 0.458000 0.499000 0.020000 0.020000
0 0.777500 0.620000 0.026000 0.025000
0 0.805000 0.382000 0.022000 0.024000
0 0.628000 0.433000 0.009000 0.009000
0 0.232500 0.547000 0.021000 0.016000
0 0.599500 0.500500 0.019000 0.025000
0 0.816000 0.602000 0.026000 0.019000
0 0.143500 0.289500 0.028000 0.026000
0 0.424000 0.425500 0.033000 0.032000
0 0.430500 0.138500 0.013000 0.014000
0 0.648000 0.708500 0.021000 0.027000
0 0.592000 0.346000 0.024000 0.024000
0 0.423500 0.156500 0.017000 0.015000
0 0.404000 0.474500 0.014000 0.015000
0 0.409500 0.445500 0.023000 0.021000
0 0.457500 0.530500 0.010000 0.012000
0 0.439500 0.242500 0.017000 0.018000
0 0.756000 0.761000 0.018000 0.018000
0 0.329000 0.655500 0.024000 0.030000
0 0.698000 0.629500 0.015000 0.019000
0 0.641500 0.769000 0.026000 0.036000
0 0.372000 0.849500 0.021000 0.020000
0 0.483500 0.702000 0.015000 0.016000
0 0.646000 0.179000 0.018000 0.013000
0 0.482000 0.545500 0.020000 0.024000
0 0.522500 0.510500 0.010000 0.010000
0 0.682500 0.133000 0.015000 0.013000
0 0.325000 0.697500 0.024000 0.025000
0 0.624500 0.619000 0.018000 0.020000
0 0.681000 0.229000 0.013000 0.010000
0 0.822500 0.582000 0.031000 0.021000
0 0.596500 0.579500 0.025000 0.018000
0 0.398500 0.381500 0.032000 0.025000
0 0.737500 0.187500 0.017000 0.009000
0 0.218000 0.706000 0.022000 0.023000
0 0.236500 0.475500 0.018000 0.017000
0 0.729500 0.549500 0.018000 0.022000
0 0.306000 0.368500 0.032000 0.030000
0 0.595000 0.261000 0.011000 0.013000
0 0.468000 0.419500 0.034000 0.033000
0 0.665500 0.259500 0.020000 0.031000
0 0.800000 0.501500 0.033000 0.021000
0 0.145500 0.399500 0.024000 0.024000
0 0.475000 0.555000 0.008000 0.009000
0 0.760000 0.592500 0.012000 0.015000
0 0.752500 0.536500 0.023000 0.019000
0 0.556000 0.532250 0.012000 0.014500
0 0.509500 0.517750 0.012000 0.017500
0 0.570000 0.548000 0.028000 0.027000
0 0.269500 0.471500 0.021000 0.019000
0 0.228000 0.447000 0.015000 0.021000
0 0.717500 0.557000 0.013000 0.012000
0 0.414500 0.718500 0.019000 0.014000
0 0.426000 0.370500 0.016000 0.015000
0 0.307000 0.515500 0.025000 0.026000
0 0.232500 0.383000 0.024000 0.022000
0 0.756000 0.802000 0.029000 0.028000
0 0.544000 0.458500 0.025000 0.025000
0 0.116500 0.479500 0.011000 0.016000
0 0.113500 0.570000 0.023000 0.023000
0 0.429500 0.200000 0.009000 0.009000
0 0.509500 0.259000 0.019000 0.028000
0 0.440500 0.521250 0.020000 0.029500
0 0.752500 0.547000 0.023000 0.027000
0 0.638500 0.490000 0.010000 0.015000
0 0.503000 0.564000 0.009000 0.013000
0 0.505000 0.515500 0.020000 0.019000
0 0.179500 0.744000 0.033000 0.026000
0 0.430500 0.088500 0.009000 0.009000
0 0.367500 0.639000 0.020000 0.014000
0 0.665000 0.337500 0.014000 0.014000
0 0.413500 0.485500 0.015000 0.012000
0 0.141500 0.501000 0.023000 0.024000
0 0.220000 0.798500 0.025000 0.026000
0 0.433000 0.641500 0.024000 0.020000
0 0.502000 0.458500 0.034000 0.030000
0 0.454500 0.491000 0.012000 0.014000
0 0.403000 0.461500 0.015000 0.016000
0 0.574500 0.563000 0.019000 0.014000
0 0.253000 0.523000 0.018000 0.020000
0 0.796500 0.430000 0.025000 0.022000
0 0.651000 0.665500 0.017000 0.015000
0 0.452000 0.456000 0.012000 0.013000
0 0.482500 0.486000 0.019000 0.019000
0 0.306500 0.595000 0.011000 0.014000
0 0.386000 0.568000 0.014000 0.014000
0 0.325500 0.603500 0.016000 0.013000
0 0.733500 0.272000 0.025000 0.027000
0 0.596000 0.690000 0.025000 0.026000
0 0.447000 0.547500 0.011000 0.015000
0 0.538000 0.311500 0.018000 0.017000
0 0.352000 0.481500 0.033000 0.028000
0 0.627500 0.466500 0.022000 0.017000
0 0.443000 0.589500 0.028000 0.021000
0 0.392000 0.494000 0.019000 0.020000
0 0.389500 0.518000 0.022000 0.022000
0 0.837500 0.469000 0.018000 0.020000
0 0.423000 0.866000 0.029000 0.025000
0 0.374500 0.472500 0.024000 0.027000
0 0.763500 0.672000 0.020000 0.023000
0 0.520000 0.575500 0.023000 0.018000
0 0.592000 0.471500 0.020000 0.019000
0 0.476500 0.364000 0.027000 0.031000
0 0.612000 0.489500 0.028000 0.022000
0 0.545000 0.815500 0.020000 0.019000
0 0.633000 0.259500 0.020000 0.014000
0 0.484000 0.469000 0.010000 0.010000
0 0.253500 0.644500 0.012000 0.015000
0 0.589500 0.481500 0.029000 0.026000
0 0.348500 0.718500 0.026000 0.022000
0 0.582000 0.523500 0.014000 0.019000
0 0.438500 0.744000 0.020000 0.020000
0 0.529000 0.814500 0.013000 0.016000
0 0.674000 0.239000 0.025000 0.024000
0 0.912250 0.546500 0.026500 0.020000
0 0.530500 0.423500 0.022000 0.019000
0 0.254000 0.345000 0.013000 0.014000
0 0.572750 0.417000 0.020500 0.014000
0 0.378500 0.246000 0.011000 0.011000
0 0.564000 0.410000 0.020000 0.026000
0 0.340000 0.536000 0.018000 0.018000
0 0.306500 0.531500 0.012000 0.018000
0 0.637000 0.813500 0.014000 0.016000
0 0.719000 0.565500 0.017000 0.017000
0 0.764500 0.426500 0.020000 0.020000
0 0.671500 0.527500 0.031000 0.021000
0 0.787000 0.434500 0.028000 0.022000
0 0.494000 0.844000 0.012000 0.011000
0 0.659500 0.641500 0.015000 0.016000
0 0.544500 0.901500 0.029000 0.022000
0 0.560500 0.341000 0.015000 0.016000
0 0.655000 0.396000 0.013000 0.011000
0 0.384000 0.405500 0.023000 0.019000
0 0.541000 0.134000 0.019000 0.018000
0 0.825000 0.354500 0.029000 0.028000
0 0.250000 0.283500 0.019000 0.014000
0 0.710000 0.496000 0.016000 0.012000
0 0.719500 0.577500 0.016000 0.015000
0 0.362500 0.263500 0.018000 0.019000
0 0.527000 0.489000 0.020000 0.020000
0 0.857000 0.582500 0.034000 0.032000
0 0.558000 0.518000 0.020000 0.013000
0 0.449000 0.372500 0.011000 0.009000
0 0.754000 0.477000 0.018000 0.026000
0 0.589500 0.711500 0.023000 0.018000
0 0.314500 0.501000 0.018000 0.017000
0 0.274000 0.661000 0.028000 0.027000
0 0.446000 0.639500 0.023000 0.015000
0 0.325750 0.548000 0.017500 0.012000
0 0.445500 0.606500 0.015000 0.011000
0 0.095000 0.497500 0.011000 0.013000
0 0.474000 0.778500 0.019000 0.022000
0 0.459000 0.705500 0.017000 0.017000
0 0.505000 0.540500 0.012000 0.012000
0 0.183500 0.387500 0.021000 0.016000
0 0.585250 0.775000 0.011500 0.008000
0 0.668500 0.374000 0.012000 0.016000
0 0.373000 0.442500 0.016000 0.017000
0 0.473500 0.633000 0.008000 0.015000
0 0.526500 0.530500 0.013000 0.016000
0 0.236500 0.706500 0.018000 0.025000
0 0.453500 0.655500 0.026000 0.025000
0 0.884000 0.600500 0.016000 0.016000
0 0.601500 0.131000 0.019000 0.017000
0 0.446000 0.483500 0.019000 0.020000
0 0.533500 0.507500 0.011000 0.009000
0 0.650500 0.389500 0.013000 0.013000
0 0.208500 0.764000 0.028000 0.027000
0 0.755000 0.453000 0.012000 0.014000
0 0.308000 0.459000 0.033000 0.033000
0 0.784000 0.660500 0.019000 0.019000
0 0.554500 0.350500 0.020000 0.017000
0 0.182000 0.500000 0.015000 0.017000
0 0.682000 0.266500 0.014000 0.015000
0 0.631000 0.512500 0.015000 0.016000
0 0.615500 0.375500 0.029000 0.030000
0 0.428500 0.524000 0.014000 0.010000
0 0.494500 0.324000 0.008000 0.013000
0 0.433500 0.414000 0.031000 0.031000
0 0.110000 0.638000 0.024000 0.026000
0 0.831500 0.576500 0.015000 0.015000
0 0.507000 0.211500 0.023000 0.025000
0 0.466500 0.407500 0.014000 0.012000
0 0.604000 0.152000 0.022000 0.020000
0 0.816000 0.320500 0.028000 0.028000
0 0.508000 0.394500 0.023000 0.028000
0 0.489000 0.498750 0.018000 0.017500
0 0.218000 0.625000 0.027000 0.027000
0 0.728500 0.189000 0.018000 0.020000
0 0.703000 0.378500 0.028000 0.021000
0 0.678000 0.477000 0.016000 0.017000
0 0.425000 0.477500 0.015000 0.018000
0 0.329000 0.481500 0.010000 0.010000
0 0.548000 0.611500 0.011000 0.010000
0 0.488500 0.346000 0.031000 0.023000
0 0.801000 0.349500 0.020000 0.029000
0 0.402500 0.556500 0.012000 0.011000
0 0.490000 0.569000 0.014000 0.017000
0 0.272500 0.255500 0.021000 0.022000
0 0.286500 0.710000 0.032000 0.033000
0 0.472000 0.192000 0.014000 0.015000
0 0.513500 0.269000 0.016000 0.011000
0 0.387500 0.460000 0.016000 0.022000
0 0.434000 0.533000 0.014000 0.020000
0 0.786500 0.361500 0.021000 0.023000
0 0.340500 0.746500 0.011000 0.010000
0 0.624000 0.623000 0.015000 0.016000
0 0.609500 0.466000 0.011000 0.011000
0 0.742000 0.632500 0.019000 0.019000
0 0.535500 0.896500 0.017000 0.013000
0 0.600500 0.413000 0.016000 0.015000
0 0.527500 0.433500 0.027000 0.030000
0 0.670000 0.265500 0.021000 0.025000
0 0.829000 0.638500 0.018000 0.025000
0 0.231500 0.275500 0.014000 0.013000
0 0.432000 0.566500 0.015000 0.022000
0 0.167000 0.627000 0.014000 0.014000
0 0.306500 0.157000 0.026000 0.026000
0 0.536500 0.471500 0.009000 0.011000
0 0.188500 0.318000 0.020000 0.017000
0 0.331500 0.622000 0.014000 0.014000
0 0.102500 0.397000 0.019000 0.020000
0 0.472500 0.604000 0.035000 0.028000
0 0.578000 0.382500 0.021000 0.022000
0 0.578000 0.639500 0.017000 0.024000
0 0.675500 0.834500 0.022000 0.028000
0 0.322000 0.792000 0.015000 0.015000
0 0.700000 0.776000 0.029000 0.026000
0 0.613000 0.237000 0.012000 0.020000
0 0.395000 0.900000 0.027000 0.030000
0 0.672500 0.671000 0.013000 0.015000
0 0.560500 0.495500 0.024000 0.024000
0 0.542000 0.534500 0.020000 0.020000
0 0.507500 0.699500 0.025000 0.022000
0 0.631500 0.242500 0.019000 0.015000
0 0.270000 0.407500 0.015000 0.015000
0 0.681000 0.509000 0.015000 0.016000
0 0.495000 0.655500 0.015000 0.012000
0 0.517500 0.401500 0.016000 0.012000
0 0.257000 0.526000 0.014000 0.022000
0 0.555500 0.654500 0.028000 0.025000
0 0.088500 0.451000 0.020000 0.029000
0 0.483000 0.659500 0.016000 0.021000
0 0.303000 0.772000 0.027000 0.026000
0 0.463500 0.504500 0.009000 0.009000
0 0.524500 0.388500 0.024000 0.020000
0 0.421500 0.098500 0.024000 0.025000
0 0.414000 0.243000 0.013000 0.023000
0 0.437500 0.368000 0.015000 0.017000
0 0.552000 0.367000 0.013000 0.016000
0 0.367500 0.544000 0.021000 0.026000
0 0.644000 0.677500 0.024000 0.024000
0 0.458500 0.739000 0.014000 0.014000
0 0.495500 0.509500 0.020000 0.018000
0 0.333000 0.390500 0.021000 0.029000
0 0.522500 0.428500 0.008000 0.010000
0 0.407500 0.679000 0.013000 0.012000
0 0.577000 0.805500 0.026000 0.026000
0 0.376000 0.334500 0.017000 0.018000
0 0.408500 0.469000 0.031000 0.033000
0 0.858500 0.600000 0.015000 0.015000
0 0.538000 0.520500 0.018000 0.020000
0 0.644500 0.570000 0.011000 0.015000
0 0.536000 0.588500 0.013000 0.013000
0 0.504500 0.508000 0.026000 0.022000
0 0.781000 0.781000 0.013000 0.011000
0 0.413500 0.372000 0.022000 0.031000
0 0.908000 0.540000 0.032000 0.022000
0 0.660000 0.547500 0.012000 0.013000
0 0.267000 0.586250 0.022000 0.029500
0 0.638500 0.864500 0.013000 0.015000
0 0.256500 0.473000 0.013000 0.011000
0 0.323000 0.229000 0.021000 0.027000
0 0.501000 0.725000 0.019000 0.029000
0 0.457000 0.286000 0.015000 0.015000
0 0.132500 0.584000 0.010000 0.010000
0 0.249000 0.259000 0.029000 0.030000
0 0.650500 0.258000 0.013000 0.010000
0 0.591500 0.508500 0.013000 0.013000
0 0.610500 0.270000 0.016000 0.024000
0 0.599000 0.205500 0.025000 0.023000
0 0.597000 0.721000 0.017000 0.013000
0 0.529000 0.543500 0.015000 0.016000
0 0.264000 0.154500 0.014000 0.012000
0 0.474000 0.525000 0.010000 0.011000
0 0.369000 0.350500 0.030000 0.030000
0 0.544500 0.222000 0.024000 0.026000
0 0.495500 0.103500 0.013000 0.016000
0 0.583500 0.440000 0.013000 0.012000
0 0.401000 0.512500 0.015000 0.015000
0 0.400500 0.300500 0.024000 0.022000
0 0.386500 0.592500 0.016000 0.016000
0 0.544000 0.519500 0.024000 0.020000
0 0.334250 0.331500 0.014500 0.011000
0 0.250500 0.518500 0.024000 0.020000
0 0.574000 0.355000 0.012000 0.011000
0 0.526000 0.905500 0.012000 0.013000
0 0.212500 0.303000 0.017000 0.020000
0 0.534000 0.578500 0.013000 0.013000
0 0.425500 0.503000 0.017000 0.016000
0 0.232500 0.773000 0.018000 0.020000
0 0.388500 0.582500 0.021000 0.023000
0 0.379500 0.389000 0.014000 0.018000
0 0.655000 0.413000 0.009000 0.012000
0 0.739000 0.620000 0.019000 0.019000
0 0.495500 0.142500 0.022000 0.022000
0 0.680000 0.149000 0.016000 0.020000
0 0.670000 0.478000 0.029000 0.026000
0 0.844500 0.357500 0.015000 0.016000
0 0.627000 0.504000 0.015000 0.015000
0 0.198000 0.523000 0.013000 0.016000
0 0.430000 0.633000 0.014000 0.014000
0 0.618500 0.434000 0.011000 0.010000
0 0.596500 0.431000 0.013000 0.015000
0 0.562500 0.707000 0.021000 0.023000
0 0.410000 0.540500 0.022000 0.025000
0 0.577000 0.571000 0.019000 0.020000
0 0.444500 0.403500 0.029000 0.029000
0 0.395500 0.577500 0.016000 0.016000
0 0.460500 0.457500 0.013000 0.014000
0 0.575000 0.391500 0.017000 0.018000
0 0.529000 0.346000 0.016000 0.015000
0 0.395000 0.530500 0.009000 0.010000
0 0.625000 0.684000 0.012000 0.011000
0 0.482000 0.507000 0.024000 0.027000
0 0.421500 0.442000 0.028000 0.027000
0 0.179000 0.732000 0.015000 0.020000
0 0.518000 0.474000 0.029000 0.031000
0 0.745000 0.261000 0.034000 0.034000
0 0.644000 0.825500 0.012000 0.012000
0 0.785500 0.597500 0.013000 0.011000
0 0.490500 0.455500 0.027000 0.028000
0 0.606500 0.828500 0.018000 0.018000
0 0.279000 0.549500 0.016000 0.019000
0 0.400000 0.193000 0.015000 0.020000
0 0.698500 0.146000 0.015000 0.015000
0 0.785000 0.692500 0.018000 0.019000
0 0.414000 0.606500 0.017000 0.021000
0 0.548000 0.407500 0.009000 0.008000
0 0.398000 0.286000 0.023000 0.022000
0 0.505000 0.672000 0.012000 0.017000
0 0.669500 0.505000 0.020000 0.015000
0 0.684250 0.359500 0.011500 0.010000
0 0.810500 0.389500 0.018000 0.021000
0 0.349500 0.520500 0.030000 0.025000
0 0.340500 0.652000 0.023000 0.021000
0 0.499000 0.501500 0.024000 0.019000
0 0.455000 0.308000 0.013000 0.013000
0 0.268500 0.609500 0.020000 0.021000
0 0.716000 0.203000 0.022000 0.025000
0 0.292000 0.795000 0.026000 0.031000
0 0.298500 0.236500 0.025000 0.022000