0 0.316500 0.868000 0.010000 0.014000
0 0.522000 0.422000 0.015000 0.018000
0 0.663500 0.605250 0.012000 0.017500
0 0.476500 0.549000 0.017000 0.022000
0 0.314000 0.829000 0.020000 0.021000
0 0.244000 0.662000 0.020000 0.023000
0 0.536000 0.372000 0.011000 0.012000
0 0.340000 0.350500 0.019000 0.022000
0 0.276500 0.340000 0.016000 0.015000
0 0.520000 0.532500 0.026000 0.029000
0 0.558500 0.522500 0.014000 0.013000
0 0.518000 0.449500 0.017000 0.017000
0 0.718500 0.239000 0.012000 0.012000
0 0.553500 0.793500 0.012000 0.018000
0 0.522500 0.783500 0.027000 0.023000
0 0.298250 0.631500 0.014500 0.011000
0 0.744000 0.361500 0.014000 0.015000
0 0.536500 0.211000 0.030000 0.018000
0 0.566500 0.796500 0.015000 0.011000
0 0.324000 0.864000 0.013000 0.013000
0 0.506000 0.502000 0.011000 0.013000
0 0.410000 0.483000 0.010000 0.010000
0 0.125500 0.448500 0.015000 0.014000
0 0.609000 0.413000 0.019000 0.022000
0 0.431000 0.340000 0.017000 0.018000
0 0.475000 0.511000 0.010000 0.009000
0 0.396500 0.809500 0.027000 0.032000
0 0.371500 0.654000 0.019000 0.028000
0 0.489000 0.349500 0.028000 0.031000
0 0.632000 0.734000 0.025000 0.020000
0 0.708000 0.290000 0.020000 0.017000
0 0.583000 0.687000 0.022000 0.020000
0 0.658000 0.661500 0.019000 0.025000
0 0.497500 0.500000 0.025000 0.019000
0 0.482500 0.558000 0.020000 0.020000
0 0.230500 0.420500 0.021000 0.023000
0 0.784500 0.431000 0.013000 0.018000
0 0.721500 0.155500 0.018000 0.018000
0 0.114500 0.418000 0.020000 0.023000
0 0.170000 0.597500 0.013000 0.012000
0 0.551000 0.563000 0.012000 0.011000
0 0.509000 0.511000 0.022000 0.029000
0 0.619000 0.674500 0.024000 0.025000
0 0.255000 0.272500 0.015000 0.015000
0 0.486500 0.503500 0.014000 0.015000
0 0.306500 0.595000 0.019000 0.018000
0 0.424000 0.503500 0.021000 0.011000
0 0.531000 0.568000 0.019000 0.025000
0 0.450500 0.537000 0.015000 0.016000
0 0.340000 0.539000 0.021000 0.018000
0 0.586000 0.464500 0.013000 0.013000
0 0.218000 0.709000 0.014000 0.016000
0 0.476500 0.228500 0.027000 0.026000
0 0.649000 0.240000 0.026000 0.023000
0 0.647500 0.891000 0.026000 0.023000
0 0.642500 0.509500 0.017000 0.018000
0 0.298000 0.662500 0.015000 0.016000
0 0.472500 0.523000 0.019000 0.019000
0 0.641500 0.553500 0.023000 0.030000
0 0.564500 0.557500 0.028000 0.019000
0 0.480500 0.640000 0.016000 0.014000
0 0.537000 0.520500 0.010000 0.010000
0 0.687500 0.601000 0.021000 0.026000
0 0.667500 0.830000 0.022000 0.018000
0 0.580000 0.301000 0.033000 0.022000
0 0.423500 0.482500 0.029000 0.026000
0 0.638500 0.372500 0.015000 0.013000
0 0.557000 0.542000 0.021000 0.020000
0 0.616500 0.477000 0.012000 0.016000
0 0.861500 0.473500 0.018000 0.018000
0 0.427500 0.846500 0.023000 0.024000
0 0.501000 0.532000 0.020000 0.016000
0 0.432000 0.502000 0.017000 0.018000
0 0.560250 0.363000 0.017500 0.013000
0 0.739000 0.521500 0.025000 0.026000
0 0.533500 0.660000 0.018000 0.019000
0 0.523500 0.248000 0.023000 0.019000
0 0.862000 0.312500 0.025000 0.021000
0 0.293000 0.616500 0.026000 0.026000
0 0.471000 0.632500 0.025000 0.021000
0 0.194000 0.673000 0.014000 0.014000
0 0.760500 0.645500 0.026000 0.025000
0 0.735500 0.613500 0.009000 0.013000
0 0.152000 0.506000 0.019000 0.018000
0 0.459000 0.456000 0.022000 0.017000
0 0.546000 0.424500 0.017000 0.018000
0 0.460000 0.845000 0.032000 0.030000
0 0.496000 0.657000 0.011000 0.015000
0 0.518500 0.409000 0.021000 0.019000
0 0.382000 0.551000 0.024000 0.024000
0 0.679500 0.625000 0.020000 0.019000
0 0.663000 0.515000 0.011000 0.011000
0 0.517500 0.393500 0.013000 0.014000
0 0.152500 0.464250 0.020000 0.026500
0 0.579750 0.151000 0.011500 0.008000
0 0.740000 0.793500 0.016000 0.019000
0 0.402500 0.295000 0.013000 0.018000
0 0.647000 0.652500 0.012000 0.013000
0 0.594000 0.508000 0.024000 0.022000
0 0.872000 0.634500 0.027000 0.028000
0 0.614500 0.456500 0.021000 0.022000
0 0.772000 0.785500 0.021000 0.018000
0 0.803500 0.301000 0.020000 0.018000
0 0.501500 0.524000 0.026000 0.029000
0 0.468750 0.477000 0.020500 0.016000
0 0.569500 0.449000 0.015000 0.015000
0 0.514500 0.509500 0.017000 0.015000
0 0.488500 0.518500 0.021000 0.029000
0 0.457500 0.526000 0.018000 0.014000
0 0.872000 0.669500 0.022000 0.022000
0 0.181000 0.525000 0.024000 0.020000
0 0.708500 0.282000 0.014000 0.011000
0 0.722500 0.391500 0.015000 0.014000
0 0.490000 0.473000 0.018000 0.019000
0 0.635500 0.607000 0.019000 0.018000
0 0.653500 0.847500 0.009000 0.013000
0 0.452000 0.694000 0.014000 0.013000
0 0.209000 0.570000 0.014000 0.016000
0 0.566000 0.566500 0.010000 0.010000
0 0.437500 0.470000 0.021000 0.026000
0 0.574500 0.727000 0.028000 0.030000
0 0.549500 0.483000 0.035000 0.020000
0 0.815000 0.341000 0.015000 0.018000
0 0.651500 0.863500 0.023000 0.026000
0 0.628500 0.533500 0.018000 0.015000
0 0.225500 0.386000 0.020000 0.024000
0 0.385000 0.851500 0.025000 0.031000
0 0.333000 0.579000 0.019000 0.018000
0 0.353000 0.393000 0.022000 0.021000
0 0.636500 0.467000 0.018000 0.018000
0 0.594000 0.465000 0.022000 0.024000
0 0.190500 0.472000 0.015000 0.018000
0 0.714000 0.376000 0.015000 0.018000
0 0.290500 0.364500 0.012000 0.009000
0 0.665500 0.418000 0.020000 0.020000
0 0.395000 0.648500 0.025000 0.024000
0 0.477500 0.390000 0.015000 0.014000
0 0.158000 0.701000 0.026000 0.029000
0 0.765000 0.818000 0.020000 0.018000
0 0.457000 0.827000 0.020000 0.014000
0 0.120500 0.526500 0.019000 0.013000
0 0.385000 0.623000 0.011000 0.012000
0 0.295000 0.491000 0.017000 0.016000
0 0.249500 0.618500 0.025000 0.025000
0 0.457500 0.589500 0.024000 0.028000
0 0.666000 0.378000 0.032000 0.026000
0 0.527500 0.358000 0.023000 0.020000
0 0.599000 0.869500 0.025000 0.025000
0 0.485000 0.896500 0.014000 0.012000
0 0.500500 0.509000 0.023000 0.023000
0 0.345000 0.822000 0.023000 0.022000
0 0.497500 0.481500 0.021000 0.019000
0 0.540000 0.898000 0.016000 0.015000
0 0.489000 0.485000 0.015000 0.020000
0 0.885000 0.618500 0.017000 0.019000
0 0.476000 0.504500 0.023000 0.027000
0 0.443000 0.715000 0.016000 0.015000
0 0.481500 0.703000 0.024000 0.023000
0 0.346000 0.447500 0.012000 0.012000
0 0.482500 0.494000 0.027000 0.019000
0 0.521000 0.605500 0.025000 0.025000
0 0.809000 0.749000 0.026000 0.031000
0 0.744500 0.743500 0.017000 0.025000
0 0.326000 0.461500 0.027000 0.025000
0 0.331500 0.327000 0.016000 0.018000
0 0.377000 0.863500 0.015000 0.014000
0 0.377500 0.215000 0.026000 0.023000
0 0.694500 0.403500 0.033000 0.033000
0 0.285500 0.515500 0.009000 0.010000
0 0.602000 0.746000 0.017000 0.014000
0 0.543500 0.668500 0.017000 0.019000
0 0.247000 0.633000 0.014000 0.016000
0 0.371500 0.370500 0.022000 0.017000
0 0.533500 0.339500 0.026000 0.023000
0 0.577500 0.538000 0.017000 0.019000
0 0.342500 0.516000 0.015000 0.015000
0 0.491500 0.212000 0.029000 0.026000
0 0.723000 0.529250 0.018000 0.023500
0 0.477000 0.483000 0.013000 0.013000
0 0.665500 0.192500 0.019000 0.022000
0 0.330500 0.356000 0.022000 0.015000
0 0.686000 0.714000 0.022000 0.022000
0 0.715500 0.353500 0.014000 0.011000
0 0.463500 0.360500 0.022000 0.021000
0 0.553500 0.636500 0.011000 0.010000
0 0.451000 0.310000 0.028000 0.028000
0 0.491000 0.815000 0.018000 0.018000
0 0.471000 0.485000 0.010000 0.011000
0 0.737000 0.561500 0.013000 0.015000
0 0.471000 0.859000 0.029000 0.033000
0 0.339500 0.486000 0.017000 0.016000
0 0.639000 0.436500 0.023000 0.025000
0 0.568000 0.537750 0.026000 0.029500
0 0.749000 0.266000 0.011000 0.010000
0 0.546500 0.472500 0.012000 0.014000
0 0.498000 0.220500 0.024000 0.025000
0 0.465500 0.743500 0.018000 0.019000
0 0.503500 0.239000 0.012000 0.011000
0 0.346000 0.137500 0.015000 0.016000
0 0.705500 0.771000 0.033000 0.032000
0 0.863500 0.671000 0.018000 0.016000
0 0.254500 0.611000 0.013000 0.014000
0 0.396000 0.156000 0.013000 0.015000
0 0.462000 0.648000 0.015000 0.010000
0 0.524000 0.551000 0.015000 0.021000
0 0.709500 0.565750 0.012000 0.011500
0 0.378500 0.437500 0.025000 0.025000
0 0.728500 0.200500 0.016000 0.019000
0 0.569500 0.306000 0.027000 0.031000
0 0.569000 0.631000 0.018000 0.017000
0 0.574500 0.515000 0.012000 0.012000
0 0.302000 0.436000 0.024000 0.025000
0 0.817500 0.687500 0.025000 0.019000
0 0.227000 0.340500 0.010000 0.013000
0 0.538000 0.516000 0.022000 0.021000
0 0.376500 0.126000 0.016000 0.025000
0 0.368000 0.807500 0.022000 0.031000
0 0.492000 0.532500 0.018000 0.018000
0 0.825500 0.691500 0.021000 0.026000
0 0.600500 0.358500 0.030000 0.023000
0 0.315500 0.426000 0.012000 0.013000
0 0.507000 0.393500 0.017000 0.014000
0 0.595000 0.566000 0.024000 0.027000
0 0.531000 0.605000 0.017000 0.019000
0 0.513500 0.176000 0.019000 0.016000
0 0.566500 0.545000 0.030000 0.029000
0 0.603500 0.406000 0.018000 0.021000
0 0.666500 0.303500 0.010000 0.009000
0 0.365250 0.271250 0.023500 0.022500
0 0.390500 0.466500 0.017000 0.020000
0 0.504500 0.685500 0.024000 0.019000
0 0.620000 0.809000 0.019000 0.018000
0 0.672000 0.291500 0.022000 0.015000
0 0.368500 0.136500 0.018000 0.021000
0 0.255500 0.263000 0.014000 0.016000
0 0.774500 0.304000 0.010000 0.019000
0 0.205000 0.364500 0.016000 0.016000
0 0.805000 0.343000 0.019000 0.017000
0 0.539000 0.536000 0.011000 0.012000
0 0.505000 0.470500 0.021000 0.018000
0 0.622000 0.420500 0.012000 0.015000
0 0.124000 0.507500 0.017000 0.023000
0 0.356000 0.459000 0.016000 0.018000
0 0.308500 0.486500 0.021000 0.020000
0 0.655500 0.755500 0.018000 0.022000
0 0.495000 0.492500 0.011000 0.011000
0 0.720500 0.169000 0.020000 0.018000
0 0.702500 0.782000 0.016000 0.011000
0 0.332500 0.554000 0.023000 0.024000
0 0.719500 0.681500 0.022000 0.023000
0 0.520500 0.490000 0.025000 0.020000
0 0.490000 0.622500 0.020000 0.021000
0 0.732000 0.500500 0.027000 0.024000
0 0.882500 0.496000 0.016000 0.019000
0 0.327500 0.199000 0.026000 0.031000
0 0.373500 0.456750 0.017000 0.023500
0 0.535500 0.485500 0.028000 0.028000
0 0.410000 0.726000 0.012000 0.012000
0 0.654000 0.544000 0.013000 0.017000
0 0.575500 0.612500 0.021000 0.015000
0 0.695000 0.644000 0.018000 0.017000
0 0.469000 0.578500 0.011000 0.010000
0 0.789500 0.274000 0.021000 0.016000
0 0.343000 0.193500 0.015000 0.019000
0 0.560000 0.407000 0.017000 0.022000
0 0.395000 0.499000 0.011000 0.014000
0 0.740500 0.397500 0.021000 0.022000
0 0.401000 0.375500 0.021000 0.016000
0 0.485000 0.203500 0.029000 0.028000
0 0.528500 0.441500 0.025000 0.020000
0 0.349000 0.835500 0.011000 0.011000
0 0.577500 0.556000 0.019000 0.013000
0 0.517000 0.594000 0.011000 0.012000
0 0.232000 0.616500 0.018000 0.024000
0 0.514000 0.522500 0.019000 0.013000
0 0.513500 0.500500 0.027000 0.028000
0 0.474500 0.527500 0.010000 0.017000
0 0.822000 0.379500 0.019000 0.019000
0 0.202500 0.242000 0.022000 0.023000
0 0.698500 0.573000 0.015000 0.015000
0 0.697000 0.374000 0.029000 0.023000
0 0.467000 0.459500 0.011000 0.014000
0 0.354000 0.501500 0.012000 0.014000
0 0.180500 0.669000 0.029000 0.029000
0 0.539500 0.455000 0.018000 0.019000
0 0.303000 0.453500 0.026000 0.020000
0 0.749000 0.308500 0.020000 0.018000
0 0.541500 0.457500 0.017000 0.019000
0 0.533500 0.419000 0.022000 0.023000
0 0.908000 0.588000 0.011000 0.011000
0 0.199500 0.703000 0.026000 0.021000
0 0.455000 0.602000 0.023000 0.023000
0 0.566500 0.760500 0.026000 0.024000
0 0.886250 0.635500 0.029500 0.020000
0 0.441500 0.909000 0.022000 0.024000
0 0.323500 0.814000 0.014000 0.018000
0 0.628500 0.626500 0.013000 0.014000
0 0.640500 0.576000 0.016000 0.016000
0 0.443000 0.880000 0.019000 0.019000
0 0.757500 0.276500 0.013000 0.012000
0 0.179500 0.716000 0.027000 0.023000
0 0.404500 0.484500 0.018000 0.017000
0 0.552500 0.084500 0.029000 0.030000
0 0.687000 0.189500 0.012000 0.014000
0 0.494500 0.119500 0.020000 0.018000
0 0.700000 0.595500 0.018000 0.020000
0 0.729000 0.417500 0.018000 0.019000
0 0.431000 0.090000 0.021000 0.018000
0 0.848000 0.680500 0.021000 0.012000
0 0.875000 0.660500 0.026000 0.027000
0 0.522000 0.258500 0.018000 0.015000
0 0.534500 0.293000 0.012000 0.013000
0 0.460000 0.492000 0.010000 0.010000
0 0.310500 0.379000 0.015000 0.013000
0 0.387500 0.881500 0.027000 0.026000
0 0.537500 0.602000 0.025000 0.020000
0 0.414500 0.417500 0.028000 0.028000
0 0.610500 0.888500 0.025000 0.017000
0 0.560000 0.536500 0.028000 0.030000
0 0.562500 0.215500 0.013000 0.010000
0 0.367000 0.431000 0.030000 0.021000
0 0.469000 0.550000 0.027000 0.031000
0 0.886000 0.350500 0.022000 0.020000
0 0.560500 0.487000 0.016000 0.017000
0 0.452000 0.110000 0.020000 0.015000
0 0.501500 0.496500 0.032000 0.031000
0 0.238500 0.364250 0.010000 0.014500
0 0.349500 0.677000 0.011000 0.012000
0 0.158000 0.258000 0.036000 0.036000
0 0.322000 0.588000 0.013000 0.013000
0 0.596500 0.176500 0.031000 0.030000
0 0.500000 0.357000 0.013000 0.010000
0 0.372000 0.645500 0.020000 0.022000
0 0.233000 0.454000 0.025000 0.014000
0 0.325000 0.485500 0.018000 0.023000
0 0.665500 0.468000 0.031000 0.030000
0 0.397000 0.100000 0.022000 0.024000
0 0.181500 0.501500 0.015000 0.015000
0 0.840500 0.585500 0.016000 0.011000
0 0.423000 0.609500 0.021000 0.017000
0 0.622500 0.127000 0.024000 0.021000
0 0.798500 0.479500 0.016000 0.019000
0 0.475500 0.430500 0.021000 0.017000
0 0.152500 0.352000 0.027000 0.024000
0 0.705000 0.745500 0.019000 0.017000
0 0.126000 0.658500 0.021000 0.022000
0 0.153000 0.660500 0.020000 0.018000
0 0.211500 0.602500 0.014000 0.019000
0 0.704000 0.628000 0.016000 0.015000
0 0.754000 0.491500 0.017000 0.022000
0 0.648000 0.536500 0.017000 0.013000
0 0.368500 0.724000 0.014000 0.015000
0 0.551000 0.491000 0.025000 0.027000
0 0.408500 0.803000 0.028000 0.028000
0 0.154500 0.529000 0.014000 0.017000
0 0.358000 0.202000 0.025000 0.030000
0 0.124500 0.359000 0.017000 0.017000
0 0.764500 0.761500 0.012000 0.012000
0 0.182500 0.325000 0.018000 0.019000
0 0.486500 0.490500 0.017000 0.021000
0 0.148000 0.454500 0.017000 0.022000
0 0.500000 0.675000 0.023000 0.024000
0 0.352500 0.588750 0.009000 0.011500
0 0.740000 0.622500 0.025000 0.027000
0 0.478000 0.326500 0.023000 0.020000
0 0.608500 0.553000 0.015000 0.010000
0 0.505000 0.488000 0.020000 0.021000
0 0.260500 0.703000 0.018000 0.018000
0 0.747500 0.584000 0.024000 0.023000
0 0.308500 0.471000 0.011000 0.015000
0 0.311000 0.711000 0.023000 0.020000
0 0.582000 0.377000 0.026000 0.028000
0 0.312000 0.631500 0.013000 0.015000
0 0.395500 0.398500 0.011000 0.013000
0 0.634500 0.244000 0.012000 0.012000
0 0.148000 0.272500 0.025000 0.025000
0 0.528500 0.436000 0.020000 0.021000
0 0.560000 0.907500 0.020000 0.020000
0 0.466000 0.385000 0.013000 0.010000
0 0.229000 0.231500 0.021000 0.023000
0 0.463000 0.254500 0.016000 0.019000
0 0.686000 0.373500 0.014000 0.017000
0 0.627500 0.509000 0.030000 0.032000
0 0.669000 0.801000 0.010000 0.012000
0 0.802500 0.788000 0.018000 0.018000
0 0.431500 0.510000 0.018000 0.019000
0 0.508500 0.612000 0.011000 0.013000
0 0.256500 0.426000 0.027000 0.027000
0 0.388500 0.586500 0.017000 0.017000
0 0.455500 0.442000 0.016000 0.015000
0 0.691500 0.529500 0.016000 0.016000
0 0.423500 0.396500 0.023000 0.028000
0 0.775500 0.811000 0.026000 0.028000
0 0.463500 0.342000 0.018000 0.018000
0 0.628500 0.862500 0.031000 0.030000
0 0.233500 0.410000 0.027000 0.027000
0 0.219000 0.759500 0.014000 0.017000
0 0.887000 0.461000 0.024000 0.021000
0 0.791000 0.557500 0.014000 0.011000
0 0.156000 0.490000 0.029000 0.027000
0 0.427000 0.709500 0.022000 0.018000
0 0.230000 0.790500 0.012000 0.012000
0 0.447000 0.595500 0.017000 0.017000
0 0.407000 0.185000 0.030000 0.025000
0 0.340500 0.603500 0.012000 0.010000
0 0.696000 0.612000 0.018000 0.017000
0 0.564000 0.454500 0.009000 0.012000
0 0.655000 0.375000 0.015000 0.016000
0 0.407000 0.742000 0.027000 0.019000
0 0.427000 0.475500 0.025000 0.025000
0 0.813000 0.603000 0.024000 0.028000
0 0.547000 0.530500 0.020000 0.018000
0 0.728000 0.640000 0.028000 0.018000
0 0.510000 0.300000 0.029000 0.032000
0 0.397000 0.581500 0.022000 0.023000
0 0.152500 0.265500 0.024000 0.022000
0 0.223500 0.463500 0.028000 0.028000
0 0.541000 0.235500 0.020000 0.019000
0 0.568000 0.412500 0.019000 0.013000
0 0.365000 0.152500 0.014000 0.013000
0 0.215000 0.771500 0.014000 0.011000
0 0.854000 0.441500 0.026000 0.024000
0 0.778500 0.532500 0.020000 0.017000
0 0.486500 0.509000 0.019000 0.018000
0 0.090500 0.533000 0.023000 0.018000
0 0.406500 0.542000 0.018000 0.016000
0 0.502500 0.574500 0.015000 0.015000
0 0.621500 0.340000 0.021000 0.020000
0 0.579500 0.584500 0.020000 0.029000
0 0.477000 0.499500 0.015000 0.015000
0 0.708000 0.314000 0.024000 0.024000
0 0.535500 0.501000 0.009000 0.008000
0 0.529000 0.189500 0.024000 0.022000
0 0.519500 0.748000 0.019000 0.024000
0 0.506000 0.522500 0.026000 0.026000
0 0.729000 0.461000 0.019000 0.020000
0 0.583500 0.234500 0.018000 0.020000
0 0.351750 0.489000 0.014500 0.013000
0 0.538500 0.475000 0.023000 0.024000
0 0.264500 0.177000 0.025000 0.025000
0 0.383500 0.456000 0.025000 0.022000
0 0.734500 0.383000 0.032000 0.025000
0 0.619000 0.849000 0.018000 0.020000
0 0.718500 0.449500 0.021000 0.022000
0 0.392000 0.548500 0.019000 0.021000
0 0.453500 0.580500 0.020000 0.016000
0 0.503500 0.449000 0.014000 0.012000
0 0.238500 0.443500 0.016000 0.013000
0 0.735500 0.490000 0.019000 0.012000
0 0.635000 0.267000 0.028000 0.019000
0 0.408500 0.715000 0.021000 0.030000
0 0.096500 0.594000 0.025000 0.027000
0 0.407000 0.602000 0.029000 0.027000
0 0.529500 0.132500 0.020000 0.030000
0 0.606000 0.613000 0.016000 0.016000
0 0.667500 0.633000 0.010000 0.010000
0 0.431000 0.545500 0.027000 0.026000
0 0.827500 0.740500 0.010000 0.016000
0 0.831000 0.315500 0.014000 0.015000