0 0.468500 0.549000 0.010000 0.013000
0 0.558000 0.294500 0.013000 0.014000
0 0.608500 0.255000 0.022000 0.015000
0 0.700000 0.528000 0.031000 0.026000
0 0.537000 0.121500 0.025000 0.022000
0 0.477000 0.433000 0.019000 0.013000
0 0.428500 0.495000 0.013000 0.014000
0 0.252500 0.748000 0.023000 0.023000
0 0.406000 0.641500 0.018000 0.013000
0 0.298500 0.487500 0.024000 0.019000
0 0.516500 0.218000 0.017000 0.013000
0 0.488000 0.494000 0.022000 0.023000
0 0.294000 0.413000 0.025000 0.025000
0 0.561500 0.593500 0.028000 0.027000
0 0.672500 0.354500 0.014000 0.014000
0 0.470000 0.528000 0.013000 0.011000
0 0.704000 0.481000 0.011000 0.013000
0 0.299500 0.705000 0.029000 0.027000
0 0.275500 0.397750 0.018000 0.023500
0 0.412500 0.340000 0.015000 0.013000
0 0.701500 0.319000 0.013000 0.013000
0 0.455500 0.165500 0.018000 0.018000
0 0.271500 0.346500 0.016000 0.014000
0 0.621500 0.493000 0.028000 0.024000
0 0.616500 0.470000 0.014000 0.016000
0 0.575000 0.338000 0.011000 0.014000
0 0.503500 0.706500 0.019000 0.020000
0 0.391000 0.892000 0.016000 0.016000
0 0.565500 0.519500 0.027000 0.028000
0 0.199500 0.422500 0.012000 0.011000
0 0.565500 0.452500 0.009000 0.008000
0 0.594000 0.668000 0.024000 0.013000
0 0.704000 0.298000 0.010000 0.010000
0 0.281000 0.706000 0.019000 0.013000
0 0.243000 0.765000 0.015000 0.014000
0 0.881500 0.445000 0.033000 0.031000
0 0.501500 0.496000 0.027000 0.032000
0 0.677500 0.715500 0.024000 0.025000
0 0.529000 0.491000 0.029000 0.029000
0 0.492500 0.477500 0.025000 0.022000
0 0.260500 0.517000 0.025000 0.032000
0 0.497000 0.533000 0.019000 0.012000
0 0.356750 0.437000 0.029500 0.022000
0 0.602000 0.547500 0.017000 0.019000
0 0.427000 0.898000 0.013000 0.014000
0 0.427500 0.310500 0.025000 0.027000
0 0.401500 0.676500 0.014000 0.016000
0 0.227500 0.385500 0.030000 0.022000
0 0.497000 0.599500 0.027000 0.033000
0 0.767500 0.499500 0.015000 0.014000
0 0.474000 0.666000 0.022000 0.017000
0 0.521500 0.875000 0.024000 0.024000
0 0.769500 0.414500 0.017000 0.020000
0 0.305000 0.456500 0.012000 0.012000
0 0.416500 0.499500 0.012000 0.012000
0 0.261000 0.220500 0.010000 0.014000
0 0.444500 0.603000 0.016000 0.015000
0 0.141000 0.438500 0.018000 0.027000
0 0.208000 0.430000 0.017000 0.017000
0 0.328500 0.123000 0.017000 0.013000
0 0.404000 0.109500 0.022000 0.026000
0 0.565000 0.334000 0.009000 0.010000
0 0.636500 0.678000 0.022000 0.032000
0 0.471500 0.602500 0.023000 0.021000
0 0.570000 0.141000 0.020000 0.018000
0 0.683000 0.259000 0.019000 0.020000
0 0.461500 0.305000 0.015000 0.014000
0 0.391500 0.536000 0.027000 0.030000
0 0.587000 0.494500 0.025000 0.018000
0 0.741000 0.554500 0.011000 0.010000
0 0.378000 0.314500 0.025000 0.018000
0 0.432000 0.717500 0.012000 0.012000
0 0.164000 0.682000 0.019000 0.017000
0 0.608000 0.625000 0.014000 0.014000
0 0.318000 0.444000 0.022000 0.023000
0 0.471000 0.499250 0.024000 0.035500
0 0.871000 0.472000 0.030000 0.027000
0 0.285500 0.576500 0.010000 0.011000
0 0.908500 0.569000 0.010000 0.013000
0 0.398000 0.542000 0.017000 0.018000
0 0.753000 0.522000 0.011000 0.015000
0 0.746500 0.614500 0.028000 0.020000
0 0.730500 0.187500 0.016000 0.022000
0 0.503500 0.417500 0.013000 0.014000
0 0.497000 0.491000 0.026000 0.020000
0 0.436000 0.510000 0.029000 0.030000
0 0.367000 0.353000 0.022000 0.018000
0 0.553500 0.527500 0.028000 0.017000
0 0.619000 0.455500 0.023000 0.022000
0 0.389500 0.506000 0.014000 0.013000
0 0.534500 0.668500 0.025000 0.029000
0 0.316000 0.378500 0.027000 0.021000
0 0.220000 0.688500 0.024000 0.026000
0 0.491000 0.492000 0.009000 0.010000
0 0.580000 0.510500 0.015000 0.011000
0 0.510500 0.460500 0.028000 0.025000
0 0.490500 0.511000 0.018000 0.018000
0 0.501000 0.504500 0.025000 0.022000
0 0.519000 0.890500 0.024000 0.018000
0 0.524000 0.721500 0.020000 0.024000
0 0.611000 0.484500 0.028000 0.031000
0 0.504000 0.517000 0.018000 0.018000
0 0.555500 0.508000 0.024000 0.028000
0 0.378000 0.563000 0.013000 0.012000
0 0.879000 0.421500 0.028000 0.027000
0 0.290000 0.562000 0.020000 0.020000
0 0.582500 0.445000 0.013000 0.013000
0 0.483500 0.540000 0.029000 0.021000
0 0.621000 0.556000 0.018000 0.022000
0 0.844000 0.374500 0.015000 0.014000
0 0.513000 0.504500 0.016000 0.015000
0 0.736500 0.720000 0.021000 0.021000
0 0.550000 0.705500 0.029000 0.030000
0 0.566000 0.436500 0.018000 0.017000
0 0.586000 0.463000 0.020000 0.023000
0 0.435500 0.588500 0.013000 0.012000
0 0.604000 0.779000 0.020000 0.033000
0 0.189000 0.470000 0.014000 0.013000
0 0.434000 0.437500 0.023000 0.023000
0 0.409500 0.673000 0.012000 0.012000
0 0.249500 0.596000 0.019000 0.020000
0 0.642500 0.421000 0.012000 0.013000
0 0.268000 0.778000 0.013000 0.013000
0 0.494500 0.357000 0.029000 0.030000
0 0.452000 0.569500 0.013000 0.012000
0 0.497000 0.438500 0.022000 0.023000
0 0.594000 0.484500 0.021000 0.023000
0 0.587000 0.193500 0.021000 0.015000
0 0.719500 0.312000 0.025000 0.020000
0 0.737000 0.354500 0.016000 0.023000
0 0.723000 0.332000 0.027000 0.026000
0 0.493500 0.548000 0.020000 0.023000
0 0.482000 0.498500 0.012000 0.014000
0 0.644500 0.682000 0.014000 0.014000
0 0.576500 0.321000 0.014000 0.009000
0 0.694000 0.798500 0.020000 0.013000
0 0.637500 0.437000 0.018000 0.017000
0 0.658500 0.723000 0.016000 0.015000
0 0.633500 0.516500 0.017000 0.017000
0 0.282500 0.821500 0.016000 0.015000
0 0.327500 0.227500 0.014000 0.016000
0 0.721500 0.361500 0.018000 0.019000
0 0.834500 0.643500 0.021000 0.025000
0 0.690000 0.324500 0.013000 0.020000
0 0.581000 0.702500 0.028000 0.019000
0 0.401500 0.362500 0.025000 0.023000
0 0.222500 0.422000 0.014000 0.011000
0 0.237000 0.798000 0.016000 0.021000
0 0.577500 0.566000 0.022000 0.028000
0 0.506000 0.489500 0.016000 0.012000
0 0.483500 0.164000 0.019000 0.020000
0 0.842500 0.277000 0.022000 0.018000
0 0.385000 0.759000 0.022000 0.021000
0 0.261000 0.327500 0.018000 0.022000
0 0.439000 0.838500 0.016000 0.016000
0 0.430000 0.806500 0.024000 0.023000
0 0.463500 0.449000 0.018000 0.017000
0 0.632000 0.290500 0.020000 0.018000
0 0.328000 0.861500 0.017000 0.017000
0 0.333000 0.416000 0.018000 0.019000
0 0.283000 0.511000 0.018000 0.023000
0 0.822500 0.259000 0.011000 0.015000
0 0.818000 0.595000 0.013000 0.011000
0 0.226000 0.630500 0.021000 0.020000
0 0.679000 0.563500 0.012000 0.018000
0 0.268000 0.411000 0.016000 0.017000
0 0.203000 0.510500 0.023000 0.025000
0 0.269000 0.219000 0.016000 0.016000
0 0.519000 0.550500 0.017000 0.017000
0 0.271000 0.183500 0.020000 0.017000
0 0.585500 0.434000 0.024000 0.024000
0 0.526000 0.601000 0.014000 0.012000
0 0.630000 0.783500 0.009000 0.011000
0 0.549000 0.826000 0.019000 0.020000
0 0.131000 0.612500 0.019000 0.017000
0 0.452000 0.311500 0.024000 0.024000
0 0.380500 0.540000 0.017000 0.012000
0 0.577500 0.542500 0.029000 0.023000
0 0.340500 0.661000 0.020000 0.016000
0 0.378500 0.498500 0.026000 0.023000
0 0.422000 0.187500 0.013000 0.011000
0 0.312500 0.125000 0.015000 0.012000
0 0.528000 0.657500 0.024000 0.025000
0 0.526000 0.199000 0.015000 0.021000
0 0.226500 0.780500 0.020000 0.016000
0 0.249500 0.688000 0.025000 0.030000
0 0.473500 0.574500 0.029000 0.021000
0 0.361000 0.804000 0.017000 0.018000
0 0.781500 0.259000 0.020000 0.020000
0 0.479500 0.468000 0.021000 0.025000
0 0.495500 0.602500 0.023000 0.017000
0 0.565500 0.651000 0.011000 0.010000
0 0.271000 0.695000 0.021000 0.019000
0 0.435000 0.566500 0.016000 0.016000
0 0.507500 0.474000 0.023000 0.025000
0 0.429000 0.874500 0.016000 0.012000
0 0.322000 0.180000 0.017000 0.016000
0 0.307500 0.225500 0.014000 0.013000
0 0.887500 0.599500 0.025000 0.024000
0 0.630500 0.364000 0.018000 0.020000
0 0.672500 0.727500 0.015000 0.014000
0 0.308500 0.800000 0.022000 0.021000
0 0.498500 0.643000 0.028000 0.027000
0 0.660500 0.523000 0.020000 0.025000
0 0.307000 0.656500 0.019000 0.017000
0 0.663500 0.441500 0.035000 0.028000
0 0.593000 0.429000 0.013000 0.013000
0 0.477500 0.525500 0.018000 0.017000
0 0.326500 0.772500 0.011000 0.010000
0 0.614500 0.282000 0.019000 0.026000
0 0.575000 0.440500 0.024000 0.024000
0 0.436000 0.451500 0.017000 0.016000
0 0.428500 0.570500 0.027000 0.028000
0 0.744500 0.685000 0.011000 0.013000
0 0.628500 0.488750 0.019000 0.026500
0 0.505500 0.500500 0.023000 0.019000
0 0.474500 0.835000 0.019000 0.018000
0 0.326500 0.252500 0.016000 0.015000
0 0.790500 0.763500 0.024000 0.019000
0 0.608500 0.688000 0.013000 0.013000
0 0.143000 0.383500 0.020000 0.025000
0 0.918000 0.482000 0.023000 0.025000
0 0.669000 0.157000 0.024000 0.027000
0 0.839000 0.350000 0.023000 0.035000
0 0.734500 0.544000 0.015000 0.020000
0 0.179500 0.516000 0.012000 0.012000
0 0.500500 0.576000 0.020000 0.019000
0 0.337500 0.398500 0.028000 0.030000
0 0.451250 0.385000 0.011500 0.010000
0 0.499500 0.507000 0.012000 0.012000
0 0.697000 0.456500 0.019000 0.021000
0 0.519000 0.540500 0.017000 0.016000
0 0.565000 0.400500 0.022000 0.023000
0 0.654500 0.611500 0.015000 0.018000
0 0.502000 0.483500 0.021000 0.021000
0 0.105000 0.364000 0.028000 0.023000
0 0.737000 0.453000 0.023000 0.020000
0 0.384500 0.514500 0.023000 0.028000
0 0.461500 0.903000 0.018000 0.019000
0 0.719500 0.290000 0.025000 0.019000
0 0.376500 0.876500 0.025000 0.023000
0 0.700500 0.402000 0.027000 0.027000
0 0.244000 0.443500 0.011000 0.017000
0 0.524500 0.432500 0.020000 0.014000
0 0.211500 0.437000 0.018000 0.022000
0 0.466000 0.650000 0.034000 0.020000
0 0.297000 0.605000 0.024000 0.021000
0 0.457500 0.501000 0.018000 0.016000
0 0.775000 0.330000 0.014000 0.016000
0 0.580000 0.644000 0.014000 0.010000
0 0.196500 0.570500 0.011000 0.013000
0 0.539000 0.231500 0.016000 0.010000
0 0.137500 0.515500 0.017000 0.019000
0 0.116500 0.610500 0.014000 0.017000
0 0.725500 0.580000 0.017000 0.020000
0 0.600000 0.475500 0.026000 0.024000
0 0.489500 0.470500 0.024000 0.026000
0 0.549500 0.382500 0.018000 0.027000
0 0.649500 0.735500 0.024000 0.020000
0 0.125500 0.633000 0.012000 0.014000
0 0.555000 0.487500 0.028000 0.023000
0 0.481500 0.511000 0.016000 0.017000
0 0.558000 0.449500 0.027000 0.025000
0 0.594000 0.375500 0.014000 0.011000
0 0.537000 0.518000 0.020000 0.021000
0 0.652500 0.326500 0.012000 0.014000
0 0.591500 0.675500 0.024000 0.025000
0 0.902000 0.432000 0.024000 0.025000
0 0.663500 0.725500 0.013000 0.013000
0 0.546000 0.182500 0.014000 0.015000
0 0.617500 0.568500 0.023000 0.019000
0 0.320500 0.616000 0.011000 0.013000
0 0.169500 0.536500 0.012000 0.011000
0 0.544000 0.610000 0.019000 0.015000
0 0.482000 0.812000 0.017000 0.016000
0 0.257500 0.472000 0.013000 0.009000
0 0.668000 0.310000 0.015000 0.015000
0 0.674500 0.527500 0.027000 0.027000
0 0.638500 0.345500 0.022000 0.026000
0 0.458500 0.764000 0.012000 0.010000
0 0.146000 0.535000 0.018000 0.014000
0 0.600000 0.612500 0.016000 0.014000
0 0.324500 0.317500 0.012000 0.013000
0 0.427000 0.685500 0.019000 0.019000
0 0.602000 0.455500 0.026000 0.021000
0 0.505000 0.333500 0.024000 0.031000
0 0.718000 0.181000 0.009000 0.011000
0 0.401000 0.186000 0.028000 0.019000
0 0.679000 0.240500 0.011000 0.012000
0 0.719500 0.433000 0.015000 0.020000
0 0.335500 0.576500 0.023000 0.021000
0 0.295000 0.662000 0.021000 0.018000
0 0.445000 0.573000 0.027000 0.016000
0 0.708000 0.230000 0.016000 0.016000
0 0.652500 0.391000 0.032000 0.032000
0 0.820500 0.356500 0.028000 0.019000
0 0.405500 0.409500 0.022000 0.015000
0 0.485500 0.307500 0.020000 0.020000
0 0.710000 0.777500 0.020000 0.023000
0 0.729000 0.601000 0.025000 0.024000
0 0.388500 0.137000 0.024000 0.027000
0 0.781000 0.481000 0.011000 0.019000
0 0.532000 0.457500 0.014000 0.014000
0 0.324500 0.168000 0.027000 0.020000
0 0.799000 0.647500 0.026000 0.027000
0 0.473000 0.542000 0.015000 0.015000
0 0.362000 0.573500 0.011000 0.012000
0 0.680500 0.329500 0.027000 0.023000
0 0.464500 0.268000 0.019000 0.021000
0 0.618000 0.327500 0.026000 0.019000
0 0.245500 0.567500 0.022000 0.023000
0 0.479500 0.490500 0.017000 0.023000
0 0.510500 0.423000 0.013000 0.012000
0 0.595500 0.365500 0.017000 0.014000
0 0.693500 0.264000 0.023000 0.023000
0 0.626500 0.439000 0.026000 0.027000
0 0.365500 0.404500 0.026000 0.024000
0 0.134000 0.622500 0.020000 0.024000
0 0.507000 0.357500 0.018000 0.019000
0 0.447500 0.532500 0.023000 0.021000
0 0.465000 0.431000 0.017000 0.013000
0 0.598000 0.693500 0.013000 0.014000
0 0.621500 0.383500 0.021000 0.016000
0 0.553500 0.344000 0.023000 0.025000
0 0.520000 0.512000 0.013000 0.014000
0 0.206500 0.669500 0.016000 0.015000