0 0.507500 0.227000 0.011000 0.013000
0 0.403000 0.859000 0.014000 0.015000
0 0.401500 0.464500 0.024000 0.024000
0 0.222500 0.473500 0.011000 0.020000
0 0.558500 0.466000 0.018000 0.019000
0 0.571500 0.449000 0.021000 0.019000
0 0.497000 0.672000 0.013000 0.013000
0 0.658000 0.573000 0.018000 0.022000
0 0.468000 0.907000 0.016000 0.015000
0 0.301000 0.777000 0.018000 0.016000
0 0.433000 0.887000 0.016000 0.017000
0 0.713000 0.285000 0.022000 0.029000
0 0.468000 0.779000 0.027000 0.026000
0 0.423500 0.567500 0.019000 0.016000
0 0.491000 0.516500 0.024000 0.021000
0 0.628000 0.726500 0.022000 0.020000
0 0.415000 0.617500 0.030000 0.033000
0 0.511500 0.515000 0.009000 0.009000
0 0.372000 0.379000 0.021000 0.019000
0 0.541000 0.522500 0.018000 0.018000
0 0.398000 0.173500 0.020000 0.022000
0 0.271000 0.613500 0.014000 0.014000
0 0.461500 0.676500 0.013000 0.017000
0 0.444500 0.796500 0.019000 0.020000
0 0.416000 0.216000 0.026000 0.026000
0 0.488000 0.290500 0.026000 0.026000
0 0.334500 0.622500 0.014000 0.017000
0 0.385000 0.696500 0.013000 0.011000
0 0.782500 0.322500 0.031000 0.030000
0 0.597000 0.792500 0.029000 0.023000
0 0.792000 0.535000 0.015000 0.017000
0 0.490000 0.478000 0.020000 0.017000
0 0.611000 0.594000 0.017000 0.016000
0 0.421500 0.847000 0.026000 0.024000
0 0.742500 0.546000 0.022000 0.018000
0 0.483500 0.554500 0.022000 0.021000
0 0.485000 0.468000 0.017000 0.019000
0 0.626500 0.409000 0.024000 0.024000
0 0.494500 0.505000 0.030000 0.031000
0 0.578500 0.782000 0.011000 0.011000
0 0.595500 0.886250 0.008000 0.011500
0 0.555000 0.217000 0.018000 0.019000
0 0.362500 0.458000 0.019000 0.021000
0 0.552000 0.564500 0.012000 0.013000
0 0.686500 0.416500 0.016000 0.019000
0 0.642500 0.656500 0.027000 0.020000
0 0.844500 0.413500 0.011000 0.014000
0 0.498500 0.181500 0.024000 0.026000
0 0.673500 0.309500 0.023000 0.027000
0 0.522500 0.620500 0.028000 0.020000
0 0.475500 0.479500 0.024000 0.022000
0 0.304000 0.387000 0.009000 0.009000
0 0.383500 0.802250 0.015000 0.020500
0 0.652500 0.407000 0.028000 0.021000
0 0.809500 0.612500 0.016000 0.012000
0 0.378000 0.480500 0.023000 0.024000
0 0.457500 0.512000 0.017000 0.025000
0 0.473500 0.448500 0.016000 0.018000
0 0.409000 0.886500 0.015000 0.020000
0 0.423000 0.598500 0.020000 0.020000
0 0.511000 0.506000 0.019000 0.017000
0 0.696000 0.796000 0.019000 0.020000
0 0.486000 0.499500 0.013000 0.012000
0 0.628000 0.492500 0.020000 0.027000
0 0.288500 0.590500 0.017000 0.016000
0 0.511000 0.309500 0.020000 0.020000
0 0.357500 0.556000 0.017000 0.015000
0 0.338000 0.467000 0.021000 0.025000
0 0.622000 0.487500 0.028000 0.027000
0 0.262000 0.673000 0.028000 0.020000
0 0.887750 0.612500 0.026500 0.024000
0 0.129500 0.343500 0.009000 0.011000
0 0.171000 0.518500 0.025000 0.028000
0 0.433500 0.259000 0.014000 0.014000
0 0.528500 0.759500 0.020000 0.018000
0 0.508500 0.453500 0.016000 0.021000
0 0.368000 0.633000 0.026000 0.032000
0 0.655500 0.329500 0.008000 0.008000
0 0.702000 0.231000 0.019000 0.025000
0 0.390000 0.425000 0.018000 0.017000
0 0.221500 0.784500 0.012000 0.013000
0 0.388500 0.527500 0.015000 0.017000
0 0.818000 0.662000 0.020000 0.020000
0 0.535000 0.535500 0.031000 0.023000
0 0.639500 0.458500 0.013000 0.024000
0 0.539000 0.416500 0.021000 0.021000
0 0.399000 0.826000 0.010000 0.014000
0 0.507500 0.517500 0.013000 0.012000
0 0.687500 0.571000 0.017000 0.015000
0 0.574500 0.525000 0.011000 0.015000
0 0.541500 0.597500 0.020000 0.018000
0 0.331500 0.727500 0.021000 0.017000
0 0.250000 0.575000 0.013000 0.012000
0 0.501500 0.442000 0.011000 0.014000
0 0.495000 0.323000 0.012000 0.015000
0 0.216000 0.466000 0.021000 0.023000
0 0.381500 0.591500 0.015000 0.016000
0 0.092500 0.415000 0.017000 0.016000
0 0.689000 0.581000 0.013000 0.012000
0 0.771500 0.471500 0.019000 0.018000
0 0.476000 0.439000 0.024000 0.025000
0 0.865000 0.487500 0.019000 0.019000
0 0.325000 0.555000 0.014000 0.015000
0 0.503500 0.770500 0.023000 0.024000
0 0.704000 0.499000 0.020000 0.020000
0 0.561000 0.421000 0.025000 0.020000
0 0.485500 0.789000 0.018000 0.017000
0 0.173000 0.422000 0.022000 0.025000
0 0.894500 0.599000 0.024000 0.024000
0 0.500000 0.487500 0.019000 0.015000
0 0.688500 0.383000 0.015000 0.022000
0 0.571500 0.434500 0.019000 0.020000
0 0.359500 0.523500 0.018000 0.018000
0 0.449500 0.641500 0.019000 0.018000
0 0.533000 0.504500 0.019000 0.022000
0 0.712000 0.573000 0.021000 0.020000
0 0.525000 0.581000 0.015000 0.015000
0 0.460500 0.385500 0.024000 0.026000
0 0.637500 0.286500 0.024000 0.015000
0 0.204000 0.336000 0.014000 0.011000
0 0.388500 0.569500 0.019000 0.019000
0 0.474500 0.543500 0.022000 0.022000
0 0.624250 0.208000 0.020500 0.016000
0 0.668000 0.866000 0.020000 0.014000
0 0.408500 0.467500 0.011000 0.011000
0 0.499000 0.497000 0.024000 0.029000
0 0.478500 0.524500 0.012000 0.014000
0 0.808500 0.604000 0.013000 0.015000
0 0.572000 0.876000 0.024000 0.020000
0 0.519500 0.723000 0.018000 0.019000
0 0.683500 0.632000 0.011000 0.013000
0 0.268000 0.589500 0.010000 0.010000
0 0.556500 0.444500 0.017000 0.019000
0 0.662500 0.702000 0.032000 0.032000
0 0.279000 0.497000 0.017000 0.015000
0 0.506500 0.343000 0.018000 0.024000
0 0.682000 0.526000 0.016000 0.012000
0 0.730500 0.717500 0.020000 0.021000
0 0.490000 0.766000 0.013000 0.013000
0 0.438500 0.581000 0.019000 0.018000
0 0.478000 0.761500 0.014000 0.016000
0 0.344000 0.447500 0.019000 0.020000
0 0.517000 0.454500 0.014000 0.015000
0 0.092500 0.447000 0.019000 0.015000
0 0.422000 0.216500 0.017000 0.015000
0 0.749500 0.363500 0.011000 0.015000
0 0.419500 0.528750 0.010000 0.011500
0 0.176500 0.635500 0.010000 0.011000
0 0.481000 0.538000 0.014000 0.013000
0 0.628500 0.557500 0.018000 0.026000
0 0.422500 0.256500 0.026000 0.022000
0 0.503500 0.495000 0.018000 0.015000
0 0.730000 0.535000 0.016000 0.015000
0 0.191500 0.216500 0.026000 0.026000
0 0.530500 0.489000 0.026000 0.015000
0 0.523000 0.460000 0.015000 0.017000
0 0.572500 0.302000 0.014000 0.014000
0 0.715500 0.784000 0.015000 0.017000
0 0.462000 0.544000 0.021000 0.021000
0 0.457000 0.536500 0.015000 0.018000
0 0.608000 0.698500 0.026000 0.026000
0 0.336000 0.741500 0.013000 0.011000
0 0.388500 0.356500 0.014000 0.014000
0 0.583000 0.508000 0.028000 0.019000
0 0.576000 0.098000 0.022000 0.016000
0 0.667500 0.546500 0.019000 0.018000
0 0.515500 0.540500 0.019000 0.015000
0 0.757000 0.430500 0.015000 0.013000
0 0.498000 0.514500 0.013000 0.015000
0 0.162000 0.261000 0.021000 0.021000
0 0.329500 0.864000 0.024000 0.015000
0 0.398000 0.392000 0.021000 0.017000
0 0.461500 0.302500 0.011000 0.018000
0 0.176000 0.444500 0.013000 0.012000
0 0.231500 0.524500 0.012000 0.015000
0 0.851000 0.311000 0.023000 0.024000
0 0.493500 0.501500 0.025000 0.026000
0 0.559000 0.740000 0.032000 0.031000
0 0.246500 0.212000 0.018000 0.017000
0 0.335500 0.610000 0.029000 0.028000
0 0.464500 0.550500 0.032000 0.032000
0 0.390500 0.333500 0.019000 0.019000
0 0.536000 0.768500 0.009000 0.012000
0 0.452000 0.271000 0.024000 0.026000
0 0.439000 0.476500 0.012000 0.012000
0 0.706500 0.607000 0.019000 0.019000
0 0.827500 0.532500 0.022000 0.029000
0 0.455000 0.465000 0.015000 0.013000
0 0.405500 0.714500 0.013000 0.010000
0 0.510500 0.672500 0.019000 0.015000
0 0.477500 0.514000 0.023000 0.024000
0 0.313000 0.221000 0.022000 0.021000
0 0.313500 0.529500 0.029000 0.026000
0 0.188500 0.564500 0.028000 0.032000
0 0.682000 0.264500 0.017000 0.017000
0 0.438500 0.519000 0.031000 0.028000
0 0.531500 0.915000 0.023000 0.030000
0 0.637000 0.772500 0.028000 0.027000
0 0.434500 0.469000 0.013000 0.010000
0 0.311000 0.182500 0.020000 0.019000
0 0.394000 0.241000 0.021000 0.024000
0 0.652000 0.680000 0.011000 0.012000
0 0.725500 0.395500 0.013000 0.009000
0 0.603500 0.409500 0.023000 0.027000
0 0.496000 0.459500 0.023000 0.032000
0 0.410500 0.269750 0.021000 0.029500
0 0.474000 0.747000 0.022000 0.018000
0 0.514000 0.531500 0.014000 0.013000
0 0.491000 0.486000 0.030000 0.027000
0 0.800000 0.327000 0.028000 0.029000
0 0.340000 0.653000 0.012000 0.013000
0 0.125000 0.671500 0.019000 0.017000
0 0.155500 0.700500 0.022000 0.024000
0 0.361500 0.625500 0.028000 0.024000
0 0.483000 0.511000 0.025000 0.031000
0 0.131000 0.428500 0.020000 0.023000
0 0.266000 0.245000 0.020000 0.019000
0 0.127000 0.359000 0.019000 0.018000
0 0.152500 0.504000 0.017000 0.017000
0 0.544500 0.336500 0.020000 0.022000
0 0.786750 0.561750 0.018500 0.018500
0 0.640500 0.398000 0.018000 0.021000
0 0.296500 0.278000 0.015000 0.016000
0 0.676500 0.471000 0.014000 0.011000
0 0.602500 0.379500 0.030000 0.032000
0 0.535500 0.425500 0.027000 0.019000
0 0.251500 0.508000 0.021000 0.023000
0 0.327500 0.232000 0.027000 0.026000
0 0.803500 0.521500 0.011000 0.012000
0 0.483000 0.486000 0.013000 0.017000
0 0.473000 0.471000 0.017000 0.021000
0 0.408500 0.591500 0.028000 0.025000
0 0.514500 0.332000 0.024000 0.025000
0 0.288500 0.269500 0.028000 0.030000
0 0.129500 0.567500 0.015000 0.014000
0 0.505500 0.659500 0.012000 0.012000
0 0.210500 0.622500 0.030000 0.030000
0 0.503500 0.466500 0.016000 0.019000
0 0.542000 0.500500 0.018000 0.018000
0 0.496500 0.598500 0.030000 0.031000
0 0.405500 0.306000 0.025000 0.019000
0 0.519000 0.706500 0.016000 0.016000
0 0.551000 0.462500 0.022000 0.016000
0 0.254000 0.375500 0.030000 0.035000
0 0.312500 0.501500 0.011000 0.013000
0 0.560000 0.500000 0.012000 0.013000
0 0.293000 0.492000 0.031000 0.029000
0 0.192000 0.477500 0.012000 0.015000
0 0.596500 0.764500 0.016000 0.017000
0 0.626000 0.577000 0.013000 0.014000
0 0.248500 0.383500 0.016000 0.011000
0 0.471000 0.175000 0.019000 0.014000
0 0.396000 0.817500 0.014000 0.017000
0 0.567000 0.904000 0.022000 0.028000
0 0.493500 0.440500 0.023000 0.030000
0 0.358000 0.470000 0.013000 0.015000
0 0.226000 0.712500 0.014000 0.017000
0 0.759250 0.609000 0.020500 0.015000
0 0.280500 0.748000 0.035000 0.033000
0 0.556500 0.635000 0.019000 0.017000
0 0.408500 0.397000 0.022000 0.029000
0 0.508000 0.506000 0.014000 0.015000
0 0.507500 0.578500 0.014000 0.013000
0 0.822500 0.275500 0.014000 0.018000
0 0.745000 0.240500 0.017000 0.018000
0 0.362000 0.306500 0.028000 0.020000
0 0.233500 0.771000 0.029000 0.029000
0 0.204000 0.299000 0.020000 0.022000
0 0.343000 0.533500 0.019000 0.019000
0 0.381000 0.668500 0.018000 0.018000
0 0.607250 0.524500 0.017500 0.012000
0 0.423500 0.774500 0.028000 0.025000
0 0.231000 0.505000 0.030000 0.029000
0 0.421000 0.805500 0.016000 0.014000
0 0.225000 0.775000 0.017000 0.013000
0 0.326000 0.458500 0.027000 0.027000
0 0.331500 0.602000 0.015000 0.022000
0 0.371000 0.420000 0.015000 0.015000
0 0.464000 0.441500 0.012000 0.012000
0 0.115000 0.442000 0.019000 0.024000
0 0.478000 0.552000 0.012000 0.011000
0 0.795500 0.304000 0.026000 0.023000
0 0.271500 0.756000 0.014000 0.009000
0 0.439500 0.550000 0.018000 0.022000
0 0.698000 0.136500 0.033000 0.033000
0 0.693000 0.608500 0.024000 0.027000
0 0.397500 0.288000 0.019000 0.017000
0 0.683000 0.336000 0.022000 0.022000
0 0.752000 0.560500 0.024000 0.028000
0 0.631500 0.642500 0.027000 0.023000
0 0.205000 0.688000 0.021000 0.016000
0 0.326000 0.471500 0.021000 0.019000
0 0.455000 0.522000 0.027000 0.028000
0 0.212000 0.575000 0.022000 0.021000
0 0.475500 0.159500 0.026000 0.020000
0 0.515500 0.524000 0.016000 0.019000
0 0.562500 0.497500 0.016000 0.019000
0 0.662000 0.580000 0.018000 0.018000
0 0.442000 0.402000 0.025000 0.027000
0 0.584500 0.634000 0.025000 0.026000
0 0.381000 0.343000 0.018000 0.025000
0 0.793500 0.271500 0.027000 0.031000
0 0.434000 0.568000 0.020000 0.014000
0 0.708000 0.471500 0.019000 0.014000
0 0.597500 0.463000 0.021000 0.021000
0 0.838500 0.711000 0.018000 0.020000
0 0.814000 0.393500 0.027000 0.029000
0 0.766000 0.435500 0.013000 0.010000
0 0.682500 0.753000 0.028000 0.027000
0 0.444500 0.343000 0.022000 0.017000
0 0.764000 0.365000 0.017000 0.017000
0 0.473000 0.521500 0.020000 0.013000
0 0.340000 0.396000 0.031000 0.028000
0 0.543500 0.368000 0.026000 0.025000
0 0.561000 0.371500 0.025000 0.025000
0 0.484000 0.242000 0.026000 0.022000
0 0.403500 0.371500 0.021000 0.017000
0 0.750000 0.793000 0.024000 0.023000
0 0.227000 0.506500 0.031000 0.031000
0 0.659000 0.459500 0.015000 0.021000
0 0.582500 0.603500 0.024000 0.022000
0 0.413250 0.149500 0.017500 0.012000
0 0.136000 0.488500 0.017000 0.026000
0 0.449000 0.528500 0.031000 0.028000
0 0.476500 0.565500 0.017000 0.017000
0 0.174500 0.655000 0.015000 0.013000
0 0.502000 0.418500 0.018000 0.013000
0 0.637000 0.380000 0.013000 0.014000
0 0.792000 0.219500 0.018000 0.018000
0 0.360500 0.426500 0.024000 0.029000
0 0.367000 0.254500 0.025000 0.019000
0 0.288500 0.196500 0.019000 0.016000
0 0.594000 0.207000 0.019000 0.018000
0 0.617000 0.730500 0.014000 0.013000
0 0.418500 0.519000 0.024000 0.027000
0 0.385000 0.185500 0.012000 0.009000
0 0.338000 0.517500 0.021000 0.021000
0 0.269000 0.555250 0.016000 0.023500
0 0.116500 0.345000 0.029000 0.022000
0 0.209000 0.486500 0.012000 0.013000
0 0.268500 0.401000 0.016000 0.016000
0 0.738000 0.656500 0.010000 0.009000
0 0.419000 0.165000 0.027000 0.028000
0 0.345000 0.350000 0.014000 0.012000
0 0.101000 0.470500 0.023000 0.017000
0 0.690500 0.624500 0.015000 0.014000
0 0.573000 0.403000 0.013000 0.013000
0 0.600000 0.330000 0.020000 0.028000
0 0.436500 0.758000 0.024000 0.026000
0 0.402000 0.676500 0.017000 0.013000
0 0.274500 0.407500 0.028000 0.031000
0 0.099000 0.622000 0.024000 0.025000
0 0.321000 0.767500 0.020000 0.020000
0 0.611750 0.520000 0.014500 0.011000
0 0.339500 0.231500 0.023000 0.019000
0 0.839000 0.586500 0.026000 0.026000
0 0.305500 0.178000 0.016000 0.013000
0 0.498500 0.103000 0.014000 0.018000
0 0.338000 0.631000 0.035000 0.030000
0 0.123500 0.502000 0.018000 0.015000
0 0.663000 0.483000 0.022000 0.022000
0 0.435000 0.176000 0.020000 0.021000
0 0.468500 0.647500 0.013000 0.013000
0 0.501000 0.521500 0.014000 0.015000
0 0.360000 0.646500 0.015000 0.016000
0 0.398000 0.472500 0.023000 0.020000
0 0.821500 0.456500 0.012000 0.021000
0 0.291500 0.306000 0.034000 0.030000
0 0.399000 0.609500 0.026000 0.027000
0 0.523000 0.517000 0.017000 0.018000
0 0.106000 0.454500 0.015000 0.016000
0 0.324500 0.679500 0.016000 0.013000
0 0.710500 0.155000 0.018000 0.020000
0 0.599000 0.583000 0.025000 0.023000
0 0.427000 0.546000 0.008000 0.009000
0 0.761000 0.415500 0.022000 0.020000
0 0.375000 0.897000 0.021000 0.019000
0 0.489000 0.524500 0.028000 0.026000
0 0.400000 0.563500 0.013000 0.017000
0 0.601000 0.205500 0.020000 0.022000
0 0.457500 0.365500 0.013000 0.017000
0 0.164250 0.284000 0.014500 0.015000
0 0.377500 0.160000 0.021000 0.021000
0 0.488500 0.422500 0.011000 0.012000
0 0.287000 0.550000 0.021000 0.023000
0 0.461500 0.840000 0.015000 0.014000
0 0.550000 0.682000 0.022000 0.018000
0 0.228000 0.426000 0.020000 0.015000
0 0.487000 0.513500 0.023000 0.024000
0 0.572000 0.186000 0.021000 0.022000
0 0.503000 0.572500 0.025000 0.019000
0 0.460000 0.118500 0.012000 0.011000
0 0.799500 0.220500 0.019000 0.017000
0 0.118500 0.405000 0.029000 0.023000
0 0.639500 0.861500 0.023000 0.026000
0 0.160000 0.447000 0.009000 0.010000
0 0.608500 0.206000 0.015000 0.020000
0 0.672000 0.190500 0.016000 0.015000
0 0.463000 0.518500 0.018000 0.025000
0 0.306000 0.432500 0.022000 0.021000
0 0.636500 0.511000 0.029000 0.032000
0 0.777000 0.651000 0.027000 0.028000
0 0.419500 0.281500 0.017000 0.016000
0 0.233000 0.700000 0.032000 0.029000
0 0.197500 0.495000 0.009000 0.013000
0 0.236500 0.235500 0.011000 0.012000
0 0.443500 0.297000 0.019000 0.016000
0 0.767500 0.489500 0.010000 0.010000
0 0.254000 0.733500 0.011000 0.011000
0 0.726500 0.501000 0.029000 0.027000
0 0.306000 0.282000 0.018000 0.026000
0 0.584500 0.116000 0.024000 0.030000
0 0.349500 0.559500 0.017000 0.017000
0 0.313000 0.297500 0.021000 0.022000
0 0.516500 0.501000 0.023000 0.018000
0 0.537500 0.724500 0.032000 0.028000
0 0.760000 0.582000 0.016000 0.018000
0 0.569000 0.579500 0.024000 0.021000
0 0.538500 0.245500 0.013000 0.009000
0 0.611000 0.463000 0.021000 0.019000
0 0.653500 0.450750 0.010000 0.014500
0 0.736000 0.371500 0.025000 0.025000
0 0.530000 0.213000 0.023000 0.031000
0 0.217000 0.285500 0.010000 0.016000
0 0.467000 0.855500 0.019000 0.019000
0 0.538000 0.400500 0.021000 0.030000
0 0.176500 0.600500 0.020000 0.032000
0 0.201000 0.549000 0.025000 0.023000
0 0.324500 0.496000 0.031000 0.024000
0 0.646500 0.702500 0.013000 0.012000
0 0.265500 0.651000 0.025000 0.027000
0 0.357500 0.137000 0.022000 0.017000
0 0.167500 0.640000 0.023000 0.024000
0 0.868000 0.424500 0.013000 0.016000
0 0.482500 0.679500 0.019000 0.011000
0 0.188000 0.712500 0.028000 0.024000
0 0.408500 0.754500 0.020000 0.022000
0 0.587500 0.390500 0.011000 0.012000
0 0.620500 0.484500 0.026000 0.031000
0 0.268500 0.575000 0.024000 0.018000
0 0.444000 0.336000 0.020000 0.020000
0 0.282000 0.637500 0.012000 0.014000
0 0.567000 0.770500 0.020000 0.021000
0 0.469000 0.443000 0.019000 0.030000
0 0.523500 0.838000 0.017000 0.017000
0 0.363000 0.590000 0.020000 0.016000
0 0.350000 0.527500 0.026000 0.028000
0 0.534000 0.698000 0.024000 0.025000
0 0.733000 0.666000 0.019000 0.018000
0 0.794500 0.338500 0.021000 0.023000
0 0.843500 0.381000 0.015000 0.016000
0 0.387500 0.607000 0.011000 0.012000
0 0.365000 0.552000 0.027000 0.030000
0 0.338000 0.417000 0.026000 0.030000
0 0.859500 0.402500 0.020000 0.020000
0 0.364000 0.612500 0.017000 0.020000
0 0.732000 0.487000 0.021000 0.019000
0 0.413500 0.245000 0.012000 0.013000
0 0.342500 0.573000 0.017000 0.019000
0 0.410500 0.846500 0.018000 0.015000
0 0.527000 0.360500 0.025000 0.030000
0 0.561000 0.474500 0.025000 0.018000
0 0.246000 0.451000 0.032000 0.030000
0 0.862500 0.464000 0.023000 0.027000
0 0.801000 0.277500 0.019000 0.020000
0 0.536000 0.345500 0.024000 0.015000
0 0.611000 0.438000 0.018000 0.019000
0 0.794000 0.293000 0.011000 0.009000
0 0.357000 0.230000 0.028000 0.033000
0 0.438000 0.506500 0.017000 0.017000
0 0.649500 0.310000 0.023000 0.023000
0 0.380500 0.468000 0.015000 0.014000
0 0.856000 0.378000 0.020000 0.020000
0 0.756500 0.545500 0.016000 0.017000
0 0.344000 0.860500 0.011000 0.010000
0 0.370500 0.618500 0.033000 0.032000
0 0.465500 0.449000 0.028000 0.027000
0 0.791000 0.684000 0.024000 0.019000
0 0.783250 0.380500 0.014500 0.011000
0 0.390500 0.445500 0.020000 0.016000
0 0.431500 0.434000 0.016000 0.015000
0 0.622000 0.549500 0.034000 0.036000
0 0.310500 0.580000 0.012000 0.011000
0 0.860500 0.560000 0.026000 0.026000
0 0.838500 0.508500 0.026000 0.026000
0 0.491000 0.453500 0.013000 0.013000
0 0.445000 0.494000 0.018000 0.014000
0 0.564500 0.508500 0.019000 0.020000
0 0.501500 0.562000 0.021000 0.022000
0 0.440000 0.255500 0.021000 0.022000
0 0.503500 0.204000 0.033000 0.028000
0 0.565500 0.612500 0.029000 0.020000
0 0.533500 0.087000 0.024000 0.031000
0 0.292000 0.355000 0.017000 0.020000
0 0.484000 0.416500 0.025000 0.023000
0 0.502500 0.537500 0.015000 0.012000
0 0.156000 0.468000 0.031000 0.030000
0 0.438500 0.446000 0.028000 0.030000
0 0.658500 0.402000 0.016000 0.014000
0 0.358000 0.439000 0.024000 0.027000
0 0.557000 0.318000 0.012000 0.010000
0 0.497500 0.532000 0.017000 0.015000
0 0.547000 0.532000 0.018000 0.025000
0 0.506500 0.478500 0.014000 0.011000
0 0.689000 0.736000 0.028000 0.026000
0 0.515500 0.562500 0.019000 0.018000
0 0.486500 0.431500 0.014000 0.011000
0 0.729500 0.593000 0.021000 0.024000
0 0.342500 0.515000 0.031000 0.032000
0 0.408500 0.258000 0.031000 0.018000
0 0.098500 0.522500 0.021000 0.017000
0 0.675000 0.874500 0.016000 0.017000
0 0.841000 0.283000 0.020000 0.020000
0 0.792500 0.550500 0.019000 0.015000
0 0.318000 0.630750 0.016000 0.023500
0 0.406500 0.352500 0.022000 0.024000
0 0.211000 0.694500 0.021000 0.026000
0 0.288000 0.613500 0.018000 0.019000
0 0.420500 0.822500 0.013000 0.011000
0 0.458500 0.502500 0.021000 0.023000
0 0.558000 0.518500 0.013000 0.011000
0 0.501500 0.431000 0.030000 0.034000
0 0.498000 0.726000 0.022000 0.018000
0 0.573500 0.511500 0.021000 0.020000
0 0.264000 0.319500 0.015000 0.014000
0 0.643500 0.540500 0.022000 0.023000
0 0.387000 0.303500 0.016000 0.021000
0 0.334000 0.379000 0.024000 0.024000
0 0.272250 0.825000 0.023500 0.019000
0 0.452500 0.397500 0.016000 0.020000
0 0.817000 0.625500 0.012000 0.020000
0 0.641500 0.741500 0.019000 0.025000
0 0.366000 0.617000 0.016000 0.013000
0 0.610500 0.897500 0.013000 0.011000
0 0.323000 0.783000 0.013000 0.013000
0 0.582500 0.536000 0.021000 0.023000
0 0.648000 0.673000 0.022000 0.031000
0 0.584500 0.578500 0.019000 0.019000
0 0.426000 0.381500 0.028000 0.029000
0 0.501000 0.541000 0.014000 0.016000
0 0.393500 0.723500 0.014000 0.017000
0 0.251500 0.583500 0.015000 0.016000
0 0.484500 0.262500 0.017000 0.019000
0 0.225000 0.690000 0.012000 0.017000
0 0.401000 0.519000 0.028000 0.027000
0 0.310000 0.608500 0.013000 0.014000
0 0.686000 0.868000 0.014000 0.011000
0 0.720500 0.675000 0.012000 0.012000
0 0.283500 0.452500 0.008000 0.008000
0 0.313000 0.745500 0.020000 0.019000
0 0.637000 0.138500 0.021000 0.018000
0 0.457500 0.490500 0.022000 0.019000
0 0.704000 0.642000 0.017000 0.024000
0 0.473500 0.393000 0.017000 0.016000
0 0.550000 0.457000 0.023000 0.020000
0 0.293000 0.662500 0.011000 0.010000
0 0.679500 0.684500 0.022000 0.022000
0 0.460500 0.629000 0.011000 0.012000
0 0.090500 0.557000 0.016000 0.013000
0 0.266500 0.683250 0.021000 0.029500
0 0.134500 0.645500 0.012000 0.018000
0 0.412000 0.763000 0.018000 0.018000
0 0.330000 0.463000 0.017000 0.012000
0 0.649000 0.465500 0.026000 0.019000
0 0.560000 0.261000 0.023000 0.027000
0 0.666000 0.648500 0.025000 0.033000
0 0.659500 0.818000 0.012000 0.013000
0 0.256500 0.308000 0.023000 0.023000
0 0.441000 0.394000 0.019000 0.019000
0 0.416500 0.156500 0.018000 0.018000
0 0.517000 0.679500 0.019000 0.020000
0 0.766000 0.505000 0.028000 0.028000
0 0.543500 0.352500 0.015000 0.015000
0 0.348000 0.245000 0.024000 0.030000
0 0.389000 0.821000 0.025000 0.028000
0 0.322000 0.848000 0.026000 0.019000
0 0.482000 0.475500 0.023000 0.021000
0 0.508000 0.122000 0.025000 0.025000
0 0.439500 0.125000 0.018000 0.014000
0 0.647500 0.287000 0.029000 0.024000
0 0.483500 0.648500 0.026000 0.016000
0 0.467500 0.697000 0.023000 0.028000
0 0.505500 0.586500 0.023000 0.020000
0 0.523000 0.249500 0.026000 0.022000
0 0.461500 0.887000 0.033000 0.025000
0 0.426000 0.832000 0.011000 0.009000
0 0.591000 0.743000 0.010000 0.011000
0 0.202250 0.411000 0.020500 0.016000
0 0.533000 0.233000 0.018000 0.018000
0 0.374500 0.573500 0.012000 0.013000
0 0.578000 0.571000 0.014000 0.015000
0 0.422000 0.495000 0.017000 0.021000
0 0.583000 0.333500 0.024000 0.029000
0 0.541000 0.478000 0.014000 0.014000
0 0.127000 0.513000 0.027000 0.024000
0 0.574000 0.458500 0.022000 0.023000
0 0.720000 0.715000 0.017000 0.023000
0 0.858500 0.715500 0.014000 0.015000
0 0.478000 0.165500 0.013000 0.013000
0 0.838500 0.660500 0.027000 0.024000
0 0.504500 0.462500 0.021000 0.021000
0 0.617500 0.350000 0.021000 0.022000
0 0.645500 0.570000 0.018000 0.022000
0 0.480500 0.531000 0.014000 0.014000
0 0.167500 0.448000 0.016000 0.013000
0 0.424000 0.238500 0.017000 0.019000
0 0.542500 0.096000 0.011000 0.008000
0 0.638000 0.592500 0.011000 0.016000
0 0.237500 0.657000 0.019000 0.019000
0 0.564000 0.677500 0.015000 0.015000
0 0.359000 0.606500 0.025000 0.025000
0 0.229500 0.306000 0.025000 0.028000
0 0.458500 0.416500 0.015000 0.011000
0 0.600000 0.501500 0.018000 0.018000
0 0.624000 0.344000 0.015000 0.015000
0 0.353000 0.708000 0.012000 0.017000
0 0.574500 0.591000 0.025000 0.029000
0 0.584500 0.414000 0.019000 0.020000
0 0.373500 0.701000 0.027000 0.032000
0 0.675000 0.651500 0.018000 0.018000
0 0.386500 0.542500 0.025000 0.025000
0 0.359000 0.779000 0.014000 0.015000
0 0.495500 0.493500 0.016000 0.020000
0 0.522000 0.383000 0.021000 0.027000
0 0.821500 0.678000 0.015000 0.017000
0 0.262000 0.708500 0.016000 0.012000
0 0.375500 0.501500 0.020000 0.028000
0 0.367500 0.721000 0.027000 0.024000
0 0.275000 0.602500 0.011000 0.015000