0 0.409000 0.610500 0.019000 0.017000
0 0.686000 0.123500 0.022000 0.027000
0 0.517500 0.625000 0.015000 0.013000
0 0.681000 0.824000 0.017000 0.011000
0 0.593500 0.835000 0.015000 0.015000
0 0.584000 0.784500 0.019000 0.016000
0 0.354500 0.555000 0.020000 0.018000
0 0.492500 0.511500 0.020000 0.022000
0 0.605000 0.598500 0.013000 0.013000
0 0.529500 0.359500 0.019000 0.018000
0 0.430000 0.500500 0.020000 0.014000
0 0.696500 0.826500 0.022000 0.026000
0 0.683000 0.450500 0.015000 0.017000
0 0.528500 0.588500 0.015000 0.020000
0 0.367500 0.832000 0.018000 0.016000
0 0.842500 0.641500 0.024000 0.025000
0 0.399000 0.641500 0.019000 0.018000
0 0.229500 0.384000 0.016000 0.015000
0 0.668000 0.166000 0.022000 0.020000
0 0.734000 0.700500 0.024000 0.021000
0 0.345500 0.364000 0.023000 0.024000
0 0.515500 0.668500 0.015000 0.015000
0 0.380000 0.609500 0.019000 0.022000
0 0.632000 0.106500 0.026000 0.022000
0 0.429500 0.251500 0.010000 0.010000
0 0.487500 0.495000 0.011000 0.012000
0 0.326000 0.597000 0.016000 0.015000
0 0.769000 0.714500 0.022000 0.031000
0 0.216000 0.449500 0.026000 0.026000
0 0.295750 0.445000 0.014500 0.011000
0 0.401000 0.742000 0.016000 0.031000
0 0.468500 0.219500 0.020000 0.025000
0 0.231500 0.233500 0.017000 0.019000
0 0.382000 0.877500 0.027000 0.027000
0 0.400500 0.515000 0.014000 0.014000
0 0.512000 0.508000 0.022000 0.018000
0 0.164500 0.655500 0.025000 0.024000
0 0.197000 0.537500 0.017000 0.020000
0 0.510500 0.550500 0.014000 0.013000
0 0.537000 0.409000 0.023000 0.033000
0 0.628500 0.247000 0.020000 0.024000
0 0.587000 0.615000 0.016000 0.016000
0 0.469500 0.536500 0.014000 0.015000
0 0.511500 0.494500 0.026000 0.023000
0 0.545500 0.507500 0.008000 0.010000
0 0.341500 0.516500 0.011000 0.010000
0 0.730000 0.423000 0.011000 0.013000
0 0.383500 0.742000 0.018000 0.018000
0 0.506500 0.502000 0.023000 0.024000
0 0.631500 0.288000 0.011000 0.010000
0 0.456000 0.527000 0.023000 0.024000
0 0.424000 0.631000 0.024000 0.024000
0 0.200000 0.426000 0.013000 0.015000
0 0.603000 0.573000 0.021000 0.024000
0 0.383000 0.465500 0.015000 0.011000
0 0.384500 0.562500 0.021000 0.022000
0 0.499000 0.461000 0.027000 0.023000
0 0.453500 0.460500 0.017000 0.017000
0 0.463000 0.236500 0.030000 0.031000
0 0.709500 0.260000 0.013000 0.018000
0 0.240500 0.397500 0.021000 0.016000
0 0.415000 0.872500 0.021000 0.024000
0 0.086500 0.457500 0.013000 0.016000
0 0.486000 0.692000 0.028000 0.020000
0 0.533500 0.468500 0.023000 0.029000
0 0.473500 0.555500 0.013000 0.012000
0 0.786000 0.434000 0.021000 0.019000
0 0.434500 0.327500 0.010000 0.014000
0 0.496500 0.508000 0.016000 0.016000
0 0.670500 0.596500 0.011000 0.010000
0 0.177000 0.592500 0.016000 0.018000
0 0.412000 0.676500 0.030000 0.021000
0 0.238000 0.266000 0.019000 0.021000
0 0.630500 0.206500 0.015000 0.013000
0 0.561500 0.312500 0.011000 0.014000
0 0.593500 0.768500 0.013000 0.019000
0 0.446000 0.561000 0.028000 0.028000
0 0.184750 0.545750 0.022500 0.023500
0 0.582500 0.706000 0.030000 0.030000
0 0.799500 0.707500 0.033000 0.022000
0 0.560000 0.742000 0.022000 0.026000
0 0.501500 0.199500 0.012000 0.012000
0 0.706000 0.583000 0.021000 0.021000
0 0.480000 0.577000 0.016000 0.018000
0 0.579500 0.354000 0.021000 0.021000
0 0.423500 0.309500 0.024000 0.029000
0 0.546000 0.462000 0.019000 0.018000
0 0.462000 0.541500 0.013000 0.014000
0 0.829000 0.320500 0.015000 0.016000
0 0.684000 0.281000 0.021000 0.021000
0 0.543500 0.519500 0.018000 0.018000
0 0.750500 0.745500 0.030000 0.028000
0 0.643000 0.331000 0.022000 0.015000
0 0.499500 0.498000 0.031000 0.028000
0 0.625500 0.216000 0.021000 0.016000
0 0.581000 0.100500 0.028000 0.026000
0 0.762500 0.450500 0.011000 0.011000
0 0.403000 0.802000 0.014000 0.025000
0 0.736500 0.608000 0.019000 0.021000
0 0.575000 0.532000 0.011000 0.012000
0 0.790500 0.552500 0.025000 0.024000
0 0.653500 0.185500 0.013000 0.010000
0 0.406500 0.467000 0.011000 0.011000
0 0.598750 0.503000 0.023500 0.018000
0 0.384500 0.397500 0.033000 0.021000
0 0.368000 0.375000 0.009000 0.010000
0 0.586000 0.531500 0.016000 0.018000
0 0.533500 0.399500 0.021000 0.018000
0 0.334000 0.135500 0.015000 0.014000
0 0.683500 0.482000 0.019000 0.014000
0 0.747000 0.180000 0.016000 0.014000
0 0.390000 0.137500 0.026000 0.024000
0 0.504500 0.380500 0.030000 0.029000
0 0.492500 0.470500 0.015000 0.024000
0 0.553500 0.505500 0.012000 0.013000
0 0.632000 0.483000 0.021000 0.021000
0 0.579500 0.595500 0.028000 0.028000
0 0.286000 0.405000 0.021000 0.028000
0 0.248500 0.355500 0.021000 0.014000
0 0.206500 0.743000 0.013000 0.017000
0 0.510000 0.355000 0.017000 0.019000
0 0.725000 0.489000 0.022000 0.019000
0 0.348000 0.286000 0.024000 0.030000
0 0.720500 0.675500 0.018000 0.018000
0 0.539000 0.550500 0.020000 0.021000
0 0.621500 0.625500 0.026000 0.023000
0 0.473000 0.505500 0.013000 0.019000
0 0.858500 0.449500 0.015000 0.017000
0 0.854000 0.684500 0.018000 0.015000
0 0.250000 0.442000 0.016000 0.017000
0 0.319500 0.646000 0.014000 0.011000
0 0.287000 0.632000 0.014000 0.015000
0 0.491000 0.540000 0.020000 0.017000
0 0.442000 0.785000 0.015000 0.017000
0 0.604500 0.698500 0.011000 0.012000
0 0.684000 0.793000 0.017000 0.014000
0 0.828000 0.635500 0.019000 0.020000
0 0.600000 0.714500 0.022000 0.025000
0 0.311000 0.374000 0.019000 0.020000
0 0.254500 0.429500 0.031000 0.034000
0 0.453000 0.694000 0.011000 0.016000
0 0.568000 0.800000 0.033000 0.032000
0 0.404000 0.659500 0.011000 0.013000
0 0.375500 0.595500 0.024000 0.019000
0 0.738500 0.428000 0.031000 0.028000
0 0.489000 0.499500 0.024000 0.027000
0 0.594500 0.565000 0.019000 0.028000
0 0.190500 0.333500 0.025000 0.025000
0 0.370000 0.886000 0.014000 0.012000
0 0.398000 0.578500 0.035000 0.033000
0 0.362000 0.744000 0.021000 0.029000
0 0.527000 0.094500 0.025000 0.032000
0 0.236000 0.811000 0.018000 0.019000
0 0.609000 0.384000 0.025000 0.032000
0 0.463500 0.691500 0.014000 0.016000
0 0.307500 0.168500 0.028000 0.031000
0 0.597000 0.356000 0.012000 0.014000
0 0.836000 0.562000 0.017000 0.017000
0 0.899500 0.438500 0.031000 0.024000
0 0.338000 0.574500 0.022000 0.026000
0 0.302000 0.503500 0.015000 0.022000
0 0.185500 0.716500 0.015000 0.020000
0 0.808000 0.509000 0.013000 0.013000
0 0.613500 0.660000 0.017000 0.014000
0 0.483000 0.478500 0.035000 0.030000
0 0.696500 0.541500 0.030000 0.032000
0 0.336500 0.452500 0.023000 0.021000
0 0.595000 0.665500 0.027000 0.034000
0 0.633500 0.726000 0.026000 0.025000
0 0.224000 0.333000 0.017000 0.017000
0 0.544000 0.495500 0.025000 0.023000
0 0.652500 0.315000 0.023000 0.023000
0 0.512000 0.521500 0.026000 0.027000
0 0.539500 0.292500 0.017000 0.018000
0 0.570000 0.210500 0.013000 0.023000
0 0.492500 0.155500 0.026000 0.029000
0 0.887500 0.499500 0.011000 0.012000
0 0.601500 0.722250 0.010000 0.014500
0 0.776500 0.323000 0.019000 0.018000
0 0.459500 0.660500 0.017000 0.017000
0 0.507000 0.792000 0.025000 0.024000
0 0.657500 0.148000 0.023000 0.028000
0 0.417000 0.637500 0.030000 0.028000
0 0.588000 0.405000 0.022000 0.025000
0 0.752000 0.786500 0.012000 0.011000
0 0.541000 0.377500 0.018000 0.017000
0 0.299000 0.556000 0.016000 0.029000
0 0.511000 0.476000 0.021000 0.027000
0 0.318000 0.363000 0.017000 0.022000
0 0.486500 0.080000 0.010000 0.014000
0 0.473500 0.479500 0.015000 0.016000
0 0.229500 0.514500 0.023000 0.022000
0 0.617000 0.580000 0.021000 0.022000
0 0.307500 0.710500 0.017000 0.023000
0 0.253000 0.615500 0.015000 0.018000
0 0.588250 0.796500 0.014500 0.011000
0 0.685000 0.466000 0.010000 0.011000
0 0.522000 0.409500 0.012000 0.012000
0 0.480000 0.525000 0.020000 0.021000
0 0.451500 0.774000 0.021000 0.019000
0 0.217000 0.595500 0.008000 0.010000
0 0.326500 0.687500 0.019000 0.017000
0 0.467000 0.463000 0.013000 0.011000
0 0.259000 0.547000 0.025000 0.022000
0 0.381500 0.703000 0.014000 0.013000
0 0.396000 0.464500 0.019000 0.018000
0 0.503000 0.387000 0.016000 0.014000
0 0.427500 0.551500 0.030000 0.031000
0 0.193500 0.456000 0.022000 0.020000
0 0.185000 0.365000 0.028000 0.020000
0 0.845000 0.422500 0.022000 0.018000
0 0.544000 0.590500 0.019000 0.023000
0 0.762500 0.203500 0.022000 0.019000
0 0.810500 0.431000 0.018000 0.018000
0 0.452000 0.344000 0.029000 0.029000
0 0.564000 0.305000 0.034000 0.018000
0 0.409500 0.596500 0.020000 0.023000
0 0.887500 0.397000 0.027000 0.023000
0 0.500500 0.456000 0.018000 0.025000
0 0.316000 0.205500 0.018000 0.019000
0 0.560500 0.469000 0.020000 0.021000
0 0.718000 0.610000 0.025000 0.026000
0 0.528500 0.115000 0.021000 0.021000
0 0.654000 0.667000 0.016000 0.018000
0 0.523500 0.449000 0.021000 0.021000
0 0.777000 0.530000 0.026000 0.025000
0 0.615000 0.406500 0.021000 0.021000
0 0.349000 0.352500 0.016000 0.021000
0 0.536500 0.731000 0.024000 0.025000
0 0.482500 0.348500 0.027000 0.026000
0 0.463500 0.334000 0.033000 0.033000
0 0.561500 0.423000 0.023000 0.018000
0 0.464000 0.504000 0.020000 0.022000
0 0.863000 0.321000 0.012000 0.009000
0 0.758500 0.460000 0.019000 0.025000
0 0.135000 0.371500 0.027000 0.019000
0 0.857500 0.293500 0.013000 0.013000
0 0.331000 0.631000 0.025000 0.020000
0 0.311500 0.507500 0.030000 0.026000
0 0.302000 0.218000 0.013000 0.013000
0 0.713500 0.433500 0.025000 0.029000
0 0.526000 0.579500 0.019000 0.022000
0 0.840500 0.449500 0.015000 0.016000
0 0.532000 0.458000 0.023000 0.019000
0 0.496500 0.369000 0.015000 0.017000
0 0.406000 0.683500 0.027000 0.025000
0 0.457500 0.738000 0.017000 0.015000
0 0.583500 0.314000 0.023000 0.025000
0 0.802500 0.728000 0.025000 0.019000
0 0.463000 0.486000 0.010000 0.013000
0 0.469000 0.476000 0.027000 0.027000
0 0.452500 0.546000 0.019000 0.020000
0 0.500000 0.560000 0.028000 0.027000
0 0.775000 0.375500 0.020000 0.020000
0 0.713000 0.465500 0.025000 0.028000
0 0.457000 0.392000 0.032000 0.028000
0 0.341000 0.755000 0.017000 0.019000
0 0.316000 0.400000 0.029000 0.024000
0 0.414000 0.483500 0.018000 0.020000
0 0.547500 0.424000 0.033000 0.030000
0 0.459500 0.359500 0.014000 0.014000
0 0.400500 0.669000 0.008000 0.008000
0 0.846500 0.572000 0.016000 0.014000
0 0.579500 0.502500 0.015000 0.011000
0 0.338500 0.608000 0.026000 0.036000
0 0.433500 0.579500 0.020000 0.029000
0 0.682500 0.196000 0.032000 0.030000
0 0.437500 0.660000 0.017000 0.018000
0 0.507000 0.395500 0.009000 0.009000
0 0.382000 0.199000 0.023000 0.025000
0 0.321000 0.179000 0.010000 0.012000
0 0.107500 0.375000 0.014000 0.016000
0 0.612500 0.474000 0.021000 0.021000
0 0.480500 0.783500 0.010000 0.013000
0 0.476500 0.433500 0.008000 0.014000
0 0.479000 0.450500 0.024000 0.030000
0 0.228500 0.811500 0.017000 0.018000
0 0.166500 0.585500 0.010000 0.012000
0 0.301500 0.140000 0.017000 0.015000
0 0.609000 0.817500 0.023000 0.025000
0 0.279500 0.816000 0.018000 0.020000
0 0.433500 0.858000 0.018000 0.019000
0 0.503500 0.491500 0.014000 0.013000
0 0.569500 0.489500 0.018000 0.016000
0 0.601500 0.549000 0.024000 0.020000
0 0.425000 0.378500 0.024000 0.018000
0 0.460000 0.424500 0.019000 0.015000
0 0.897500 0.561500 0.018000 0.016000
0 0.240500 0.412500 0.014000 0.016000
0 0.329500 0.236500 0.017000 0.016000
0 0.626000 0.558500 0.023000 0.023000
0 0.460500 0.174500 0.016000 0.016000
0 0.401500 0.153000 0.025000 0.033000
0 0.356500 0.547000 0.012000 0.014000
0 0.660500 0.727000 0.008000 0.008000
0 0.359000 0.612000 0.014000 0.015000
0 0.216500 0.424500 0.027000 0.024000
0 0.470000 0.489500 0.021000 0.018000
0 0.575000 0.443500 0.013000 0.008000
0 0.556000 0.719000 0.018000 0.020000
0 0.307500 0.452500 0.014000 0.013000
0 0.368500 0.516000 0.031000 0.033000
0 0.349500 0.401500 0.013000 0.009000
0 0.520500 0.792500 0.018000 0.018000
0 0.557000 0.455500 0.017000 0.025000
0 0.512000 0.447000 0.025000 0.017000
0 0.689000 0.638000 0.020000 0.019000
0 0.602000 0.191500 0.026000 0.029000
0 0.472500 0.905500 0.031000 0.029000
0 0.314000 0.574000 0.010000 0.010000
0 0.489500 0.259000 0.023000 0.023000
0 0.904500 0.581500 0.010000 0.010000
0 0.566000 0.645000 0.022000 0.020000
0 0.291000 0.388000 0.016000 0.018000
0 0.476000 0.233500 0.019000 0.013000
0 0.401500 0.541500 0.015000 0.014000
0 0.372000 0.270000 0.029000 0.031000
0 0.520500 0.514500 0.026000 0.027000
0 0.608000 0.272500 0.017000 0.010000
0 0.725000 0.519500 0.020000 0.019000
0 0.422000 0.214500 0.016000 0.019000
0 0.699000 0.616000 0.009000 0.010000
0 0.489000 0.484750 0.014000 0.020500
0 0.774000 0.219000 0.017000 0.019000
0 0.267000 0.214500 0.023000 0.032000
0 0.756500 0.730000 0.025000 0.018000
0 0.359500 0.324500 0.013000 0.019000
0 0.193500 0.461000 0.025000 0.022000
0 0.708500 0.423500 0.012000 0.014000
0 0.203000 0.255000 0.013000 0.015000
0 0.606000 0.168500 0.023000 0.024000
0 0.695500 0.456500 0.024000 0.024000
0 0.288000 0.309000 0.016000 0.018000
0 0.497500 0.097500 0.015000 0.015000
0 0.634000 0.430500 0.016000 0.014000
0 0.230000 0.644500 0.014000 0.013000
0 0.432500 0.326000 0.021000 0.021000
0 0.382500 0.456500 0.020000 0.028000
0 0.590000 0.586000 0.020000 0.023000
0 0.386500 0.537000 0.019000 0.023000
0 0.356500 0.867500 0.021000 0.024000
0 0.663500 0.682000 0.014000 0.013000
0 0.751000 0.258500 0.023000 0.029000
0 0.753000 0.481000 0.018000 0.018000
0 0.508500 0.907500 0.021000 0.020000
0 0.310500 0.710000 0.015000 0.014000
0 0.411500 0.578000 0.013000 0.014000
0 0.576500 0.603500 0.014000 0.015000
0 0.268000 0.283000 0.020000 0.019000
0 0.585500 0.500500 0.025000 0.021000
0 0.270500 0.717500 0.028000 0.020000
0 0.557500 0.589000 0.024000 0.029000
0 0.453000 0.374500 0.025000 0.022000
0 0.837500 0.361000 0.023000 0.029000
0 0.339500 0.843000 0.012000 0.014000
0 0.477000 0.517500 0.028000 0.031000
0 0.534000 0.477000 0.015000 0.017000
0 0.290000 0.243500 0.025000 0.031000
0 0.307500 0.402500 0.030000 0.028000
0 0.239500 0.400500 0.014000 0.015000
0 0.789000 0.591500 0.028000 0.028000
0 0.607500 0.628500 0.014000 0.015000
0 0.382000 0.416000 0.014000 0.017000
0 0.657500 0.407500 0.013000 0.018000
0 0.753000 0.566000 0.020000 0.021000
0 0.470500 0.709000 0.009000 0.009000
0 0.517500 0.735500 0.011000 0.018000
0 0.611000 0.280000 0.014000 0.020000
0 0.848000 0.312000 0.014000 0.024000
0 0.772000 0.551500 0.010000 0.010000
0 0.891500 0.491000 0.017000 0.015000
0 0.134000 0.314000 0.018000 0.018000
0 0.169000 0.267500 0.016000 0.024000
0 0.272500 0.665000 0.016000 0.018000
0 0.697000 0.578000 0.018000 0.017000
0 0.667000 0.465000 0.034000 0.030000
0 0.483500 0.616500 0.018000 0.020000
0 0.213000 0.716500 0.023000 0.025000
0 0.148000 0.330000 0.020000 0.020000
0 0.774000 0.336000 0.019000 0.016000
0 0.150000 0.509000 0.023000 0.021000
0 0.506000 0.191500 0.012000 0.016000
0 0.223500 0.567500 0.019000 0.016000
0 0.265000 0.404500 0.028000 0.021000
0 0.493500 0.455000 0.028000 0.029000
0 0.578000 0.630500 0.028000 0.020000
0 0.416000 0.559000 0.025000 0.028000
0 0.266500 0.599000 0.013000 0.015000
0 0.811500 0.368500 0.011000 0.011000
0 0.423500 0.336000 0.010000 0.011000
0 0.242000 0.521500 0.017000 0.018000
0 0.749500 0.713000 0.011000 0.017000
0 0.840500 0.334500 0.019000 0.020000
0 0.446000 0.835000 0.012000 0.011000
0 0.445500 0.405500 0.016000 0.020000
0 0.425000 0.758500 0.035000 0.023000
0 0.446500 0.336500 0.030000 0.032000
0 0.201500 0.697000 0.023000 0.024000
0 0.878000 0.615000 0.012000 0.016000
0 0.613500 0.374000 0.012000 0.013000
0 0.443500 0.516000 0.024000 0.024000
0 0.609000 0.190000 0.022000 0.020000
0 0.535000 0.803500 0.023000 0.017000
0 0.237500 0.820500 0.013000 0.016000
0 0.544500 0.670750 0.020000 0.029500
0 0.383500 0.330000 0.033000 0.032000
0 0.372500 0.693000 0.016000 0.011000
0 0.762500 0.279000 0.017000 0.019000
0 0.530000 0.330000 0.026000 0.023000
0 0.629000 0.630500 0.017000 0.015000
0 0.741500 0.200500 0.017000 0.015000
0 0.526500 0.425000 0.015000 0.016000
0 0.461000 0.587500 0.017000 0.021000
0 0.899500 0.531500 0.012000 0.012000
0 0.611000 0.148000 0.021000 0.030000
0 0.657000 0.581000 0.024000 0.029000
0 0.899000 0.626500 0.021000 0.021000
0 0.340000 0.355000 0.018000 0.016000
0 0.572500 0.573000 0.031000 0.026000
0 0.576500 0.701000 0.011000 0.012000
0 0.627000 0.516000 0.013000 0.015000
0 0.505500 0.616500 0.019000 0.010000
0 0.510500 0.665000 0.009000 0.009000
0 0.399500 0.312500 0.032000 0.033000
0 0.396000 0.407000 0.027000 0.022000
0 0.738500 0.488500 0.030000 0.022000
0 0.814000 0.341500 0.028000 0.030000
0 0.302500 0.674000 0.022000 0.016000
0 0.136000 0.430000 0.013000 0.019000
0 0.594000 0.550000 0.025000 0.021000
0 0.426500 0.405500 0.018000 0.022000
0 0.565000 0.855000 0.013000 0.016000
0 0.725000 0.642000 0.027000 0.025000
0 0.625000 0.676750 0.019000 0.026500
0 0.679000 0.411000 0.012000 0.010000
0 0.367500 0.856500 0.022000 0.020000
0 0.633000 0.565500 0.013000 0.009000
0 0.194500 0.479500 0.018000 0.025000
0 0.598000 0.373000 0.016000 0.020000
0 0.692500 0.528500 0.021000 0.030000
0 0.621000 0.333500 0.030000 0.030000
0 0.310000 0.624000 0.016000 0.015000
0 0.457500 0.136000 0.033000 0.030000
0 0.550500 0.650500 0.018000 0.019000
0 0.493000 0.483000 0.018000 0.019000
0 0.664000 0.567000 0.022000 0.023000
0 0.307500 0.293500 0.027000 0.028000
0 0.425500 0.372500 0.018000 0.022000
0 0.543500 0.724000 0.013000 0.011000
0 0.455000 0.469000 0.019000 0.019000
0 0.400500 0.390500 0.017000 0.022000
0 0.294000 0.857500 0.015000 0.017000
0 0.540500 0.795500 0.012000 0.012000
0 0.595000 0.708000 0.013000 0.011000
0 0.520000 0.179000 0.019000 0.020000
0 0.674500 0.500500 0.013000 0.015000
0 0.506500 0.280500 0.023000 0.023000
0 0.386500 0.365000 0.022000 0.022000
0 0.299500 0.594500 0.013000 0.010000
0 0.518500 0.881500 0.015000 0.018000
0 0.251500 0.364500 0.016000 0.017000
0 0.172000 0.549000 0.013000 0.014000
0 0.489000 0.750000 0.017000 0.018000
0 0.318000 0.658500 0.016000 0.021000
0 0.218000 0.223000 0.022000 0.024000
0 0.434000 0.171500 0.014000 0.013000
0 0.391500 0.277500 0.022000 0.021000
0 0.504500 0.627500 0.025000 0.017000
0 0.705000 0.570500 0.009000 0.008000
0 0.542500 0.305500 0.031000 0.028000
0 0.704500 0.229000 0.009000 0.011000
0 0.376000 0.114500 0.015000 0.015000
0 0.640500 0.548000 0.018000 0.018000
0 0.501000 0.534000 0.009000 0.011000
0 0.259000 0.537000 0.021000 0.019000
0 0.716000 0.828000 0.011000 0.012000
0 0.769500 0.229000 0.015000 0.013000
0 0.317000 0.463500 0.016000 0.017000
0 0.394000 0.832000 0.008000 0.010000
0 0.823000 0.708000 0.018000 0.018000
0 0.612000 0.822500 0.011000 0.014000
0 0.643500 0.561000 0.015000 0.013000
0 0.573500 0.517500 0.018000 0.019000
0 0.569500 0.409000 0.022000 0.016000
0 0.563500 0.357000 0.013000 0.013000
0 0.094000 0.421500 0.011000 0.012000
0 0.501000 0.495000 0.019000 0.025000
0 0.417000 0.618500 0.016000 0.016000
0 0.622000 0.493500 0.029000 0.022000
0 0.492000 0.795500 0.022000 0.021000
0 0.303000 0.419000 0.026000 0.022000
0 0.679500 0.735500 0.022000 0.024000
0 0.327500 0.466000 0.014000 0.014000
0 0.763500 0.381000 0.023000 0.023000
0 0.315000 0.376500 0.022000 0.017000
0 0.125500 0.656000 0.034000 0.035000
0 0.769500 0.514000 0.008000 0.008000
0 0.733500 0.244500 0.017000 0.015000
0 0.365000 0.538000 0.015000 0.020000
0 0.534500 0.084500 0.025000 0.023000
0 0.588500 0.509500 0.015000 0.014000
0 0.863500 0.362000 0.012000 0.013000
0 0.156500 0.631500 0.025000 0.021000
0 0.481000 0.720000 0.012000 0.013000
0 0.581000 0.566500 0.015000 0.010000
0 0.484500 0.129500 0.009000 0.014000
0 0.272000 0.156500 0.023000 0.021000
0 0.548000 0.889000 0.023000 0.019000
0 0.373500 0.189000 0.028000 0.027000
0 0.520000 0.531500 0.030000 0.031000
0 0.351500 0.280000 0.024000 0.023000
0 0.202500 0.720000 0.033000 0.035000
0 0.687500 0.762500 0.012000 0.013000
0 0.559000 0.480000 0.028000 0.023000
0 0.503500 0.542000 0.024000 0.020000
0 0.387500 0.351500 0.019000 0.016000
0 0.440000 0.501000 0.018000 0.021000
0 0.520000 0.574500 0.016000 0.016000
0 0.535500 0.540000 0.009000 0.018000
0 0.556500 0.512500 0.020000 0.016000
0 0.651500 0.241500 0.025000 0.023000
0 0.656500 0.524000 0.030000 0.022000
0 0.645000 0.589500 0.030000 0.032000
0 0.309000 0.312000 0.023000 0.022000
0 0.267000 0.579500 0.021000 0.021000
0 0.513000 0.318000 0.016000 0.023000
0 0.592000 0.604000 0.030000 0.020000
0 0.242500 0.799000 0.019000 0.021000
0 0.639500 0.500000 0.016000 0.020000
0 0.598000 0.698000 0.029000 0.027000
0 0.862500 0.568500 0.019000 0.021000
0 0.390500 0.660500 0.012000 0.014000
0 0.337000 0.669000 0.018000 0.026000
0 0.386500 0.549000 0.013000 0.015000
0 0.369000 0.650500 0.022000 0.031000
0 0.501000 0.450000 0.017000 0.025000
0 0.504500 0.411000 0.025000 0.025000
0 0.480000 0.468500 0.021000 0.021000
0 0.275500 0.189000 0.029000 0.029000
0 0.478000 0.135500 0.020000 0.023000
0 0.652500 0.351000 0.022000 0.017000
0 0.491500 0.893500 0.017000 0.015000
0 0.398000 0.564500 0.028000 0.033000
0 0.280500 0.539500 0.020000 0.019000
0 0.461000 0.475500 0.013000 0.014000
0 0.399500 0.533000 0.023000 0.018000
0 0.423500 0.421500 0.013000 0.014000
0 0.553000 0.314000 0.012000 0.010000
0 0.210000 0.637500 0.021000 0.021000
0 0.891000 0.611000 0.021000 0.021000
0 0.326500 0.619500 0.012000 0.013000
0 0.598500 0.558000 0.027000 0.030000
0 0.886500 0.424000 0.011000 0.011000
0 0.298000 0.186500 0.022000 0.022000
0 0.467000 0.413500 0.013000 0.012000
0 0.296000 0.826500 0.021000 0.021000
0 0.752500 0.402500 0.017000 0.020000
0 0.632500 0.493500 0.022000 0.022000
0 0.560500 0.411000 0.020000 0.021000
0 0.794000 0.645500 0.014000 0.021000
0 0.527000 0.482500 0.026000 0.026000
0 0.519000 0.704500 0.023000 0.023000
0 0.522000 0.505500 0.012000 0.012000
0 0.119500 0.436000 0.020000 0.020000
0 0.313500 0.838250 0.010000 0.014500
0 0.418500 0.406500 0.017000 0.016000
0 0.332000 0.504000 0.020000 0.020000
0 0.799000 0.712000 0.015000 0.018000
0 0.486000 0.358000 0.026000 0.032000
0 0.348500 0.529000 0.016000 0.019000
0 0.492500 0.441500 0.022000 0.016000
0 0.580500 0.871000 0.021000 0.021000
0 0.879000 0.494500 0.021000 0.019000
0 0.782500 0.664000 0.012000 0.010000
0 0.694500 0.427500 0.018000 0.018000
0 0.473500 0.660000 0.017000 0.022000
0 0.646500 0.146000 0.017000 0.020000
0 0.868500 0.451000 0.022000 0.022000
0 0.256000 0.285500 0.016000 0.017000
0 0.710500 0.376500 0.018000 0.031000
0 0.493500 0.187500 0.020000 0.017000
0 0.490500 0.565000 0.021000 0.023000
0 0.835500 0.570500 0.019000 0.020000
0 0.435000 0.480500 0.017000 0.018000
0 0.524500 0.670500 0.025000 0.026000
0 0.395000 0.709500 0.021000 0.018000
0 0.503500 0.463500 0.022000 0.017000
0 0.558500 0.163500 0.020000 0.031000
0 0.420500 0.445000 0.033000 0.027000
0 0.411500 0.322000 0.019000 0.015000
0 0.657500 0.140500 0.025000 0.023000
0 0.511000 0.374000 0.019000 0.017000
0 0.686500 0.529000 0.012000 0.011000
0 0.372500 0.482000 0.019000 0.020000
0 0.564000 0.436500 0.021000 0.022000
0 0.705000 0.820500 0.024000 0.025000
0 0.515500 0.912500 0.020000 0.019000
0 0.461000 0.494000 0.019000 0.022000
0 0.524500 0.491000 0.025000 0.022000
0 0.089000 0.447500 0.019000 0.021000
0 0.564500 0.490000 0.021000 0.033000
0 0.630000 0.262500 0.016000 0.018000
0 0.754500 0.277000 0.016000 0.018000
0 0.774500 0.520500 0.010000 0.010000
0 0.395000 0.684500 0.018000 0.020000
0 0.259500 0.695000 0.027000 0.034000
0 0.463500 0.818000 0.019000 0.019000
0 0.445000 0.581500 0.019000 0.017000
0 0.565000 0.154000 0.017000 0.019000
0 0.596500 0.279000 0.021000 0.022000
0 0.343000 0.831000 0.018000 0.017000
0 0.322500 0.290500 0.023000 0.019000
0 0.492000 0.526000 0.010000 0.012000
0 0.471000 0.184500 0.016000 0.013000
0 0.648500 0.657500 0.015000 0.018000
0 0.113500 0.412500 0.029000 0.029000
0 0.713000 0.452000 0.024000 0.024000
0 0.705500 0.853500 0.011000 0.017000
0 0.247750 0.504000 0.023500 0.019000
0 0.783000 0.558000 0.011000 0.013000
0 0.767500 0.479000 0.030000 0.031000
0 0.331000 0.386000 0.026000 0.023000
0 0.654000 0.505500 0.031000 0.022000
0 0.492500 0.339500 0.016000 0.014000
0 0.361500 0.507500 0.024000 0.026000
0 0.566500 0.331000 0.024000 0.022000
0 0.509000 0.481000 0.028000 0.031000
0 0.460500 0.485000 0.017000 0.017000
0 0.743500 0.682500 0.029000 0.018000
0 0.607000 0.729500 0.018000 0.019000
0 0.628500 0.236500 0.014000 0.017000
0 0.526000 0.471000 0.014000 0.017000
0 0.478500 0.489500 0.023000 0.024000
0 0.449000 0.436500 0.008000 0.009000
0 0.610000 0.218500 0.026000 0.030000
0 0.377000 0.373500 0.019000 0.018000
0 0.317000 0.546500 0.020000 0.017000
0 0.547000 0.902500 0.015000 0.020000
0 0.705000 0.717500 0.015000 0.016000
0 0.351000 0.721000 0.010000 0.011000
0 0.611500 0.538000 0.016000 0.011000
0 0.741500 0.804500 0.026000 0.026000
0 0.172000 0.598000 0.028000 0.033000
0 0.444000 0.508500 0.013000 0.011000
0 0.347000 0.279000 0.017000 0.012000
0 0.252500 0.624500 0.017000 0.017000
0 0.559000 0.524000 0.025000 0.026000
0 0.306500 0.789500 0.010000 0.010000
0 0.287500 0.719000 0.026000 0.028000
0 0.578500 0.227000 0.030000 0.028000
0 0.860000 0.547500 0.015000 0.014000
0 0.547000 0.543000 0.033000 0.032000
0 0.610000 0.743000 0.015000 0.018000
0 0.241500 0.766000 0.017000 0.018000
0 0.801500 0.625000 0.031000 0.030000
0 0.731000 0.624000 0.022000 0.023000
0 0.356000 0.342000 0.021000 0.022000
0 0.445500 0.199000 0.025000 0.025000
0 0.402500 0.564500 0.020000 0.023000
0 0.608500 0.363500 0.024000 0.026000
0 0.576500 0.666000 0.009000 0.010000
0 0.508000 0.366000 0.014000 0.014000
0 0.411500 0.476500 0.033000 0.032000
0 0.611000 0.301500 0.024000 0.031000
0 0.628000 0.403500 0.026000 0.027000
0 0.246000 0.776000 0.012000 0.008000
0 0.515500 0.533500 0.012000 0.014000
0 0.850500 0.458000 0.019000 0.018000
0 0.752000 0.443000 0.010000 0.013000
0 0.581000 0.455000 0.028000 0.029000
0 0.547500 0.277500 0.024000 0.019000
0 0.636000 0.467500 0.019000 0.018000
0 0.338000 0.443500 0.023000 0.024000
0 0.461500 0.471000 0.022000 0.028000
0 0.496000 0.546000 0.014000 0.017000
0 0.871000 0.478500 0.021000 0.024000
0 0.382500 0.764500 0.010000 0.010000
0 0.387500 0.734000 0.029000 0.028000
0 0.311500 0.415500 0.032000 0.032000
0 0.215500 0.283000 0.020000 0.022000
0 0.592500 0.333500 0.012000 0.016000
0 0.296500 0.619000 0.019000 0.020000
0 0.729500 0.633500 0.017000 0.017000
0 0.589500 0.328000 0.020000 0.015000
0 0.799500 0.678000 0.018000 0.020000
0 0.142500 0.402000 0.024000 0.029000
0 0.603500 0.438000 0.020000 0.021000
0 0.665000 0.413000 0.019000 0.016000
0 0.523500 0.910500 0.009000 0.013000
0 0.497000 0.451000 0.021000 0.027000
0 0.472750 0.420250 0.024500 0.025500
0 0.354000 0.776000 0.016000 0.022000
0 0.582500 0.210500 0.021000 0.020000
0 0.271500 0.247500 0.015000 0.014000
0 0.522500 0.527500 0.019000 0.011000
0 0.601500 0.495000 0.012000 0.015000
0 0.447250 0.597500 0.026500 0.022000
0 0.597000 0.114000 0.021000 0.023000
0 0.488000 0.367500 0.018000 0.034000
0 0.362500 0.690500 0.017000 0.016000
0 0.419000 0.597500 0.015000 0.016000
0 0.303000 0.411500 0.033000 0.025000
0 0.282000 0.615500 0.011000 0.013000
0 0.156000 0.656000 0.018000 0.021000
0 0.563500 0.264500 0.012000 0.013000
0 0.126000 0.349000 0.014000 0.015000
0 0.547250 0.253000 0.017500 0.013000
0 0.887000 0.372500 0.012000 0.014000
0 0.705000 0.304000 0.024000 0.020000
0 0.858500 0.637500 0.024000 0.028000
0 0.247500 0.724500 0.024000 0.023000
0 0.644500 0.435000 0.020000 0.020000
0 0.510000 0.736500 0.010000 0.013000
0 0.651500 0.392000 0.015000 0.022000
0 0.257500 0.226500 0.018000 0.012000
0 0.381500 0.642500 0.017000 0.017000
0 0.838000 0.281000 0.027000 0.030000
0 0.550000 0.440500 0.023000 0.021000
0 0.637500 0.330000 0.015000 0.014000
0 0.259500 0.528000 0.015000 0.008000
0 0.725750 0.698500 0.023500 0.016000
0 0.649500 0.453500 0.029000 0.023000
0 0.552500 0.687500 0.019000 0.019000
0 0.781000 0.489500 0.021000 0.026000
0 0.427500 0.240500 0.018000 0.011000
0 0.684500 0.223500 0.024000 0.025000
0 0.330500 0.639500 0.010000 0.018000
0 0.634000 0.510500 0.011000 0.013000
0 0.168500 0.282000 0.030000 0.032000
0 0.540000 0.131000 0.023000 0.025000
0 0.341000 0.130000 0.017000 0.022000
0 0.566000 0.469000 0.019000 0.014000
0 0.443500 0.464000 0.030000 0.028000
0 0.594000 0.441000 0.020000 0.020000
0 0.815500 0.655500 0.018000 0.014000
0 0.280500 0.595500 0.029000 0.022000
0 0.617000 0.560000 0.026000 0.023000
0 0.613000 0.567000 0.017000 0.018000
0 0.280000 0.637000 0.028000 0.026000
0 0.612000 0.505000 0.023000 0.021000
0 0.468000 0.345000 0.022000 0.021000
0 0.403500 0.353000 0.014000 0.027000
0 0.657500 0.463500 0.013000 0.011000
0 0.543500 0.422500 0.028000 0.027000
0 0.485000 0.534500 0.018000 0.021000
0 0.763000 0.691500 0.022000 0.019000
0 0.463000 0.620000 0.028000 0.019000
0 0.380000 0.524500 0.030000 0.030000
0 0.606000 0.313500 0.023000 0.018000
0 0.697000 0.693500 0.015000 0.015000
0 0.405500 0.329500 0.015000 0.017000
0 0.602500 0.341500 0.019000 0.021000
0 0.147500 0.523000 0.034000 0.022000
0 0.343000 0.352000 0.010000 0.010000
0 0.221500 0.321500 0.022000 0.017000
0 0.242000 0.639000 0.027000 0.020000