0 0.363000 0.175000 0.021000 0.018000
0 0.589000 0.621500 0.010000 0.010000
0 0.572500 0.592500 0.020000 0.020000
0 0.345000 0.402500 0.012000 0.014000
0 0.618000 0.099500 0.012000 0.012000
0 0.304000 0.356500 0.014000 0.014000
0 0.681000 0.774500 0.020000 0.019000
0 0.415000 0.496500 0.014000 0.011000
0 0.469000 0.264000 0.012000 0.012000
0 0.338000 0.555500 0.015000 0.017000
0 0.300500 0.784500 0.027000 0.025000
0 0.666000 0.705000 0.012000 0.012000
0 0.542000 0.754750 0.015000 0.017500
0 0.410500 0.348000 0.014000 0.013000
0 0.552500 0.572500 0.019000 0.021000
0 0.428000 0.481500 0.011000 0.010000
0 0.285500 0.323500 0.012000 0.015000
0 0.373500 0.565500 0.026000 0.026000
0 0.461000 0.285500 0.021000 0.016000
0 0.790000 0.269000 0.022000 0.025000
0 0.584500 0.605500 0.011000 0.011000
0 0.277500 0.462500 0.018000 0.017000
0 0.324500 0.458000 0.014000 0.016000
0 0.325000 0.410000 0.023000 0.017000
0 0.453500 0.668500 0.035000 0.025000
0 0.496000 0.601000 0.018000 0.018000
0 0.651500 0.514500 0.012000 0.015000
0 0.215000 0.672500 0.027000 0.028000
0 0.669500 0.473500 0.022000 0.032000
0 0.228500 0.597000 0.016000 0.018000
0 0.441500 0.509000 0.026000 0.029000
0 0.327000 0.797000 0.024000 0.025000
0 0.527000 0.796500 0.012000 0.012000
0 0.574500 0.372000 0.027000 0.024000
0 0.426000 0.467750 0.023000 0.026500
0 0.733500 0.473000 0.023000 0.030000
0 0.234500 0.520000 0.031000 0.030000
0 0.279000 0.484000 0.015000 0.014000
0 0.449000 0.485000 0.018000 0.016000
0 0.621000 0.499500 0.025000 0.018000
0 0.767250 0.608500 0.017500 0.012000
0 0.443000 0.349500 0.030000 0.032000
0 0.224000 0.490000 0.019000 0.019000
0 0.669500 0.358000 0.016000 0.017000
0 0.477000 0.387000 0.023000 0.025000
0 0.231000 0.471000 0.031000 0.021000
0 0.583000 0.429000 0.015000 0.014000
0 0.598500 0.404500 0.019000 0.015000
0 0.597000 0.756500 0.016000 0.022000
0 0.313000 0.593500 0.023000 0.019000
0 0.721500 0.271500 0.029000 0.029000
0 0.291500 0.689000 0.013000 0.012000
0 0.517500 0.528500 0.031000 0.022000
0 0.357500 0.322000 0.014000 0.015000
0 0.644000 0.434500 0.026000 0.033000
0 0.472000 0.573500 0.027000 0.026000
0 0.319000 0.639000 0.026000 0.025000
0 0.546000 0.303000 0.020000 0.020000
0 0.346000 0.435000 0.033000 0.033000
0 0.427000 0.435000 0.015000 0.012000
0 0.490000 0.489000 0.031000 0.033000
0 0.674000 0.508000 0.025000 0.028000
0 0.491500 0.544000 0.035000 0.019000
0 0.780000 0.453500 0.016000 0.016000
0 0.706500 0.420500 0.030000 0.019000
0 0.289000 0.472000 0.016000 0.019000
0 0.460000 0.118500 0.024000 0.024000
0 0.702000 0.132500 0.017000 0.018000
0 0.553500 0.229500 0.018000 0.021000
0 0.664000 0.612000 0.016000 0.020000
0 0.212500 0.610000 0.023000 0.020000
0 0.391000 0.400000 0.017000 0.016000
0 0.451000 0.369000 0.023000 0.024000
0 0.238000 0.336000 0.019000 0.023000
0 0.484500 0.458000 0.009000 0.009000
0 0.649000 0.324000 0.011000 0.019000
0 0.494500 0.564000 0.025000 0.020000
0 0.560500 0.623500 0.015000 0.011000
0 0.168000 0.316000 0.023000 0.030000
0 0.289500 0.666500 0.018000 0.018000
0 0.431500 0.551500 0.013000 0.012000
0 0.541000 0.868000 0.024000 0.020000
0 0.528000 0.387000 0.022000 0.028000
0 0.389000 0.112500 0.026000 0.028000
0 0.414000 0.542500 0.022000 0.017000
0 0.535000 0.558500 0.013000 0.010000
0 0.371500 0.362000 0.017000 0.013000
0 0.693000 0.429000 0.025000 0.028000
0 0.298000 0.251500 0.012000 0.011000
0 0.605500 0.507500 0.018000 0.018000
0 0.376500 0.387500 0.022000 0.025000
0 0.560000 0.513000 0.011000 0.013000
0 0.330500 0.605500 0.021000 0.031000
0 0.568500 0.773250 0.020000 0.026500
0 0.410500 0.103500 0.013000 0.013000
0 0.554500 0.607500 0.011000 0.020000
0 0.507500 0.447000 0.022000 0.032000
0 0.491000 0.448000 0.026000 0.022000
0 0.679000 0.670500 0.020000 0.016000
0 0.283000 0.503500 0.020000 0.017000
0 0.408000 0.090000 0.016000 0.019000
0 0.522500 0.539000 0.033000 0.031000
0 0.396000 0.479500 0.018000 0.025000
0 0.548000 0.259250 0.012000 0.017500
0 0.458000 0.614500 0.027000 0.026000
0 0.677000 0.536000 0.016000 0.015000
0 0.197500 0.594000 0.027000 0.025000
0 0.652500 0.291500 0.031000 0.032000
0 0.494000 0.512500 0.014000 0.015000
0 0.465000 0.431500 0.026000 0.026000
0 0.520000 0.510000 0.019000 0.024000
0 0.365500 0.428500 0.020000 0.021000
0 0.213500 0.587000 0.017000 0.018000
0 0.372000 0.639500 0.020000 0.022000
0 0.390000 0.685250 0.013000 0.017500
0 0.513000 0.914500 0.033000 0.030000
0 0.563000 0.458000 0.018000 0.019000
0 0.503500 0.274500 0.026000 0.025000
0 0.499500 0.484250 0.018000 0.020500
0 0.414000 0.549000 0.023000 0.017000
0 0.378000 0.505000 0.012000 0.019000
0 0.638500 0.476000 0.034000 0.034000
0 0.638000 0.660000 0.018000 0.018000
0 0.694500 0.477500 0.025000 0.030000
0 0.802000 0.282000 0.016000 0.020000
0 0.639000 0.646000 0.011000 0.012000
0 0.290000 0.727500 0.015000 0.016000
0 0.518000 0.383000 0.019000 0.023000
0 0.194000 0.490000 0.016000 0.016000
0 0.653500 0.492500 0.033000 0.020000
0 0.494000 0.504500 0.014000 0.015000
0 0.575500 0.507000 0.022000 0.023000
0 0.677000 0.685000 0.026000 0.026000
0 0.691000 0.720500 0.017000 0.016000
0 0.099500 0.626500 0.012000 0.014000
0 0.738000 0.470500 0.020000 0.020000
0 0.279000 0.372500 0.008000 0.010000
0 0.610500 0.696000 0.022000 0.027000
0 0.408500 0.111500 0.023000 0.028000
0 0.399500 0.304000 0.021000 0.017000
0 0.408500 0.441500 0.027000 0.031000
0 0.626500 0.368000 0.017000 0.016000
0 0.399500 0.770000 0.016000 0.019000
0 0.197000 0.605000 0.026000 0.027000
0 0.905500 0.601500 0.014000 0.011000
0 0.336000 0.852000 0.013000 0.012000
0 0.432000 0.588000 0.020000 0.026000
0 0.771500 0.257000 0.018000 0.022000
0 0.557000 0.136000 0.016000 0.017000
0 0.831500 0.630000 0.016000 0.018000
0 0.681250 0.467750 0.023500 0.023500
0 0.630000 0.588500 0.026000 0.027000
0 0.516500 0.572500 0.022000 0.024000
0 0.514500 0.518500 0.021000 0.020000
0 0.749000 0.725500 0.013000 0.018000
0 0.823500 0.577000 0.011000 0.010000
0 0.414500 0.901500 0.031000 0.030000
0 0.575000 0.133000 0.011000 0.011000
0 0.633500 0.171500 0.022000 0.025000
0 0.351000 0.793000 0.019000 0.017000
0 0.319000 0.463500 0.019000 0.020000
0 0.472500 0.553500 0.013000 0.009000
0 0.285000 0.769000 0.020000 0.026000
0 0.507500 0.472250 0.017000 0.023500
0 0.515500 0.608500 0.013000 0.009000
0 0.125000 0.353000 0.020000 0.024000
0 0.485000 0.476000 0.023000 0.022000
0 0.188500 0.438000 0.020000 0.029000
0 0.633500 0.558500 0.013000 0.012000
0 0.743500 0.444000 0.030000 0.033000
0 0.671500 0.412000 0.022000 0.020000
0 0.125500 0.417000 0.016000 0.020000
0 0.433500 0.693000 0.022000 0.022000
0 0.306500 0.779500 0.025000 0.026000
0 0.398500 0.766000 0.028000 0.029000
0 0.333500 0.283000 0.017000 0.017000
0 0.841500 0.688500 0.021000 0.016000
0 0.828500 0.591500 0.024000 0.023000
0 0.218500 0.250000 0.017000 0.017000
0 0.559500 0.446500 0.013000 0.021000
0 0.595500 0.101500 0.016000 0.015000
0 0.328500 0.372000 0.021000 0.022000
0 0.191500 0.669500 0.029000 0.029000
0 0.207000 0.219500 0.009000 0.010000
0 0.482500 0.399500 0.015000 0.016000
0 0.178000 0.618000 0.018000 0.018000
0 0.568000 0.504000 0.016000 0.017000
0 0.380000 0.454000 0.030000 0.026000
0 0.499500 0.524500 0.011000 0.012000
0 0.191500 0.448000 0.010000 0.011000
0 0.254000 0.471000 0.015000 0.011000
0 0.518000 0.645000 0.028000 0.029000
0 0.503000 0.407000 0.024000 0.020000
0 0.450500 0.464000 0.025000 0.026000
0 0.745000 0.283500 0.012000 0.012000
0 0.201500 0.655000 0.016000 0.014000
0 0.727000 0.292000 0.026000 0.023000
0 0.113500 0.477000 0.015000 0.018000
0 0.360000 0.113000 0.010000 0.010000
0 0.562500 0.708000 0.018000 0.020000
0 0.401500 0.294500 0.022000 0.025000
0 0.424500 0.482000 0.024000 0.024000
0 0.417000 0.743500 0.014000 0.012000
0 0.450000 0.361500 0.014000 0.012000
0 0.553500 0.477500 0.024000 0.019000
0 0.223000 0.723500 0.018000 0.015000
0 0.435000 0.652000 0.019000 0.024000
0 0.486000 0.550000 0.015000 0.015000
0 0.497500 0.324500 0.017000 0.018000
0 0.505500 0.492000 0.016000 0.016000
0 0.603500 0.128500 0.014000 0.019000
0 0.277500 0.580000 0.022000 0.022000
0 0.546500 0.470500 0.021000 0.019000
0 0.641500 0.578000 0.024000 0.026000
0 0.673000 0.787000 0.018000 0.020000
0 0.362000 0.766500 0.019000 0.019000
0 0.490500 0.492000 0.013000 0.013000
0 0.543000 0.500500 0.027000 0.025000
0 0.444500 0.205000 0.016000 0.014000
0 0.351500 0.470000 0.016000 0.015000
0 0.093500 0.419500 0.018000 0.016000
0 0.890500 0.566500 0.021000 0.023000
0 0.807500 0.442500 0.016000 0.020000
0 0.219500 0.635000 0.016000 0.017000
0 0.601000 0.378000 0.020000 0.023000
0 0.206000 0.365000 0.017000 0.017000
0 0.793000 0.493000 0.012000 0.011000
0 0.418500 0.399000 0.019000 0.018000
0 0.302000 0.275000 0.019000 0.020000
0 0.481500 0.494500 0.019000 0.019000
0 0.494500 0.478500 0.029000 0.022000
0 0.564000 0.493500 0.024000 0.018000
0 0.499000 0.350500 0.011000 0.015000
0 0.537750 0.101500 0.020500 0.020000
0 0.416000 0.283500 0.014000 0.011000
0 0.450000 0.535500 0.017000 0.017000
0 0.549000 0.751500 0.022000 0.022000
0 0.550500 0.372500 0.014000 0.015000
0 0.477000 0.480500 0.019000 0.017000
0 0.574500 0.787000 0.024000 0.024000
0 0.623500 0.303500 0.023000 0.025000
0 0.256500 0.785500 0.026000 0.026000
0 0.569000 0.751000 0.012000 0.013000
0 0.647500 0.565500 0.017000 0.014000
0 0.548500 0.695500 0.014000 0.014000
0 0.771500 0.685500 0.026000 0.025000
0 0.309000 0.261500 0.008000 0.011000
0 0.240500 0.260500 0.015000 0.016000
0 0.404000 0.603000 0.012000 0.016000
0 0.792500 0.770500 0.013000 0.014000
0 0.474500 0.724000 0.030000 0.028000
0 0.462500 0.518500 0.015000 0.012000
0 0.513000 0.459500 0.020000 0.021000
0 0.224000 0.303000 0.018000 0.018000
0 0.205500 0.358500 0.020000 0.018000
0 0.638000 0.521500 0.010000 0.013000
0 0.294000 0.436000 0.022000 0.022000
0 0.499000 0.497500 0.011000 0.010000
0 0.415500 0.475000 0.017000 0.020000
0 0.487000 0.334500 0.031000 0.032000
0 0.463000 0.478500 0.009000 0.011000
0 0.412000 0.364000 0.028000 0.030000
0 0.427500 0.835000 0.013000 0.013000
0 0.843000 0.513000 0.030000 0.028000
0 0.815500 0.346500 0.021000 0.020000
0 0.686000 0.434000 0.019000 0.020000
0 0.640000 0.151000 0.021000 0.021000
0 0.725000 0.693500 0.018000 0.020000
0 0.307000 0.542000 0.009000 0.011000
0 0.536000 0.476500 0.011000 0.010000
0 0.469000 0.771500 0.010000 0.010000
0 0.572000 0.665500 0.016000 0.017000
0 0.343000 0.526500 0.028000 0.028000
0 0.335000 0.441000 0.015000 0.015000
0 0.538500 0.458000 0.026000 0.025000
0 0.580000 0.618000 0.023000 0.026000
0 0.431500 0.669500 0.028000 0.032000
0 0.261500 0.684000 0.013000 0.013000
0 0.436000 0.540500 0.017000 0.016000
0 0.509000 0.271500 0.021000 0.024000
0 0.309500 0.694500 0.020000 0.021000
0 0.456500 0.577500 0.015000 0.017000
0 0.466500 0.799500 0.026000 0.031000
0 0.582000 0.465000 0.018000 0.021000
0 0.307500 0.575500 0.019000 0.015000
0 0.738500 0.461000 0.027000 0.030000
0 0.505000 0.119000 0.017000 0.014000
0 0.471500 0.521250 0.014000 0.020500
0 0.711000 0.585500 0.012000 0.014000
0 0.576000 0.445000 0.013000 0.012000
0 0.521500 0.491500 0.013000 0.010000
0 0.651250 0.399500 0.011500 0.008000
0 0.600500 0.732500 0.017000 0.016000
0 0.752000 0.183500 0.016000 0.016000
0 0.515000 0.478000 0.030000 0.028000
0 0.515000 0.375000 0.011000 0.012000
0 0.507000 0.843000 0.018000 0.011000
0 0.117500 0.624000 0.023000 0.022000
0 0.244500 0.694500 0.017000 0.016000
0 0.550000 0.591000 0.011000 0.012000
0 0.167000 0.307500 0.019000 0.020000
0 0.159000 0.460000 0.017000 0.017000
0 0.282500 0.519000 0.017000 0.019000
0 0.521000 0.307000 0.022000 0.024000
0 0.368000 0.591000 0.019000 0.028000
0 0.584500 0.869500 0.024000 0.021000
0 0.584000 0.281500 0.024000 0.022000
0 0.559000 0.398500 0.018000 0.018000
0 0.543000 0.488500 0.019000 0.017000
0 0.795000 0.692000 0.022000 0.019000
0 0.142500 0.401000 0.025000 0.022000
0 0.708000 0.694500 0.017000 0.021000
0 0.555000 0.345000 0.022000 0.023000
0 0.388500 0.895500 0.017000 0.014000
0 0.421000 0.616000 0.015000 0.015000
0 0.758500 0.533000 0.010000 0.014000
0 0.274500 0.490500 0.018000 0.020000
0 0.741000 0.297000 0.028000 0.025000
0 0.383500 0.505000 0.011000 0.011000
0 0.557500 0.599000 0.021000 0.025000
0 0.689000 0.395500 0.017000 0.014000
0 0.618500 0.637000 0.020000 0.018000
0 0.688000 0.755500 0.019000 0.019000
0 0.251500 0.506500 0.024000 0.026000
0 0.885500 0.544500 0.027000 0.027000
0 0.639000 0.418000 0.019000 0.019000
0 0.655000 0.300500 0.026000 0.024000
0 0.574500 0.478500 0.019000 0.016000
0 0.766500 0.412000 0.018000 0.021000
0 0.420500 0.488500 0.017000 0.017000
0 0.682000 0.635500 0.015000 0.014000
0 0.603000 0.414500 0.025000 0.019000
0 0.506500 0.501000 0.014000 0.017000
0 0.710500 0.549000 0.018000 0.022000
0 0.466000 0.838000 0.011000 0.010000
0 0.670000 0.337000 0.021000 0.017000
0 0.709500 0.282500 0.026000 0.026000
0 0.170000 0.424000 0.013000 0.019000
0 0.652250 0.638000 0.011500 0.008000
0 0.402000 0.591500 0.027000 0.025000
0 0.230000 0.313500 0.016000 0.019000
0 0.406500 0.470000 0.016000 0.017000
0 0.356000 0.392500 0.035000 0.028000
0 0.288000 0.297500 0.017000 0.015000
0 0.464000 0.579500 0.010000 0.016000
0 0.626000 0.346000 0.024000 0.020000
0 0.427000 0.322500 0.018000 0.023000
0 0.790000 0.344500 0.026000 0.027000
0 0.655000 0.546500 0.019000 0.028000
0 0.699500 0.402000 0.025000 0.025000
0 0.536000 0.753000 0.023000 0.026000
0 0.601500 0.145000 0.033000 0.032000
0 0.650500 0.689000 0.022000 0.018000
0 0.340250 0.272500 0.023500 0.020000
0 0.532500 0.656000 0.023000 0.021000
0 0.663500 0.159000 0.015000 0.015000
0 0.149500 0.279000 0.023000 0.027000
0 0.436000 0.475000 0.016000 0.013000
0 0.537750 0.448000 0.023500 0.017000
0 0.622500 0.732000 0.015000 0.014000
0 0.473000 0.901000 0.028000 0.030000
0 0.844500 0.412000 0.022000 0.023000
0 0.580500 0.398000 0.020000 0.027000
0 0.519000 0.557500 0.017000 0.023000
0 0.613000 0.300000 0.014000 0.012000
0 0.300500 0.771000 0.030000 0.034000
0 0.284000 0.251000 0.019000 0.021000
0 0.207500 0.344000 0.028000 0.020000
0 0.562000 0.438500 0.019000 0.019000
0 0.593500 0.393000 0.016000 0.017000
0 0.861000 0.440000 0.015000 0.015000
0 0.358000 0.880000 0.011000 0.011000
0 0.393000 0.606500 0.024000 0.022000
0 0.546500 0.487000 0.022000 0.021000
0 0.389000 0.629000 0.021000 0.021000
0 0.554000 0.254500 0.014000 0.015000
0 0.336500 0.697500 0.034000 0.033000
0 0.487000 0.513500 0.029000 0.027000
0 0.200000 0.558000 0.021000 0.017000
0 0.499000 0.466500 0.016000 0.012000
0 0.482000 0.127000 0.022000 0.022000
0 0.449000 0.438500 0.012000 0.013000
0 0.703500 0.340000 0.029000 0.027000
0 0.480500 0.439000 0.015000 0.014000
0 0.654000 0.246000 0.028000 0.029000
0 0.635500 0.888000 0.016000 0.011000
0 0.201000 0.644000 0.020000 0.025000
0 0.691000 0.502000 0.012000 0.011000
0 0.681500 0.547000 0.013000 0.014000
0 0.396500 0.135500 0.016000 0.013000
0 0.262000 0.270500 0.017000 0.018000
0 0.636000 0.628000 0.020000 0.018000
0 0.538000 0.438500 0.020000 0.017000
0 0.114000 0.530500 0.019000 0.025000
0 0.439000 0.814500 0.020000 0.020000
0 0.731000 0.764000 0.020000 0.024000
0 0.515000 0.882500 0.020000 0.015000
0 0.471000 0.313000 0.018000 0.016000
0 0.382000 0.831500 0.022000 0.022000
0 0.508000 0.625500 0.016000 0.017000
0 0.685000 0.325500 0.014000 0.019000
0 0.689500 0.866500 0.016000 0.016000
0 0.477000 0.891000 0.018000 0.015000
0 0.414000 0.353500 0.017000 0.016000
0 0.542000 0.674500 0.009000 0.012000
0 0.826000 0.239000 0.011000 0.016000
0 0.505500 0.863000 0.020000 0.020000
0 0.729000 0.540500 0.023000 0.021000
0 0.621500 0.141000 0.020000 0.018000
0 0.551000 0.516000 0.024000 0.023000
0 0.670000 0.562500 0.030000 0.019000
0 0.586000 0.316500 0.020000 0.019000
0 0.359000 0.438500 0.011000 0.011000
0 0.190000 0.338000 0.029000 0.033000
0 0.649500 0.143000 0.017000 0.019000
0 0.606000 0.369500 0.017000 0.021000
0 0.409250 0.246500 0.014500 0.012000
0 0.406500 0.577000 0.018000 0.013000
0 0.567000 0.593000 0.013000 0.012000
0 0.478000 0.528500 0.022000 0.031000
0 0.512500 0.432000 0.016000 0.011000
0 0.597000 0.479000 0.010000 0.012000
0 0.529000 0.352000 0.025000 0.024000
0 0.450250 0.503000 0.026500 0.019000
0 0.237500 0.351000 0.014000 0.018000
0 0.201500 0.517000 0.027000 0.030000
0 0.643500 0.487500 0.031000 0.032000
0 0.823000 0.693500 0.022000 0.021000
0 0.716250 0.464000 0.020500 0.015000
0 0.398500 0.622000 0.021000 0.019000
0 0.459500 0.820500 0.024000 0.020000
0 0.409000 0.406500 0.015000 0.018000
0 0.632000 0.204000 0.009000 0.010000
0 0.553500 0.504500 0.017000 0.016000
0 0.454500 0.355500 0.019000 0.017000
0 0.670000 0.344000 0.014000 0.015000
0 0.694000 0.564000 0.012000 0.013000
0 0.858000 0.530000 0.020000 0.025000
0 0.590000 0.355500 0.029000 0.030000
0 0.628000 0.790500 0.018000 0.019000
0 0.597500 0.851000 0.016000 0.015000
0 0.822000 0.502000 0.010000 0.010000
0 0.235500 0.211000 0.016000 0.009000
0 0.533000 0.453000 0.015000 0.014000
0 0.222000 0.361500 0.013000 0.014000
0 0.358500 0.311000 0.017000 0.018000
0 0.603000 0.267500 0.016000 0.020000
0 0.446000 0.421000 0.011000 0.016000
0 0.295000 0.847000 0.021000 0.021000
0 0.150000 0.410500 0.013000 0.014000
0 0.503500 0.544000 0.019000 0.020000
0 0.362500 0.872250 0.022000 0.029500
0 0.750500 0.503500 0.023000 0.022000
0 0.794500 0.410500 0.013000 0.011000
0 0.658500 0.563000 0.012000 0.014000
0 0.694000 0.412750 0.014000 0.020500
0 0.460000 0.349000 0.024000 0.026000
0 0.630000 0.436500 0.029000 0.029000
0 0.337000 0.230500 0.025000 0.020000
0 0.587500 0.414000 0.014000 0.016000
0 0.672500 0.458500 0.017000 0.019000
0 0.485000 0.422000 0.008000 0.010000
0 0.809000 0.463500 0.018000 0.019000
0 0.418500 0.648500 0.021000 0.013000
0 0.904500 0.457500 0.017000 0.017000
0 0.736500 0.511000 0.030000 0.021000
0 0.430000 0.748500 0.011000 0.011000
0 0.339000 0.281500 0.023000 0.027000
0 0.557000 0.563000 0.012000 0.010000
0 0.751000 0.473000 0.018000 0.018000
0 0.785500 0.233000 0.024000 0.019000
0 0.831500 0.265500 0.019000 0.014000
0 0.425500 0.762000 0.017000 0.015000
0 0.665500 0.664500 0.011000 0.012000
0 0.451500 0.478500 0.011000 0.010000
0 0.772500 0.421000 0.026000 0.024000
0 0.471000 0.418500 0.021000 0.031000
0 0.334500 0.752500 0.014000 0.016000
0 0.435000 0.685000 0.019000 0.024000
0 0.352000 0.366500 0.019000 0.021000
0 0.471000 0.581000 0.032000 0.033000
0 0.591500 0.184000 0.018000 0.013000
0 0.659000 0.308000 0.022000 0.026000
0 0.521500 0.396000 0.027000 0.028000
0 0.460000 0.184500 0.018000 0.022000
0 0.466500 0.491500 0.017000 0.018000
0 0.549500 0.500500 0.022000 0.020000
0 0.444500 0.656000 0.023000 0.021000
0 0.297500 0.646000 0.022000 0.022000
0 0.236500 0.443500 0.026000 0.023000
0 0.546500 0.769000 0.019000 0.023000
0 0.594500 0.433500 0.023000 0.026000
0 0.104500 0.484500 0.025000 0.024000
0 0.734500 0.283000 0.019000 0.018000
0 0.269000 0.402500 0.017000 0.015000
0 0.428000 0.202500 0.010000 0.017000
0 0.442000 0.400000 0.009000 0.009000
0 0.292000 0.274000 0.024000 0.018000
0 0.176500 0.433000 0.027000 0.025000
0 0.180500 0.337000 0.015000 0.017000
0 0.282000 0.608000 0.013000 0.010000
0 0.407000 0.646000 0.012000 0.018000
0 0.489000 0.667000 0.031000 0.030000
0 0.471000 0.441000 0.026000 0.020000
0 0.593500 0.303000 0.016000 0.014000
0 0.398000 0.658000 0.016000 0.016000
0 0.476000 0.688500 0.011000 0.013000
0 0.823000 0.287500 0.014000 0.015000
0 0.425500 0.602000 0.021000 0.018000
0 0.577000 0.253000 0.023000 0.029000
0 0.710000 0.316000 0.019000 0.014000
0 0.406000 0.268000 0.010000 0.010000
0 0.629000 0.363000 0.014000 0.011000
0 0.649000 0.481500 0.015000 0.017000
0 0.334500 0.333000 0.017000 0.013000
0 0.508000 0.642000 0.017000 0.014000
0 0.294500 0.613000 0.017000 0.010000
0 0.671500 0.401000 0.022000 0.019000
0 0.742000 0.193000 0.013000 0.021000
0 0.424000 0.822000 0.020000 0.021000
0 0.238500 0.451000 0.016000 0.018000
0 0.384000 0.246000 0.015000 0.018000
0 0.698000 0.573500 0.022000 0.020000
0 0.832750 0.324500 0.017500 0.013000
0 0.335500 0.251500 0.020000 0.022000
0 0.671500 0.602000 0.014000 0.014000
0 0.827500 0.302500 0.023000 0.016000