0 0.586500 0.335000 0.017000 0.016000
0 0.407000 0.863500 0.035000 0.032000
0 0.527500 0.612000 0.026000 0.021000
0 0.813500 0.230000 0.018000 0.018000
0 0.868500 0.423000 0.018000 0.024000
0 0.451000 0.650000 0.019000 0.019000
0 0.453500 0.439500 0.023000 0.022000
0 0.176000 0.601500 0.018000 0.019000
0 0.645500 0.637500 0.032000 0.033000
0 0.437500 0.378500 0.020000 0.024000
0 0.479000 0.340500 0.025000 0.026000
0 0.499000 0.407000 0.017000 0.016000
0 0.465000 0.490500 0.027000 0.028000
0 0.485500 0.533500 0.016000 0.017000
0 0.454000 0.348500 0.022000 0.022000
0 0.466000 0.410000 0.023000 0.023000
0 0.326000 0.454500 0.016000 0.019000
0 0.526500 0.502000 0.013000 0.017000
0 0.378500 0.598000 0.035000 0.035000
0 0.507500 0.565500 0.017000 0.017000
0 0.596000 0.507000 0.017000 0.016000
0 0.332500 0.438000 0.027000 0.033000
0 0.548000 0.497000 0.018000 0.011000
0 0.703500 0.644000 0.013000 0.012000
0 0.509000 0.321000 0.023000 0.019000
0 0.292000 0.259500 0.027000 0.021000
0 0.245500 0.617500 0.015000 0.018000
0 0.412000 0.560000 0.022000 0.028000
0 0.272000 0.631500 0.015000 0.016000
0 0.475500 0.658000 0.016000 0.016000
0 0.728500 0.485500 0.014000 0.017000
0 0.487500 0.427500 0.019000 0.026000
0 0.192500 0.579000 0.020000 0.012000
0 0.546000 0.512500 0.012000 0.012000
0 0.474500 0.396000 0.019000 0.014000
0 0.346500 0.234000 0.033000 0.031000
0 0.443000 0.346000 0.019000 0.016000
0 0.478000 0.382000 0.012000 0.011000
0 0.736000 0.361500 0.017000 0.012000
0 0.275500 0.467500 0.017000 0.017000
0 0.609000 0.732500 0.030000 0.031000
0 0.563000 0.749500 0.021000 0.014000
0 0.239500 0.743000 0.019000 0.019000
0 0.582500 0.402000 0.015000 0.015000
0 0.235500 0.448500 0.017000 0.015000
0 0.435500 0.418000 0.023000 0.022000
0 0.512500 0.455000 0.012000 0.017000
0 0.236000 0.391500 0.021000 0.020000
0 0.513500 0.245500 0.023000 0.021000
0 0.374500 0.332000 0.021000 0.020000
0 0.463000 0.467500 0.022000 0.026000
0 0.726500 0.438000 0.019000 0.021000
0 0.599500 0.470000 0.012000 0.013000
0 0.555500 0.520250 0.013000 0.017500
0 0.496500 0.496000 0.032000 0.020000
0 0.668000 0.775000 0.011000 0.012000
0 0.491000 0.377500 0.021000 0.024000
0 0.591000 0.542500 0.013000 0.019000
0 0.538000 0.734000 0.018000 0.027000
0 0.198000 0.432500 0.017000 0.031000
0 0.471500 0.822000 0.016000 0.017000
0 0.459500 0.522000 0.031000 0.030000
0 0.560000 0.450500 0.022000 0.019000
0 0.790000 0.371000 0.016000 0.013000
0 0.578500 0.495500 0.013000 0.013000
0 0.646500 0.602000 0.022000 0.023000
0 0.421500 0.333500 0.027000 0.027000
0 0.359000 0.518500 0.030000 0.030000
0 0.343500 0.707500 0.011000 0.013000
0 0.718000 0.407500 0.020000 0.020000
0 0.481500 0.513500 0.016000 0.017000
0 0.295000 0.684500 0.032000 0.033000
0 0.357000 0.340500 0.026000 0.020000
0 0.559000 0.571500 0.031000 0.023000
0 0.223500 0.499000 0.015000 0.016000
0 0.236500 0.688000 0.020000 0.019000
0 0.615500 0.651500 0.014000 0.014000
0 0.566500 0.776000 0.021000 0.020000
0 0.562500 0.647000 0.015000 0.020000
0 0.644500 0.538000 0.031000 0.029000
0 0.497000 0.653000 0.018000 0.017000
0 0.561500 0.305000 0.010000 0.010000
0 0.365000 0.774500 0.018000 0.025000
0 0.300500 0.681500 0.018000 0.021000
0 0.548000 0.473500 0.019000 0.018000
0 0.734500 0.476000 0.025000 0.027000
0 0.672500 0.369500 0.017000 0.018000
0 0.635500 0.578000 0.017000 0.014000
0 0.172500 0.452000 0.016000 0.010000
0 0.612500 0.435500 0.027000 0.027000
0 0.409000 0.460000 0.017000 0.023000
0 0.486500 0.579500 0.021000 0.024000
0 0.510000 0.463000 0.016000 0.011000
0 0.169000 0.648250 0.015000 0.020500
0 0.618500 0.753000 0.016000 0.013000
0 0.544500 0.583500 0.027000 0.029000
0 0.848500 0.623500 0.010000 0.013000
0 0.740000 0.205500 0.025000 0.029000
0 0.366500 0.726500 0.012000 0.009000
0 0.356500 0.426000 0.016000 0.016000
0 0.318000 0.797500 0.034000 0.033000
0 0.577500 0.681000 0.026000 0.026000
0 0.562000 0.242000 0.016000 0.021000
0 0.518250 0.487000 0.020500 0.014000
0 0.496500 0.532500 0.020000 0.018000
0 0.501000 0.553000 0.016000 0.016000
0 0.717500 0.143500 0.027000 0.030000
0 0.551000 0.727500 0.013000 0.017000
0 0.188000 0.756000 0.015000 0.021000
0 0.292000 0.348000 0.014000 0.019000
0 0.398500 0.728000 0.014000 0.014000
0 0.521500 0.543000 0.015000 0.022000
0 0.733000 0.575500 0.026000 0.023000
0 0.405500 0.565500 0.016000 0.010000
0 0.489500 0.487000 0.019000 0.015000
0 0.100500 0.424500 0.017000 0.018000
0 0.529000 0.326500 0.013000 0.014000
0 0.305500 0.752000 0.013000 0.012000
0 0.502500 0.096000 0.019000 0.019000
0 0.384000 0.826500 0.020000 0.022000
0 0.142000 0.368500 0.013000 0.021000
0 0.268500 0.432500 0.014000 0.015000
0 0.490500 0.735500 0.009000 0.010000
0 0.136000 0.534500 0.018000 0.016000
0 0.500500 0.498000 0.029000 0.030000
0 0.243000 0.815500 0.025000 0.023000
0 0.543000 0.425500 0.027000 0.023000
0 0.285000 0.369000 0.026000 0.030000
0 0.546500 0.792500 0.024000 0.020000
0 0.659000 0.341500 0.018000 0.022000
0 0.279500 0.600500 0.022000 0.028000
0 0.741000 0.759500 0.029000 0.017000
0 0.342000 0.305000 0.028000 0.021000
0 0.467500 0.766000 0.021000 0.023000
0 0.429000 0.604000 0.012000 0.012000
0 0.432000 0.511000 0.019000 0.012000
0 0.502500 0.506500 0.010000 0.010000
0 0.530000 0.505000 0.017000 0.023000
0 0.559500 0.399500 0.018000 0.017000
0 0.721500 0.236000 0.018000 0.022000
0 0.199500 0.613500 0.018000 0.023000
0 0.323500 0.794500 0.033000 0.024000
0 0.321500 0.369000 0.018000 0.018000
0 0.550500 0.804000 0.016000 0.013000
0 0.505000 0.611000 0.019000 0.022000
0 0.510500 0.781000 0.018000 0.018000
0 0.132500 0.696500 0.016000 0.013000
0 0.775500 0.648000 0.011000 0.009000
0 0.453000 0.256000 0.011000 0.015000
0 0.446500 0.546000 0.021000 0.019000
0 0.837500 0.304000 0.021000 0.027000
0 0.520000 0.419000 0.013000 0.015000
0 0.526500 0.484750 0.013000 0.017500
0 0.313000 0.788000 0.021000 0.021000
0 0.268500 0.378000 0.034000 0.030000
0 0.215500 0.375500 0.019000 0.024000
0 0.409500 0.573500 0.015000 0.015000
0 0.542500 0.473000 0.008000 0.015000
0 0.384500 0.408500 0.019000 0.023000
0 0.515500 0.563000 0.020000 0.015000
0 0.441000 0.482500 0.026000 0.033000
0 0.653500 0.612500 0.010000 0.012000
0 0.738000 0.837000 0.025000 0.026000
0 0.563500 0.376000 0.009000 0.011000
0 0.629000 0.325000 0.023000 0.028000
0 0.459500 0.639750 0.016000 0.020500
0 0.484500 0.339000 0.013000 0.017000
0 0.413500 0.710000 0.018000 0.022000
0 0.341000 0.480000 0.026000 0.026000
0 0.352000 0.643000 0.015000 0.015000
0 0.559000 0.317000 0.016000 0.014000
0 0.262000 0.600500 0.015000 0.014000
0 0.487000 0.529500 0.012000 0.013000
0 0.260500 0.729000 0.025000 0.017000
0 0.722000 0.307000 0.020000 0.021000
0 0.418500 0.307000 0.020000 0.018000
0 0.509000 0.397000 0.024000 0.025000
0 0.400000 0.689000 0.030000 0.030000
0 0.152500 0.437000 0.025000 0.022000
0 0.332000 0.548000 0.026000 0.019000
0 0.455000 0.566500 0.022000 0.020000
0 0.178500 0.329000 0.027000 0.029000
0 0.590000 0.093500 0.029000 0.029000
0 0.339500 0.609000 0.027000 0.027000
0 0.477000 0.527000 0.016000 0.023000
0 0.646000 0.460500 0.021000 0.020000
0 0.599000 0.619500 0.023000 0.025000
0 0.324500 0.180000 0.017000 0.025000
0 0.532000 0.345000 0.020000 0.018000
0 0.691000 0.557000 0.016000 0.017000
0 0.496000 0.209500 0.013000 0.013000
0 0.443000 0.576500 0.027000 0.024000
0 0.521000 0.332000 0.014000 0.011000
0 0.463500 0.274000 0.015000 0.014000
0 0.549500 0.447500 0.018000 0.019000
0 0.240500 0.456000 0.019000 0.017000
0 0.450500 0.524000 0.027000 0.025000
0 0.304000 0.438000 0.022000 0.016000
0 0.526500 0.444500 0.020000 0.017000
0 0.097000 0.414500 0.020000 0.028000
0 0.700500 0.792500 0.017000 0.015000
0 0.208000 0.577000 0.033000 0.025000
0 0.737500 0.316500 0.029000 0.019000
0 0.378500 0.433500 0.017000 0.017000
0 0.430500 0.481000 0.015000 0.016000
0 0.325000 0.658500 0.010000 0.013000
0 0.323500 0.689500 0.020000 0.021000
0 0.410500 0.397500 0.027000 0.029000
0 0.872500 0.319000 0.012000 0.016000
0 0.567500 0.553000 0.013000 0.014000
0 0.563500 0.112000 0.017000 0.013000
0 0.434000 0.434000 0.019000 0.016000
0 0.329500 0.484500 0.011000 0.011000
0 0.447500 0.239000 0.021000 0.022000
0 0.745500 0.420000 0.014000 0.021000
0 0.175500 0.592000 0.015000 0.013000
0 0.506500 0.493500 0.015000 0.010000
0 0.292000 0.680500 0.016000 0.017000
0 0.640500 0.416000 0.022000 0.015000
0 0.437500 0.913500 0.018000 0.019000
0 0.477500 0.464000 0.024000 0.023000
0 0.387500 0.570500 0.016000 0.013000
0 0.624000 0.676750 0.015000 0.017500
0 0.651000 0.487500 0.022000 0.023000
0 0.495500 0.521000 0.012000 0.016000
0 0.487500 0.507500 0.029000 0.031000
0 0.367500 0.502000 0.012000 0.013000
0 0.452500 0.591500 0.025000 0.026000
0 0.591000 0.665000 0.013000 0.014000
0 0.477000 0.498500 0.030000 0.024000
0 0.535500 0.380500 0.018000 0.020000
0 0.803500 0.543000 0.011000 0.011000
0 0.269500 0.439000 0.019000 0.025000
0 0.312750 0.479500 0.014500 0.011000
0 0.592000 0.451500 0.030000 0.032000
0 0.489500 0.619000 0.028000 0.027000
0 0.506000 0.369000 0.013000 0.015000
0 0.303500 0.523000 0.028000 0.020000
0 0.631000 0.625500 0.025000 0.031000
0 0.337500 0.735500 0.020000 0.016000
0 0.336000 0.840500 0.010000 0.011000
0 0.517000 0.508000 0.018000 0.016000
0 0.448500 0.884500 0.012000 0.012000
0 0.465000 0.429500 0.012000 0.013000
0 0.485500 0.885500 0.021000 0.030000
0 0.317000 0.685000 0.014000 0.018000
0 0.535000 0.529000 0.017000 0.016000
0 0.261500 0.843500 0.024000 0.020000
0 0.464000 0.753000 0.025000 0.025000
0 0.281500 0.238000 0.012000 0.012000
0 0.393000 0.516500 0.029000 0.021000
0 0.774000 0.773000 0.021000 0.025000
0 0.686500 0.689000 0.023000 0.022000
0 0.383500 0.709000 0.019000 0.017000
0 0.553500 0.368500 0.017000 0.017000
0 0.492000 0.410000 0.023000 0.023000
0 0.654500 0.788000 0.033000 0.028000
0 0.433000 0.846750 0.021000 0.029500
0 0.375500 0.196000 0.023000 0.026000
0 0.735500 0.605000 0.024000 0.025000
0 0.402000 0.521500 0.034000 0.033000
0 0.660500 0.774500 0.020000 0.017000
0 0.520500 0.528500 0.023000 0.031000
0 0.436000 0.548000 0.021000 0.026000
0 0.524000 0.799000 0.017000 0.016000
0 0.511500 0.720000 0.019000 0.018000
0 0.568500 0.528000 0.015000 0.018000
0 0.657000 0.171000 0.022000 0.022000
0 0.309000 0.836000 0.024000 0.030000
0 0.618500 0.413000 0.032000 0.022000
0 0.355000 0.550500 0.027000 0.020000
0 0.680000 0.843000 0.020000 0.021000
0 0.769500 0.717500 0.016000 0.022000
0 0.910000 0.558500 0.025000 0.023000
0 0.417500 0.578750 0.018000 0.020500
0 0.524000 0.124500 0.016000 0.016000
0 0.618000 0.467500 0.025000 0.024000
0 0.442500 0.821000 0.023000 0.021000
0 0.571000 0.679000 0.013000 0.018000
0 0.612500 0.508500 0.026000 0.022000
0 0.657500 0.679000 0.026000 0.023000
0 0.688000 0.840500 0.017000 0.016000
0 0.730000 0.734000 0.026000 0.027000
0 0.225500 0.507500 0.011000 0.011000
0 0.205000 0.520500 0.025000 0.026000
0 0.620500 0.784000 0.032000 0.029000
0 0.529500 0.471000 0.011000 0.010000
0 0.252500 0.284500 0.021000 0.027000
0 0.419000 0.556000 0.020000 0.011000
0 0.430500 0.527500 0.020000 0.021000
0 0.225000 0.432000 0.021000 0.023000
0 0.747000 0.525500 0.032000 0.031000
0 0.348000 0.416000 0.017000 0.017000
0 0.546500 0.330500 0.024000 0.019000
0 0.619000 0.166000 0.017000 0.017000
0 0.591500 0.173500 0.018000 0.023000
0 0.325000 0.333000 0.019000 0.028000
0 0.772500 0.182500 0.017000 0.016000
0 0.656000 0.444000 0.030000 0.028000
0 0.259500 0.488000 0.025000 0.023000
0 0.590000 0.548500 0.024000 0.016000
0 0.699500 0.352500 0.012000 0.014000
0 0.484000 0.519000 0.021000 0.026000
0 0.460000 0.676500 0.027000 0.027000
0 0.594500 0.805000 0.027000 0.026000
0 0.530000 0.567000 0.022000 0.018000
0 0.479000 0.490500 0.012000 0.013000
0 0.275000 0.749500 0.011000 0.012000
0 0.156500 0.701000 0.021000 0.021000
0 0.160500 0.461000 0.019000 0.016000
0 0.544500 0.780500 0.024000 0.023000
0 0.641500 0.155000 0.019000 0.019000
0 0.398500 0.479500 0.013000 0.016000
0 0.877500 0.345000 0.013000 0.011000
0 0.738000 0.354000 0.017000 0.018000
0 0.520000 0.741000 0.026000 0.022000
0 0.180000 0.764000 0.014000 0.013000
0 0.486500 0.371000 0.023000 0.022000
0 0.587000 0.749000 0.014000 0.020000
0 0.280500 0.433500 0.017000 0.019000
0 0.201000 0.638500 0.018000 0.018000
0 0.149000 0.373000 0.015000 0.017000
0 0.554000 0.481500 0.018000 0.023000
0 0.389000 0.591000 0.031000 0.026000
0 0.728000 0.538500 0.012000 0.010000
0 0.538500 0.671500 0.016000 0.014000
0 0.477000 0.549000 0.023000 0.022000
0 0.330500 0.231500 0.018000 0.016000
0 0.696500 0.823500 0.023000 0.026000
0 0.530500 0.457000 0.029000 0.021000
0 0.317000 0.582500 0.010000 0.010000
0 0.509000 0.440000 0.020000 0.019000
0 0.132500 0.385000 0.013000 0.014000
0 0.785000 0.382000 0.021000 0.016000
0 0.533500 0.487500 0.020000 0.021000
0 0.706000 0.788000 0.019000 0.020000
0 0.375500 0.468000 0.014000 0.013000
0 0.481000 0.486500 0.014000 0.014000
0 0.666000 0.797500 0.013000 0.014000
0 0.457000 0.302500 0.026000 0.026000
0 0.798000 0.535500 0.010000 0.010000
0 0.359500 0.274000 0.015000 0.017000
0 0.492000 0.417500 0.013000 0.010000
0 0.588500 0.479000 0.026000 0.020000
0 0.793500 0.589500 0.013000 0.023000
0 0.698500 0.662500 0.021000 0.020000
0 0.814000 0.694000 0.024000 0.025000
0 0.253500 0.838000 0.016000 0.015000
0 0.540500 0.400500 0.016000 0.017000
0 0.891500 0.649500 0.028000 0.031000
0 0.567000 0.469000 0.016000 0.011000
0 0.524500 0.512500 0.021000 0.018000
0 0.691000 0.392500 0.017000 0.020000
0 0.396000 0.634000 0.030000 0.031000
0 0.707000 0.500000 0.011000 0.016000
0 0.554500 0.449500 0.013000 0.012000
0 0.555000 0.593500 0.018000 0.015000
0 0.784000 0.767000 0.009000 0.009000
0 0.337500 0.339500 0.020000 0.020000
0 0.497000 0.468500 0.011000 0.011000
0 0.524000 0.638500 0.016000 0.017000
0 0.432500 0.779000 0.010000 0.019000
0 0.428500 0.704000 0.021000 0.020000
0 0.395000 0.647500 0.015000 0.014000
0 0.155000 0.494000 0.035000 0.024000
0 0.567000 0.305000 0.020000 0.019000
0 0.651500 0.110000 0.017000 0.013000
0 0.672500 0.866000 0.020000 0.021000
0 0.635000 0.343000 0.015000 0.015000
0 0.744500 0.577000 0.020000 0.018000
0 0.483000 0.771500 0.016000 0.017000
0 0.345000 0.254500 0.016000 0.015000
0 0.579500 0.549500 0.021000 0.023000
0 0.532500 0.907000 0.023000 0.022000
0 0.877000 0.413000 0.011000 0.011000
0 0.144000 0.498500 0.025000 0.020000
0 0.717500 0.709500 0.028000 0.027000
0 0.484500 0.507000 0.020000 0.022000
0 0.405500 0.623000 0.018000 0.015000
0 0.444500 0.536000 0.020000 0.021000
0 0.624500 0.792500 0.015000 0.014000
0 0.563000 0.582750 0.008000 0.011500
0 0.276000 0.843000 0.013000 0.019000
0 0.804500 0.668000 0.010000 0.011000
0 0.143000 0.551000 0.016000 0.018000
0 0.188000 0.326500 0.014000 0.015000
0 0.842500 0.262500 0.021000 0.020000
0 0.711500 0.714000 0.020000 0.023000
0 0.198000 0.460000 0.026000 0.031000
0 0.586000 0.296500 0.030000 0.032000
0 0.435000 0.655000 0.012000 0.011000
0 0.515000 0.140500 0.021000 0.027000
0 0.536000 0.615000 0.028000 0.028000
0 0.426500 0.485500 0.019000 0.017000
0 0.543000 0.355000 0.013000 0.014000
0 0.412500 0.865000 0.016000 0.013000
0 0.235500 0.284000 0.022000 0.022000
0 0.443000 0.809500 0.021000 0.022000
0 0.695000 0.663500 0.032000 0.026000
0 0.320500 0.417500 0.027000 0.026000
0 0.472500 0.332000 0.014000 0.011000
0 0.556500 0.279500 0.018000 0.017000
0 0.676500 0.267500 0.017000 0.014000
0 0.519500 0.553000 0.019000 0.025000
0 0.475000 0.190500 0.012000 0.014000
0 0.189500 0.472500 0.018000 0.017000
0 0.468500 0.377000 0.015000 0.013000
0 0.557500 0.116500 0.022000 0.022000
0 0.345500 0.674500 0.014000 0.013000
0 0.625000 0.609500 0.015000 0.014000
0 0.285500 0.682500 0.034000 0.030000
0 0.387000 0.769000 0.019000 0.026000
0 0.446000 0.684000 0.018000 0.019000
0 0.711000 0.529000 0.016000 0.015000
0 0.494000 0.176000 0.017000 0.018000
0 0.511000 0.499500 0.021000 0.029000
0 0.519500 0.342000 0.029000 0.026000
0 0.574000 0.748000 0.023000 0.032000
0 0.496000 0.487000 0.009000 0.012000
0 0.183500 0.715500 0.020000 0.019000
0 0.554500 0.434500 0.019000 0.021000
0 0.274500 0.699500 0.030000 0.032000
0 0.485000 0.480000 0.019000 0.021000
0 0.666500 0.511000 0.026000 0.024000
0 0.779000 0.245500 0.014000 0.014000
0 0.532000 0.389000 0.025000 0.023000
0 0.668500 0.579000 0.027000 0.022000
0 0.729000 0.743000 0.012000 0.013000
0 0.456500 0.598500 0.016000 0.010000
0 0.489500 0.499000 0.029000 0.033000
0 0.201000 0.790500 0.015000 0.016000
0 0.572500 0.155000 0.019000 0.024000
0 0.716000 0.257500 0.026000 0.015000
0 0.238000 0.217000 0.017000 0.019000
0 0.404500 0.693500 0.021000 0.025000
0 0.419000 0.159000 0.027000 0.023000
0 0.800500 0.438000 0.016000 0.017000
0 0.751000 0.218500 0.021000 0.023000
0 0.686000 0.481500 0.020000 0.024000
0 0.405500 0.145000 0.020000 0.018000
0 0.539500 0.242500 0.020000 0.023000
0 0.515000 0.426000 0.018000 0.019000
0 0.242000 0.781000 0.020000 0.027000
0 0.626000 0.382500 0.025000 0.017000
0 0.660500 0.535500 0.017000 0.020000
0 0.456000 0.845000 0.013000 0.019000
0 0.768000 0.595500 0.025000 0.021000
0 0.413000 0.358500 0.013000 0.014000
0 0.401000 0.814500 0.018000 0.018000
0 0.732500 0.229000 0.027000 0.029000
0 0.679000 0.432500 0.023000 0.020000
0 0.465500 0.590500 0.012000 0.011000
0 0.670500 0.428500 0.017000 0.016000
0 0.850500 0.663500 0.015000 0.015000
0 0.537500 0.462000 0.024000 0.024000
0 0.331500 0.710000 0.011000 0.016000
0 0.766000 0.455000 0.009000 0.009000
0 0.456000 0.538500 0.011000 0.012000
0 0.214000 0.446000 0.016000 0.017000
0 0.602500 0.191000 0.012000 0.015000
0 0.140000 0.527500 0.025000 0.023000
0 0.673500 0.556500 0.020000 0.021000
0 0.350500 0.330000 0.013000 0.013000
0 0.373500 0.552000 0.010000 0.018000
0 0.279250 0.439500 0.026500 0.018000
0 0.595500 0.337000 0.017000 0.022000
0 0.584500 0.844000 0.019000 0.024000
0 0.246500 0.806500 0.017000 0.018000
0 0.655500 0.807500 0.012000 0.012000
0 0.632000 0.261500 0.011000 0.014000
0 0.708750 0.777000 0.017500 0.013000
0 0.326000 0.397000 0.021000 0.020000
0 0.314500 0.388000 0.021000 0.020000
0 0.278000 0.692000 0.016000 0.016000
0 0.249500 0.820000 0.016000 0.017000
0 0.475000 0.619000 0.019000 0.021000
0 0.563000 0.425000 0.021000 0.022000
0 0.432000 0.546000 0.017000 0.015000
0 0.501500 0.394500 0.017000 0.019000
0 0.606000 0.601500 0.010000 0.014000
0 0.379000 0.117000 0.018000 0.018000
0 0.768000 0.478500 0.016000 0.023000
0 0.513000 0.915500 0.034000 0.035000
0 0.637000 0.387500 0.011000 0.012000
0 0.407000 0.367000 0.021000 0.018000
0 0.179500 0.576000 0.018000 0.032000
0 0.660500 0.481000 0.016000 0.015000
0 0.650500 0.567500 0.019000 0.017000
0 0.757000 0.396500 0.009000 0.015000
0 0.833000 0.327500 0.022000 0.023000
0 0.775500 0.387000 0.023000 0.022000
0 0.393000 0.337000 0.014000 0.014000
0 0.157000 0.670000 0.021000 0.020000
0 0.238000 0.473000 0.020000 0.021000
0 0.195000 0.524500 0.020000 0.020000
0 0.516500 0.378500 0.020000 0.021000
0 0.412000 0.403500 0.010000 0.013000
0 0.571750 0.908500 0.014500 0.012000
0 0.421000 0.382500 0.012000 0.011000
0 0.677000 0.471000 0.030000 0.032000
0 0.811500 0.680500 0.022000 0.024000
0 0.555500 0.496500 0.016000 0.023000
0 0.908000 0.438500 0.024000 0.019000
0 0.179000 0.448000 0.027000 0.022000
0 0.608000 0.538000 0.021000 0.026000
0 0.299500 0.414500 0.027000 0.030000
0 0.594500 0.400500 0.029000 0.032000
0 0.520000 0.608000 0.021000 0.022000
0 0.204000 0.312000 0.022000 0.022000
0 0.525500 0.849500 0.018000 0.023000
0 0.341500 0.517000 0.022000 0.026000
0 0.469500 0.214500 0.020000 0.030000
0 0.567000 0.493500 0.022000 0.025000
0 0.688000 0.294000 0.016000 0.023000
0 0.625000 0.190000 0.018000 0.015000
0 0.571500 0.596750 0.022000 0.026500
0 0.581500 0.742500 0.020000 0.021000
0 0.564500 0.664500 0.021000 0.013000
0 0.578500 0.529000 0.023000 0.022000
0 0.599500 0.211500 0.029000 0.025000
0 0.450500 0.353000 0.024000 0.026000
0 0.191500 0.701000 0.011000 0.020000
0 0.428500 0.371500 0.026000 0.028000
0 0.323500 0.195000 0.026000 0.019000
0 0.559500 0.626500 0.017000 0.013000
0 0.146000 0.650000 0.027000 0.024000
0 0.424000 0.349000 0.016000 0.019000
0 0.330500 0.883000 0.009000 0.009000
0 0.401500 0.420500 0.018000 0.019000
0 0.523000 0.856000 0.024000 0.015000
0 0.458000 0.548000 0.021000 0.018000
0 0.681500 0.689000 0.014000 0.015000
0 0.511500 0.474500 0.012000 0.014000
0 0.567500 0.564500 0.016000 0.016000
0 0.615000 0.299000 0.020000 0.022000
0 0.854500 0.414000 0.014000 0.013000
0 0.512500 0.732500 0.030000 0.028000
0 0.779500 0.498500 0.016000 0.016000
0 0.367000 0.566500 0.024000 0.022000
0 0.476500 0.443000 0.019000 0.016000
0 0.272500 0.810000 0.030000 0.030000
0 0.436500 0.465500 0.012000 0.009000
0 0.592000 0.615000 0.020000 0.030000
0 0.579500 0.339500 0.027000 0.029000
0 0.896500 0.535000 0.034000 0.033000
0 0.648500 0.677500 0.022000 0.024000
0 0.399000 0.484500 0.018000 0.020000
0 0.488000 0.548500 0.019000 0.015000
0 0.335000 0.821500 0.019000 0.021000
0 0.907500 0.538000 0.015000 0.015000
0 0.729750 0.622000 0.023500 0.017000
0 0.160000 0.380000 0.023000 0.026000
0 0.175000 0.462000 0.031000 0.030000
0 0.610500 0.214500 0.025000 0.018000
0 0.580500 0.883500 0.011000 0.008000
0 0.509250 0.880500 0.020500 0.019000
0 0.462000 0.437000 0.015000 0.010000
0 0.357500 0.474000 0.029000 0.032000
0 0.469500 0.526500 0.026000 0.024000
0 0.560000 0.603500 0.026000 0.022000
0 0.357500 0.129000 0.023000 0.019000
0 0.188000 0.504500 0.015000 0.026000
0 0.409000 0.617000 0.021000 0.021000
0 0.367500 0.518000 0.014000 0.013000
0 0.442000 0.226500 0.021000 0.020000
0 0.572500 0.749500 0.015000 0.010000
0 0.678500 0.410000 0.026000 0.021000
0 0.244500 0.726500 0.017000 0.017000
0 0.497000 0.508000 0.027000 0.025000
0 0.757000 0.313500 0.011000 0.011000
0 0.350000 0.447250 0.010000 0.014500
0 0.123250 0.509000 0.014500 0.010000
0 0.359000 0.825750 0.019000 0.020500
0 0.633000 0.523500 0.011000 0.008000
0 0.521000 0.498000 0.019000 0.018000
0 0.472000 0.502000 0.014000 0.015000
0 0.523000 0.584000 0.020000 0.021000
0 0.645000 0.666000 0.023000 0.021000
0 0.509000 0.344000 0.018000 0.015000
0 0.570500 0.372000 0.010000 0.010000
0 0.360500 0.288000 0.033000 0.027000
0 0.483000 0.436000 0.017000 0.018000
0 0.582500 0.394000 0.025000 0.023000
0 0.257000 0.816500 0.016000 0.015000
0 0.424000 0.682500 0.009000 0.009000
0 0.599500 0.590500 0.022000 0.023000
0 0.450000 0.423500 0.018000 0.017000
0 0.155000 0.678000 0.024000 0.030000
0 0.325500 0.283000 0.017000 0.024000
0 0.767500 0.650500 0.026000 0.024000
0 0.525500 0.495000 0.021000 0.022000
0 0.673000 0.134000 0.016000 0.016000
0 0.148000 0.593500 0.016000 0.011000
0 0.721500 0.191000 0.028000 0.033000
0 0.139500 0.395000 0.015000 0.012000
0 0.528500 0.517000 0.013000 0.011000
0 0.291000 0.652000 0.024000 0.018000
0 0.168500 0.323000 0.018000 0.019000
0 0.876500 0.509500 0.022000 0.022000
0 0.286000 0.622000 0.019000 0.023000
0 0.664500 0.711500 0.020000 0.019000
0 0.245500 0.667500 0.016000 0.019000
0 0.185000 0.379500 0.014000 0.013000
0 0.414000 0.530000 0.011000 0.009000
0 0.744000 0.682500 0.010000 0.015000
0 0.421000 0.211000 0.017000 0.024000
0 0.364000 0.766000 0.023000 0.030000
0 0.886500 0.483000 0.019000 0.019000
0 0.376500 0.322500 0.022000 0.028000
0 0.372000 0.473000 0.026000 0.018000
0 0.567500 0.225000 0.036000 0.030000
0 0.403000 0.383000 0.015000 0.015000
0 0.630500 0.564500 0.027000 0.028000
0 0.376500 0.535000 0.024000 0.020000
0 0.689500 0.812000 0.009000 0.013000
0 0.597500 0.528000 0.022000 0.023000
0 0.329500 0.627500 0.017000 0.022000
0 0.651000 0.527000 0.032000 0.029000
0 0.810500 0.272250 0.014000 0.020500
0 0.364500 0.663000 0.030000 0.031000
0 0.411000 0.193000 0.010000 0.009000
0 0.268500 0.507500 0.018000 0.020000
0 0.634500 0.165000 0.029000 0.030000
0 0.123500 0.532500 0.015000 0.012000
0 0.560500 0.541000 0.023000 0.022000
0 0.731000 0.344000 0.019000 0.018000
0 0.583500 0.198500 0.010000 0.011000
0 0.802500 0.419000 0.024000 0.019000
0 0.136000 0.557000 0.023000 0.023000
0 0.270000 0.450000 0.023000 0.014000
0 0.151000 0.311750 0.025000 0.032500
0 0.411500 0.442500 0.019000 0.023000
0 0.232000 0.457000 0.023000 0.023000
0 0.262000 0.469500 0.020000 0.020000
0 0.404500 0.219500 0.014000 0.014000
0 0.427000 0.642000 0.018000 0.017000
0 0.625000 0.673500 0.013000 0.010000
0 0.258500 0.535500 0.030000 0.032000
0 0.567000 0.359500 0.024000 0.020000
0 0.311500 0.190000 0.014000 0.021000
0 0.743500 0.329500 0.020000 0.019000
0 0.304000 0.319500 0.029000 0.029000
0 0.711000 0.683000 0.027000 0.020000
0 0.376000 0.299500 0.033000 0.030000
0 0.696500 0.777000 0.018000 0.020000
0 0.219500 0.789000 0.026000 0.024000
0 0.291000 0.624000 0.022000 0.031000
0 0.174000 0.411500 0.016000 0.017000
0 0.394000 0.597500 0.009000 0.013000
0 0.415000 0.474500 0.030000 0.029000
0 0.531000 0.577000 0.016000 0.014000
0 0.674000 0.274500 0.009000 0.009000
0 0.262500 0.308500 0.012000 0.015000
0 0.150000 0.418750 0.022000 0.032500
0 0.324000 0.440000 0.018000 0.018000
0 0.201500 0.671000 0.014000 0.015000
0 0.130000 0.302500 0.019000 0.019000
0 0.405500 0.552000 0.031000 0.024000
0 0.211500 0.394500 0.028000 0.020000
0 0.749000 0.246000 0.021000 0.021000
0 0.859000 0.590500 0.020000 0.015000
0 0.581500 0.554000 0.028000 0.023000
0 0.346500 0.111500 0.014000 0.014000
0 0.327000 0.432500 0.015000 0.013000
0 0.292500 0.251000 0.022000 0.022000
0 0.669500 0.790500 0.028000 0.025000
0 0.254500 0.174000 0.025000 0.019000
0 0.549500 0.113500 0.035000 0.031000
0 0.396500 0.285500 0.022000 0.024000
0 0.397000 0.570500 0.010000 0.009000
0 0.338000 0.358500 0.023000 0.024000
0 0.403500 0.598500 0.015000 0.016000
0 0.531500 0.553500 0.022000 0.019000
0 0.514000 0.516500 0.019000 0.019000
0 0.631500 0.505500 0.020000 0.021000
0 0.525000 0.456000 0.020000 0.023000
0 0.476500 0.873000 0.028000 0.029000
0 0.790000 0.304000 0.021000 0.018000
0 0.322000 0.534500 0.024000 0.021000
0 0.506500 0.470500 0.023000 0.022000
0 0.380000 0.874500 0.016000 0.013000
0 0.469000 0.704500 0.020000 0.019000
0 0.399000 0.277500 0.026000 0.022000
0 0.297500 0.214000 0.021000 0.024000
0 0.410000 0.432750 0.014000 0.017500
0 0.256000 0.548500 0.026000 0.020000
0 0.719000 0.386000 0.018000 0.016000
0 0.625000 0.132000 0.018000 0.025000
0 0.669000 0.458000 0.019000 0.019000
0 0.505000 0.586000 0.022000 0.021000
0 0.186500 0.262000 0.012000 0.015000
0 0.797500 0.509000 0.020000 0.020000
0 0.604000 0.440500 0.018000 0.018000
0 0.510000 0.514500 0.030000 0.021000
0 0.373500 0.880000 0.015000 0.014000
0 0.659500 0.234000 0.015000 0.015000