0 0.649500 0.631000 0.016000 0.030000
0 0.879500 0.480500 0.016000 0.018000
0 0.516500 0.762000 0.015000 0.013000
0 0.324000 0.712500 0.022000 0.025000
0 0.572500 0.905500 0.022000 0.024000
0 0.618000 0.395750 0.016000 0.023500
0 0.613500 0.789000 0.026000 0.023000
0 0.314500 0.390000 0.019000 0.018000
0 0.312000 0.259500 0.018000 0.024000
0 0.409750 0.593000 0.026500 0.020000
0 0.635000 0.342250 0.022000 0.032500
0 0.561000 0.478500 0.023000 0.025000
0 0.625500 0.347500 0.013000 0.018000
0 0.593000 0.306500 0.018000 0.015000
0 0.157500 0.520500 0.008000 0.011000
0 0.498000 0.480000 0.033000 0.027000
0 0.251000 0.316000 0.017000 0.017000
0 0.501000 0.506000 0.012000 0.010000
0 0.290000 0.782000 0.013000 0.010000
0 0.473500 0.893500 0.029000 0.024000
0 0.586500 0.271000 0.009000 0.008000
0 0.451500 0.821000 0.020000 0.022000
0 0.202500 0.793000 0.030000 0.025000
0 0.593000 0.516500 0.011000 0.013000
0 0.153500 0.419000 0.031000 0.027000
0 0.284500 0.524000 0.026000 0.024000
0 0.588000 0.598000 0.010000 0.010000
0 0.673000 0.324000 0.029000 0.018000
0 0.468000 0.480500 0.011000 0.012000
0 0.336500 0.791500 0.025000 0.026000
0 0.701500 0.766000 0.026000 0.018000
0 0.454000 0.589000 0.024000 0.025000
0 0.531750 0.533500 0.026500 0.018000
0 0.561000 0.110500 0.015000 0.017000
0 0.638500 0.423500 0.023000 0.021000
0 0.101500 0.462000 0.022000 0.023000
0 0.355500 0.728500 0.012000 0.018000
0 0.487000 0.499500 0.016000 0.020000
0 0.674000 0.262500 0.023000 0.027000
0 0.462000 0.537750 0.016000 0.023500
0 0.466000 0.401500 0.013000 0.015000
0 0.379500 0.900500 0.020000 0.016000
0 0.452000 0.506000 0.022000 0.022000
0 0.359500 0.416500 0.013000 0.019000
0 0.591250 0.483750 0.016500 0.016500
0 0.866500 0.636500 0.021000 0.028000
0 0.506500 0.473500 0.015000 0.017000
0 0.589500 0.144000 0.026000 0.026000
0 0.565000 0.250500 0.016000 0.017000
0 0.374500 0.406500 0.020000 0.034000
0 0.367500 0.341000 0.023000 0.023000
0 0.121500 0.414500 0.028000 0.035000
0 0.128000 0.431500 0.017000 0.017000
0 0.704500 0.368000 0.012000 0.013000
0 0.486500 0.510500 0.022000 0.020000
0 0.645500 0.587500 0.013000 0.019000
0 0.274000 0.386500 0.020000 0.023000
0 0.188500 0.288500 0.024000 0.028000
0 0.546000 0.527000 0.012000 0.011000
0 0.374500 0.809500 0.010000 0.013000
0 0.404500 0.513000 0.035000 0.028000
0 0.276500 0.260500 0.020000 0.020000
0 0.427500 0.483000 0.024000 0.023000
0 0.518000 0.462000 0.018000 0.017000
0 0.236000 0.637500 0.021000 0.025000
0 0.642500 0.607250 0.011000 0.014500
0 0.596500 0.398000 0.027000 0.026000
0 0.513000 0.448000 0.017000 0.014000
0 0.867500 0.583500 0.028000 0.028000
0 0.711000 0.236500 0.017000 0.018000
0 0.523000 0.678000 0.009000 0.014000
0 0.751500 0.367000 0.020000 0.016000
0 0.137000 0.695000 0.018000 0.018000
0 0.248500 0.491500 0.013000 0.016000
0 0.444000 0.723000 0.015000 0.018000
0 0.552000 0.569500 0.019000 0.019000
0 0.510000 0.493500 0.022000 0.019000
0 0.414500 0.587000 0.013000 0.009000
0 0.723000 0.707000 0.020000 0.019000
0 0.501000 0.515500 0.016000 0.015000
0 0.518500 0.472500 0.027000 0.024000
0 0.395000 0.271500 0.025000 0.023000
0 0.297500 0.165500 0.033000 0.019000
0 0.524500 0.542250 0.016000 0.020500
0 0.799000 0.311500 0.033000 0.028000
0 0.427500 0.357000 0.013000 0.016000
0 0.525500 0.641000 0.012000 0.012000
0 0.361000 0.194000 0.017000 0.024000
0 0.543500 0.669000 0.026000 0.031000
0 0.255500 0.823000 0.031000 0.026000
0 0.384000 0.624000 0.032000 0.031000
0 0.430000 0.551000 0.012000 0.013000
0 0.659000 0.305000 0.024000 0.023000
0 0.731000 0.527000 0.013000 0.021000
0 0.246000 0.469500 0.022000 0.031000
0 0.611500 0.603500 0.017000 0.018000
0 0.515500 0.520500 0.024000 0.027000
0 0.421000 0.521000 0.025000 0.023000
0 0.605500 0.516500 0.013000 0.013000
0 0.426000 0.606500 0.016000 0.017000
0 0.789000 0.666500 0.022000 0.023000
0 0.284000 0.540000 0.023000 0.023000
0 0.155500 0.531500 0.023000 0.022000
0 0.732500 0.848500 0.026000 0.020000
0 0.195500 0.480500 0.013000 0.010000
0 0.523000 0.574500 0.018000 0.020000
0 0.736000 0.569000 0.022000 0.023000
0 0.568000 0.271000 0.017000 0.027000
0 0.449000 0.890500 0.023000 0.023000
0 0.361000 0.620000 0.017000 0.017000
0 0.695500 0.308500 0.012000 0.015000
0 0.140500 0.660000 0.020000 0.016000
0 0.688000 0.498000 0.013000 0.013000
0 0.613500 0.511500 0.027000 0.018000
0 0.422000 0.617000 0.020000 0.021000
0 0.478000 0.491500 0.022000 0.016000
0 0.815000 0.564000 0.028000 0.026000
0 0.366000 0.299000 0.024000 0.020000
0 0.442500 0.494000 0.024000 0.023000
0 0.819500 0.704500 0.022000 0.024000
0 0.501000 0.241500 0.021000 0.019000
0 0.770000 0.626000 0.011000 0.012000
0 0.637500 0.294000 0.021000 0.025000
0 0.912000 0.427000 0.015000 0.014000
0 0.125500 0.537500 0.016000 0.022000
0 0.469250 0.578000 0.023500 0.018000
0 0.747000 0.513500 0.019000 0.016000
0 0.132500 0.585000 0.020000 0.019000
0 0.113500 0.432500 0.008000 0.014000
0 0.526500 0.556500 0.015000 0.013000
0 0.522000 0.489000 0.025000 0.029000
0 0.339500 0.533000 0.031000 0.031000
0 0.890000 0.591000 0.013000 0.018000
0 0.153250 0.278250 0.026500 0.026500
0 0.522000 0.480500 0.024000 0.024000
0 0.566500 0.518500 0.018000 0.019000
0 0.420000 0.575000 0.024000 0.025000
0 0.566500 0.887500 0.018000 0.016000
0 0.606500 0.575500 0.021000 0.031000
0 0.542500 0.450500 0.018000 0.019000
0 0.481000 0.360000 0.017000 0.016000
0 0.510500 0.613500 0.017000 0.029000
0 0.251500 0.209500 0.035000 0.036000
0 0.643500 0.119000 0.015000 0.018000
0 0.709000 0.242500 0.026000 0.029000
0 0.571000 0.504000 0.016000 0.021000
0 0.148000 0.363000 0.022000 0.016000
0 0.414000 0.569000 0.031000 0.031000
0 0.572000 0.848000 0.021000 0.022000
0 0.890500 0.477000 0.018000 0.017000
0 0.433000 0.496500 0.022000 0.024000
0 0.456500 0.749000 0.016000 0.015000
0 0.502000 0.525250 0.012000 0.017500
0 0.782500 0.687000 0.021000 0.019000
0 0.371000 0.432000 0.019000 0.014000
0 0.485000 0.423500 0.023000 0.022000
0 0.468000 0.562500 0.017000 0.015000
0 0.717000 0.764000 0.022000 0.021000
0 0.556000 0.471000 0.015000 0.015000
0 0.708500 0.290500 0.027000 0.031000
0 0.589500 0.568000 0.020000 0.020000
0 0.209500 0.299500 0.015000 0.022000
0 0.702000 0.688000 0.013000 0.017000
0 0.523500 0.433500 0.023000 0.018000
0 0.578000 0.675000 0.032000 0.033000
0 0.564500 0.449500 0.012000 0.012000
0 0.424000 0.378000 0.014000 0.014000
0 0.511000 0.497500 0.019000 0.013000
0 0.774500 0.367000 0.016000 0.013000
0 0.124000 0.405500 0.020000 0.022000
0 0.275000 0.665000 0.022000 0.018000
0 0.552000 0.588000 0.022000 0.030000
0 0.290500 0.431000 0.013000 0.016000
0 0.869000 0.506000 0.015000 0.015000
0 0.276500 0.794000 0.015000 0.017000
0 0.493500 0.531500 0.015000 0.015000
0 0.454500 0.651000 0.023000 0.017000
0 0.470000 0.458000 0.016000 0.019000
0 0.616000 0.316500 0.023000 0.024000
0 0.719000 0.557500 0.032000 0.032000
0 0.258000 0.497500 0.017000 0.019000
0 0.794750 0.362500 0.023500 0.019000
0 0.445000 0.532000 0.012000 0.010000
0 0.328500 0.544250 0.019000 0.023500
0 0.882000 0.634500 0.016000 0.022000
0 0.551500 0.374000 0.013000 0.015000
0 0.535000 0.436000 0.035000 0.029000
0 0.449000 0.676250 0.012000 0.014500
0 0.304000 0.423500 0.012000 0.013000
0 0.314000 0.640500 0.019000 0.013000
0 0.885500 0.549500 0.030000 0.021000
0 0.518500 0.814000 0.023000 0.026000
0 0.298000 0.238000 0.018000 0.015000
0 0.541500 0.480500 0.015000 0.015000
0 0.596500 0.520000 0.023000 0.022000
0 0.292000 0.219500 0.022000 0.022000
0 0.170500 0.681500 0.030000 0.027000
0 0.496000 0.781000 0.013000 0.015000
0 0.505500 0.499500 0.025000 0.020000
0 0.433500 0.636000 0.015000 0.010000
0 0.498500 0.858000 0.025000 0.020000
0 0.370000 0.591500 0.023000 0.022000
0 0.454500 0.795000 0.010000 0.009000
0 0.754500 0.483000 0.029000 0.030000
0 0.429000 0.298500 0.022000 0.020000
0 0.495500 0.572000 0.027000 0.027000
0 0.120500 0.574500 0.023000 0.020000
0 0.190000 0.569500 0.030000 0.024000
0 0.614500 0.540000 0.019000 0.020000
0 0.518500 0.504000 0.028000 0.024000
0 0.357500 0.310000 0.010000 0.012000
0 0.499000 0.500500 0.024000 0.024000
0 0.800500 0.525000 0.024000 0.017000
0 0.899500 0.606000 0.023000 0.028000
0 0.389000 0.327500 0.025000 0.025000
0 0.413500 0.420500 0.011000 0.012000
0 0.442500 0.584000 0.028000 0.024000
0 0.505000 0.536000 0.014000 0.013000
0 0.855000 0.454500 0.028000 0.027000
0 0.106000 0.393000 0.019000 0.013000
0 0.415500 0.489000 0.018000 0.018000
0 0.435000 0.304500 0.017000 0.014000
0 0.424500 0.787000 0.013000 0.015000
0 0.696000 0.455500 0.014000 0.011000
0 0.351000 0.545500 0.033000 0.033000
0 0.629000 0.574500 0.033000 0.029000
0 0.414500 0.858500 0.018000 0.019000
0 0.180000 0.419000 0.028000 0.022000
0 0.376000 0.742000 0.024000 0.022000
0 0.147000 0.411000 0.025000 0.021000
0 0.400000 0.337500 0.032000 0.027000
0 0.736500 0.281500 0.022000 0.022000
0 0.512500 0.526500 0.019000 0.017000
0 0.871250 0.374000 0.023500 0.022000
0 0.460000 0.664000 0.013000 0.014000
0 0.569000 0.399500 0.021000 0.031000
0 0.534000 0.456000 0.010000 0.008000
0 0.181000 0.372000 0.026000 0.020000
0 0.207500 0.715000 0.011000 0.015000
0 0.871500 0.422750 0.018000 0.026500
0 0.790500 0.631000 0.018000 0.023000
0 0.415000 0.179000 0.026000 0.025000
0 0.582500 0.261000 0.009000 0.014000
0 0.439500 0.316000 0.010000 0.009000
0 0.488500 0.744500 0.019000 0.021000
0 0.566000 0.490500 0.029000 0.016000
0 0.581500 0.377500 0.011000 0.010000
0 0.130000 0.361000 0.031000 0.034000
0 0.824000 0.678000 0.024000 0.026000
0 0.605000 0.295000 0.023000 0.026000
0 0.280500 0.340500 0.023000 0.014000
0 0.145500 0.392500 0.024000 0.029000
0 0.539500 0.538000 0.013000 0.017000
0 0.580000 0.882500 0.017000 0.016000
0 0.387000 0.582000 0.033000 0.031000
0 0.596000 0.674500 0.015000 0.012000
0 0.666500 0.481000 0.016000 0.013000
0 0.135000 0.336000 0.017000 0.024000
0 0.852000 0.714000 0.027000 0.034000
0 0.525000 0.295000 0.023000 0.027000
0 0.855000 0.623000 0.015000 0.014000
0 0.474000 0.762000 0.025000 0.020000
0 0.466000 0.477000 0.024000 0.019000
0 0.385500 0.300500 0.032000 0.028000
0 0.517500 0.632500 0.022000 0.022000
0 0.132000 0.572500 0.031000 0.021000
0 0.660000 0.591500 0.019000 0.020000
0 0.687000 0.507500 0.029000 0.026000
0 0.589000 0.162500 0.017000 0.017000
0 0.541500 0.368000 0.018000 0.013000
0 0.710500 0.572000 0.017000 0.017000
0 0.669500 0.601000 0.020000 0.019000
0 0.491000 0.908500 0.012000 0.016000
0 0.670500 0.166000 0.026000 0.026000
0 0.527500 0.629000 0.024000 0.024000
0 0.428500 0.283500 0.024000 0.018000
0 0.546500 0.702500 0.012000 0.012000
0 0.806500 0.736500 0.019000 0.019000
0 0.528500 0.473500 0.013000 0.011000
0 0.449500 0.597500 0.011000 0.010000
0 0.714000 0.703500 0.020000 0.021000
0 0.585500 0.676500 0.015000 0.014000
0 0.346000 0.839000 0.009000 0.010000
0 0.516000 0.193000 0.020000 0.016000
0 0.398000 0.116000 0.017000 0.018000
0 0.749000 0.457500 0.028000 0.018000
0 0.734000 0.632500 0.026000 0.027000
0 0.570000 0.601500 0.013000 0.013000
0 0.384500 0.757500 0.017000 0.023000
0 0.508000 0.417000 0.013000 0.013000
0 0.444000 0.549500 0.020000 0.020000
0 0.744500 0.383500 0.011000 0.009000
0 0.571000 0.762500 0.024000 0.021000
0 0.843000 0.537500 0.016000 0.020000
0 0.557500 0.552500 0.026000 0.027000
0 0.580500 0.138500 0.015000 0.016000
0 0.535000 0.573000 0.025000 0.025000
0 0.563000 0.612500 0.030000 0.022000
0 0.137000 0.612500 0.032000 0.031000
0 0.849000 0.610500 0.029000 0.026000
0 0.645500 0.376000 0.014000 0.011000
0 0.470500 0.700500 0.014000 0.019000
0 0.605000 0.523500 0.013000 0.013000
0 0.241500 0.388000 0.017000 0.018000
0 0.498000 0.909500 0.015000 0.018000
0 0.302500 0.226000 0.032000 0.028000
0 0.485500 0.441000 0.020000 0.018000
0 0.510000 0.513000 0.020000 0.014000
0 0.576000 0.591000 0.018000 0.017000
0 0.467500 0.441000 0.015000 0.013000
0 0.536000 0.600500 0.009000 0.011000
0 0.617500 0.596000 0.023000 0.025000
0 0.279500 0.604500 0.026000 0.024000
0 0.615000 0.129500 0.016000 0.015000
0 0.376000 0.337000 0.008000 0.008000
0 0.187500 0.747500 0.026000 0.026000
0 0.228500 0.475500 0.016000 0.016000
0 0.080500 0.473000 0.017000 0.018000
0 0.301000 0.171500 0.029000 0.024000
0 0.635500 0.547500 0.024000 0.023000
0 0.693000 0.660500 0.025000 0.023000
0 0.417500 0.452000 0.014000 0.018000
0 0.510500 0.414000 0.022000 0.021000
0 0.195000 0.746500 0.015000 0.014000
0 0.621500 0.515000 0.018000 0.015000
0 0.529000 0.827500 0.019000 0.021000
0 0.184000 0.436500 0.012000 0.012000
0 0.258000 0.725000 0.024000 0.018000
0 0.685000 0.204000 0.021000 0.022000
0 0.698000 0.822000 0.016000 0.011000
0 0.480500 0.534000 0.016000 0.013000
0 0.300000 0.458500 0.018000 0.015000
0 0.492000 0.517500 0.017000 0.012000
0 0.216500 0.541500 0.022000 0.022000
0 0.506750 0.497000 0.011500 0.009000
0 0.353000 0.875500 0.024000 0.026000
0 0.466000 0.596000 0.025000 0.020000
0 0.475500 0.452000 0.028000 0.028000
0 0.651000 0.553500 0.025000 0.019000
0 0.474500 0.572000 0.029000 0.035000
0 0.640500 0.511000 0.018000 0.027000