0 0.670000 0.499000 0.024000 0.034000
0 0.699000 0.228500 0.017000 0.017000
0 0.459500 0.475500 0.016000 0.015000
0 0.445000 0.629000 0.011000 0.011000
0 0.662500 0.410500 0.028000 0.029000
0 0.472500 0.520500 0.030000 0.029000
0 0.240000 0.391000 0.020000 0.021000
0 0.539000 0.386000 0.010000 0.012000
0 0.519000 0.461000 0.034000 0.033000
0 0.508000 0.625500 0.021000 0.015000
0 0.494500 0.482500 0.013000 0.014000
0 0.819000 0.733000 0.017000 0.018000
0 0.536500 0.437000 0.021000 0.023000
0 0.564500 0.340000 0.013000 0.011000
0 0.547000 0.458000 0.010000 0.014000
0 0.633000 0.533500 0.023000 0.018000
0 0.295500 0.479500 0.013000 0.014000
0 0.354000 0.285500 0.024000 0.023000
0 0.400500 0.625500 0.012000 0.017000
0 0.531000 0.619000 0.019000 0.019000
0 0.603500 0.605000 0.014000 0.013000
0 0.838500 0.451500 0.018000 0.023000
0 0.223000 0.735500 0.023000 0.027000
0 0.488500 0.687000 0.018000 0.015000
0 0.801000 0.671500 0.025000 0.021000
0 0.628000 0.545000 0.021000 0.023000
0 0.240000 0.361500 0.027000 0.018000
0 0.481750 0.448500 0.014500 0.011000
0 0.264500 0.219500 0.024000 0.021000
0 0.500500 0.122000 0.021000 0.019000
0 0.502500 0.502000 0.019000 0.023000
0 0.801000 0.437500 0.028000 0.026000
0 0.251500 0.783500 0.017000 0.017000
0 0.512000 0.497000 0.023000 0.031000
0 0.278500 0.239000 0.026000 0.021000
0 0.838500 0.678000 0.032000 0.024000
0 0.335500 0.384000 0.022000 0.023000
0 0.624000 0.788500 0.008000 0.010000
0 0.511500 0.507000 0.022000 0.018000
0 0.670000 0.342500 0.016000 0.020000
0 0.660000 0.595500 0.015000 0.015000
0 0.429000 0.622000 0.016000 0.023000
0 0.201000 0.374500 0.016000 0.018000
0 0.368500 0.582000 0.027000 0.021000
0 0.193000 0.559500 0.027000 0.027000
0 0.261500 0.583000 0.026000 0.030000
0 0.436000 0.475500 0.019000 0.018000
0 0.800000 0.568000 0.016000 0.016000
0 0.703500 0.561500 0.030000 0.031000
0 0.441500 0.364500 0.018000 0.025000
0 0.577000 0.571500 0.020000 0.015000
0 0.843000 0.662000 0.017000 0.027000
0 0.461750 0.206500 0.023500 0.016000
0 0.826000 0.570500 0.025000 0.030000
0 0.572000 0.462500 0.014000 0.012000
0 0.262500 0.410000 0.014000 0.014000
0 0.302500 0.304500 0.030000 0.030000
0 0.780000 0.440000 0.013000 0.013000
0 0.391500 0.513000 0.027000 0.028000
0 0.856500 0.498000 0.018000 0.014000
0 0.693500 0.728500 0.018000 0.016000
0 0.551500 0.651500 0.011000 0.012000
0 0.869000 0.608000 0.030000 0.030000
0 0.721500 0.742000 0.021000 0.025000
0 0.523000 0.357500 0.013000 0.012000
0 0.730000 0.542500 0.021000 0.020000
0 0.504500 0.549500 0.025000 0.029000
0 0.504500 0.302500 0.017000 0.021000
0 0.376000 0.273500 0.013000 0.018000
0 0.383000 0.374000 0.016000 0.015000
0 0.445500 0.289000 0.022000 0.020000
0 0.659500 0.668500 0.015000 0.017000
0 0.767500 0.707500 0.020000 0.019000
0 0.674500 0.276000 0.023000 0.021000
0 0.550500 0.110000 0.035000 0.032000
0 0.321500 0.443500 0.011000 0.012000
0 0.639500 0.428000 0.014000 0.015000
0 0.659500 0.542000 0.027000 0.024000
0 0.526500 0.714500 0.024000 0.026000
0 0.536000 0.234500 0.020000 0.021000
0 0.578500 0.345000 0.030000 0.026000
0 0.478000 0.712000 0.032000 0.031000
0 0.619000 0.571000 0.014000 0.016000
0 0.324500 0.455500 0.017000 0.021000
0 0.776000 0.246000 0.031000 0.031000
0 0.483000 0.431500 0.015000 0.014000
0 0.448000 0.240500 0.025000 0.017000
0 0.471500 0.460500 0.026000 0.020000
0 0.693000 0.315500 0.014000 0.016000
0 0.349500 0.454500 0.024000 0.024000
0 0.518500 0.503000 0.013000 0.013000
0 0.486500 0.243500 0.016000 0.019000
0 0.621500 0.585000 0.019000 0.021000
0 0.590500 0.377000 0.024000 0.020000
0 0.606000 0.419000 0.009000 0.012000
0 0.537500 0.566000 0.023000 0.018000
0 0.838000 0.464000 0.017000 0.018000
0 0.722500 0.295000 0.020000 0.024000
0 0.742000 0.767500 0.013000 0.009000
0 0.612000 0.418000 0.009000 0.008000
0 0.326500 0.444500 0.015000 0.014000
0 0.590000 0.231500 0.011000 0.010000
0 0.609000 0.172500 0.024000 0.024000
0 0.476000 0.483000 0.012000 0.010000
0 0.501500 0.457500 0.026000 0.026000
0 0.454000 0.742500 0.014000 0.021000
0 0.138500 0.339000 0.018000 0.026000
0 0.530500 0.181750 0.014000 0.020500
0 0.751500 0.744500 0.028000 0.029000
0 0.460000 0.805000 0.015000 0.014000
0 0.565000 0.883500 0.011000 0.016000
0 0.215500 0.213500 0.021000 0.019000
0 0.090000 0.545000 0.019000 0.021000
0 0.640500 0.667500 0.020000 0.011000
0 0.624500 0.577000 0.015000 0.016000
0 0.507000 0.500500 0.027000 0.025000
0 0.670500 0.822500 0.010000 0.009000
0 0.234500 0.343500 0.017000 0.018000
0 0.619000 0.833500 0.014000 0.023000
0 0.620000 0.119500 0.033000 0.033000
0 0.449500 0.900500 0.019000 0.018000
0 0.170500 0.651500 0.014000 0.014000
0 0.203500 0.771000 0.025000 0.025000
0 0.212000 0.744500 0.019000 0.026000
0 0.469000 0.374000 0.014000 0.018000
0 0.238000 0.447000 0.025000 0.033000
0 0.381000 0.508500 0.025000 0.028000
0 0.542000 0.516500 0.013000 0.012000
0 0.545500 0.396000 0.021000 0.024000
0 0.752000 0.501500 0.015000 0.019000
0 0.695000 0.658000 0.014000 0.018000
0 0.481000 0.532000 0.018000 0.021000
0 0.440000 0.351000 0.016000 0.014000
0 0.208000 0.317500 0.026000 0.017000
0 0.423000 0.361500 0.012000 0.012000
0 0.373500 0.342500 0.016000 0.011000
0 0.464500 0.582500 0.031000 0.030000
0 0.706000 0.215500 0.008000 0.009000
0 0.329000 0.495000 0.025000 0.029000
0 0.433000 0.468500 0.014000 0.013000
0 0.478000 0.598500 0.019000 0.016000
0 0.239000 0.534000 0.015000 0.014000
0 0.118000 0.529500 0.034000 0.034000
0 0.451500 0.325000 0.020000 0.021000
0 0.725500 0.838500 0.023000 0.022000
0 0.404000 0.440500 0.025000 0.027000
0 0.646500 0.473500 0.022000 0.025000
0 0.311000 0.741000 0.017000 0.024000
0 0.771500 0.576500 0.012000 0.012000
0 0.651000 0.437000 0.028000 0.020000
0 0.635000 0.343000 0.030000 0.030000
0 0.701000 0.320500 0.012000 0.016000
0 0.629000 0.606000 0.019000 0.028000
0 0.464000 0.904000 0.013000 0.015000
0 0.511000 0.431000 0.015000 0.015000
0 0.486000 0.708500 0.024000 0.026000
0 0.473500 0.886500 0.025000 0.021000
0 0.588000 0.716000 0.026000 0.026000
0 0.437000 0.853000 0.024000 0.027000
0 0.229000 0.536000 0.021000 0.021000
0 0.480000 0.614500 0.012000 0.012000
0 0.791500 0.720500 0.016000 0.016000
0 0.423500 0.520500 0.009000 0.015000
0 0.259500 0.311000 0.023000 0.017000
0 0.402500 0.709500 0.021000 0.023000
0 0.499500 0.523000 0.013000 0.012000
0 0.582000 0.627500 0.012000 0.014000
0 0.417500 0.620000 0.014000 0.013000
0 0.508500 0.201000 0.018000 0.019000
0 0.704000 0.597000 0.021000 0.023000
0 0.640000 0.324500 0.018000 0.013000
0 0.519500 0.725500 0.014000 0.018000
0 0.239000 0.704000 0.013000 0.012000
0 0.501500 0.349500 0.021000 0.032000
0 0.713500 0.770000 0.028000 0.024000
0 0.664000 0.512000 0.033000 0.027000
0 0.591000 0.566000 0.019000 0.028000
0 0.754500 0.316500 0.014000 0.014000
0 0.487000 0.473000 0.011000 0.011000
0 0.627000 0.449000 0.012000 0.016000
0 0.426000 0.554500 0.021000 0.019000
0 0.724000 0.574000 0.011000 0.013000
0 0.713000 0.513500 0.015000 0.015000
0 0.540500 0.606500 0.013000 0.014000
0 0.408500 0.404000 0.020000 0.020000
0 0.642500 0.199000 0.021000 0.023000
0 0.444250 0.423000 0.023500 0.016000
0 0.434500 0.244000 0.020000 0.019000
0 0.891000 0.384500 0.013000 0.014000
0 0.345500 0.199500 0.019000 0.017000
0 0.817000 0.690500 0.025000 0.027000
0 0.718000 0.286000 0.021000 0.020000
0 0.456500 0.521000 0.022000 0.022000
0 0.689500 0.203500 0.020000 0.024000
0 0.284500 0.435500 0.019000 0.021000
0 0.530000 0.501500 0.018000 0.010000
0 0.476000 0.664000 0.011000 0.013000
0 0.399500 0.423500 0.026000 0.020000
0 0.566500 0.182000 0.027000 0.026000
0 0.559000 0.362500 0.018000 0.030000
0 0.522000 0.396000 0.026000 0.025000
0 0.298500 0.457500 0.021000 0.021000
0 0.745500 0.606500 0.013000 0.014000
0 0.348500 0.583500 0.011000 0.011000
0 0.505000 0.479500 0.015000 0.018000
0 0.237250 0.739000 0.011500 0.008000
0 0.413000 0.582500 0.027000 0.029000
0 0.503000 0.465000 0.014000 0.012000
0 0.743000 0.679000 0.019000 0.021000
0 0.436000 0.539000 0.023000 0.025000
0 0.730000 0.290500 0.022000 0.019000
0 0.730000 0.759000 0.019000 0.020000
0 0.852500 0.653000 0.014000 0.014000
0 0.700500 0.623500 0.017000 0.020000
0 0.528500 0.159500 0.017000 0.013000
0 0.804500 0.504000 0.016000 0.015000
0 0.365250 0.574000 0.011500 0.010000
0 0.580500 0.436500 0.016000 0.016000
0 0.564500 0.757500 0.009000 0.016000
0 0.648500 0.880000 0.022000 0.019000
0 0.544500 0.480000 0.015000 0.013000
0 0.565000 0.654000 0.018000 0.016000
0 0.328000 0.874000 0.019000 0.019000
0 0.246500 0.312500 0.018000 0.015000
0 0.490000 0.351000 0.015000 0.018000
0 0.564000 0.352500 0.009000 0.013000
0 0.435000 0.484500 0.016000 0.017000
0 0.356000 0.428000 0.024000 0.021000
0 0.245500 0.348500 0.020000 0.019000
0 0.527000 0.804500 0.008000 0.010000
0 0.280000 0.592500 0.029000 0.028000
0 0.715000 0.743500 0.032000 0.021000
0 0.124000 0.674500 0.027000 0.025000
0 0.707000 0.495000 0.017000 0.018000
0 0.592500 0.472000 0.012000 0.015000
0 0.341500 0.664000 0.019000 0.017000
0 0.554500 0.465500 0.019000 0.018000
0 0.416500 0.367000 0.023000 0.025000
0 0.404500 0.290000 0.019000 0.019000
0 0.777500 0.188000 0.016000 0.014000
0 0.214000 0.504500 0.011000 0.011000
0 0.464500 0.404000 0.019000 0.016000
0 0.624500 0.393500 0.022000 0.011000
0 0.509500 0.679000 0.026000 0.023000
0 0.731000 0.212000 0.015000 0.016000
0 0.644000 0.401000 0.020000 0.015000
0 0.393500 0.533000 0.027000 0.019000
0 0.257000 0.183500 0.018000 0.022000
0 0.523500 0.488500 0.025000 0.022000
0 0.651000 0.360500 0.025000 0.019000
0 0.430000 0.580500 0.031000 0.035000
0 0.312500 0.231500 0.012000 0.015000
0 0.791500 0.750500 0.018000 0.015000
0 0.410500 0.451500 0.017000 0.020000
0 0.520500 0.403500 0.020000 0.015000
0 0.176500 0.461000 0.018000 0.024000
0 0.565000 0.533500 0.027000 0.023000
0 0.406000 0.510500 0.033000 0.030000
0 0.225000 0.785000 0.031000 0.030000
0 0.387000 0.494000 0.014000 0.015000
0 0.511500 0.536000 0.024000 0.024000
0 0.505000 0.847000 0.021000 0.021000
0 0.455500 0.494500 0.020000 0.014000
0 0.792500 0.653500 0.013000 0.011000
0 0.160000 0.286500 0.017000 0.014000
0 0.244000 0.217000 0.020000 0.024000
0 0.531000 0.592500 0.019000 0.019000
0 0.767500 0.347000 0.024000 0.023000
0 0.344500 0.790500 0.012000 0.012000
0 0.360500 0.698000 0.023000 0.024000
0 0.722000 0.561000 0.024000 0.023000
0 0.657500 0.263000 0.012000 0.013000
0 0.734000 0.679500 0.032000 0.030000
0 0.590500 0.403000 0.027000 0.027000
0 0.353000 0.737500 0.021000 0.019000
0 0.713500 0.603000 0.012000 0.015000
0 0.200000 0.396000 0.012000 0.016000
0 0.488500 0.451500 0.026000 0.019000
0 0.300000 0.591250 0.025000 0.026500
0 0.474500 0.383000 0.026000 0.026000
0 0.285500 0.759500 0.026000 0.023000
0 0.367500 0.206000 0.014000 0.015000
0 0.683500 0.151000 0.019000 0.013000
0 0.673000 0.618000 0.019000 0.014000
0 0.487000 0.551000 0.026000 0.026000
0 0.630500 0.559000 0.019000 0.017000
0 0.399500 0.697000 0.014000 0.014000
0 0.697000 0.585000 0.010000 0.013000
0 0.346500 0.834000 0.019000 0.017000
0 0.766000 0.372500 0.015000 0.022000
0 0.744000 0.660000 0.018000 0.020000
0 0.728000 0.523000 0.015000 0.016000
0 0.374000 0.609500 0.016000 0.011000
0 0.453500 0.634500 0.021000 0.019000
0 0.385000 0.793000 0.013000 0.013000
0 0.340500 0.272000 0.014000 0.014000
0 0.436500 0.341000 0.015000 0.022000
0 0.550500 0.507000 0.018000 0.015000
0 0.840500 0.438500 0.027000 0.021000
0 0.415500 0.231000 0.014000 0.011000
0 0.282500 0.637500 0.010000 0.016000
0 0.826000 0.629000 0.024000 0.032000
0 0.462500 0.471000 0.014000 0.015000
0 0.377000 0.361250 0.008000 0.011500
0 0.465500 0.498500 0.022000 0.021000
0 0.471500 0.794000 0.026000 0.025000
0 0.784750 0.401000 0.014500 0.011000
0 0.892500 0.472500 0.010000 0.013000
0 0.424000 0.539500 0.022000 0.020000
0 0.426000 0.632000 0.019000 0.021000
0 0.445500 0.221000 0.025000 0.026000
0 0.791000 0.516000 0.016000 0.020000
0 0.838000 0.648000 0.018000 0.014000
0 0.317000 0.437000 0.022000 0.017000
0 0.541500 0.165500 0.016000 0.020000
0 0.431000 0.702000 0.032000 0.033000
0 0.373500 0.691000 0.017000 0.019000
0 0.778000 0.516000 0.027000 0.020000
0 0.445000 0.508000 0.024000 0.022000
0 0.292000 0.467000 0.015000 0.022000
0 0.675000 0.421500 0.025000 0.026000
0 0.458000 0.891000 0.012000 0.013000
0 0.197000 0.761500 0.033000 0.031000
0 0.407000 0.384500 0.018000 0.020000
0 0.316500 0.445500 0.022000 0.032000
0 0.650500 0.639500 0.024000 0.027000
0 0.500500 0.447000 0.012000 0.012000
0 0.459000 0.219500 0.030000 0.028000
0 0.649000 0.709500 0.027000 0.021000
0 0.506500 0.658000 0.023000 0.023000
0 0.275000 0.429000 0.017000 0.016000
0 0.554500 0.311500 0.027000 0.018000
0 0.576000 0.419000 0.030000 0.025000
0 0.702500 0.186500 0.018000 0.019000
0 0.477000 0.539000 0.016000 0.017000
0 0.621000 0.171500 0.018000 0.024000
0 0.455500 0.365500 0.012000 0.009000
0 0.504500 0.263000 0.027000 0.028000
0 0.517000 0.474500 0.028000 0.020000
0 0.735500 0.518000 0.021000 0.020000
0 0.563500 0.290000 0.016000 0.020000
0 0.285000 0.750500 0.013000 0.013000
0 0.528000 0.546500 0.011000 0.011000
0 0.308000 0.772000 0.016000 0.014000
0 0.276500 0.381000 0.026000 0.035000
0 0.585500 0.396000 0.015000 0.013000
0 0.433000 0.883500 0.022000 0.020000
0 0.371500 0.593500 0.022000 0.023000
0 0.652000 0.406500 0.017000 0.016000
0 0.591000 0.411000 0.017000 0.014000
0 0.371500 0.887500 0.011000 0.011000
0 0.306500 0.539500 0.020000 0.020000
0 0.257000 0.789000 0.025000 0.023000
0 0.470500 0.660500 0.025000 0.024000
0 0.826000 0.753500 0.019000 0.016000
0 0.532500 0.479500 0.027000 0.025000
0 0.386500 0.876000 0.011000 0.013000
0 0.482000 0.503000 0.009000 0.016000
0 0.209000 0.527000 0.011000 0.012000
0 0.567500 0.598000 0.021000 0.029000
0 0.507500 0.088000 0.028000 0.019000
0 0.187000 0.512000 0.013000 0.014000
0 0.446000 0.310500 0.015000 0.015000
0 0.171000 0.519000 0.020000 0.021000
0 0.446000 0.347000 0.027000 0.030000
0 0.500500 0.414500 0.014000 0.013000
0 0.485500 0.758500 0.013000 0.012000
0 0.570000 0.408000 0.017000 0.018000
0 0.538000 0.470000 0.028000 0.023000
0 0.582500 0.377000 0.014000 0.011000
0 0.488500 0.205500 0.025000 0.025000
0 0.493500 0.499000 0.028000 0.026000
0 0.880500 0.663500 0.024000 0.028000
0 0.739500 0.365000 0.014000 0.014000
0 0.787500 0.672000 0.020000 0.028000
0 0.371000 0.156000 0.024000 0.025000
0 0.358500 0.552500 0.026000 0.019000
0 0.229500 0.700000 0.017000 0.017000
0 0.236500 0.381000 0.028000 0.020000
0 0.604500 0.552500 0.021000 0.020000
0 0.566000 0.617500 0.028000 0.026000
0 0.655500 0.149000 0.014000 0.014000
0 0.776500 0.347500 0.026000 0.030000
0 0.519500 0.537500 0.024000 0.024000
0 0.564000 0.450500 0.024000 0.019000
0 0.814500 0.772000 0.012000 0.011000
0 0.442000 0.649500 0.013000 0.014000
0 0.097500 0.532000 0.010000 0.009000
0 0.640500 0.440500 0.012000 0.020000
0 0.496500 0.359000 0.019000 0.021000
0 0.664000 0.491500 0.017000 0.014000
0 0.369500 0.861500 0.026000 0.034000
0 0.486500 0.677750 0.016000 0.023500
0 0.533000 0.242500 0.012000 0.009000
0 0.448000 0.504000 0.028000 0.021000
0 0.432000 0.396000 0.028000 0.035000
0 0.625000 0.499500 0.014000 0.015000
0 0.504500 0.534500 0.027000 0.019000
0 0.334000 0.635500 0.023000 0.026000
0 0.370500 0.288000 0.027000 0.030000
0 0.577500 0.178500 0.031000 0.022000
0 0.213000 0.444500 0.022000 0.021000
0 0.521500 0.594000 0.025000 0.025000
0 0.549500 0.876500 0.013000 0.010000
0 0.399000 0.662500 0.029000 0.023000
0 0.577000 0.545500 0.013000 0.013000
0 0.424000 0.151500 0.026000 0.023000
0 0.317000 0.615500 0.010000 0.009000
0 0.774500 0.302500 0.018000 0.015000
0 0.600500 0.294000 0.020000 0.023000
0 0.225000 0.380000 0.027000 0.023000
0 0.888000 0.563000 0.023000 0.022000
0 0.450500 0.732500 0.017000 0.025000
0 0.449500 0.361500 0.019000 0.017000
0 0.442000 0.450500 0.024000 0.027000
0 0.168500 0.539000 0.012000 0.016000
0 0.880500 0.514000 0.018000 0.025000
0 0.680000 0.221500 0.025000 0.023000
0 0.432000 0.317000 0.034000 0.028000
0 0.315500 0.457500 0.021000 0.027000
0 0.350500 0.507500 0.025000 0.022000
0 0.349500 0.165500 0.022000 0.022000
0 0.609500 0.228500 0.021000 0.025000
0 0.408500 0.499000 0.015000 0.014000
0 0.562500 0.515000 0.031000 0.031000
0 0.655500 0.317000 0.018000 0.018000
0 0.627500 0.805500 0.019000 0.024000
0 0.646500 0.381500 0.015000 0.016000
0 0.633250 0.567000 0.023500 0.021000
0 0.442000 0.471500 0.026000 0.024000
0 0.215500 0.707500 0.028000 0.031000
0 0.285500 0.797000 0.019000 0.023000
0 0.499000 0.249500 0.024000 0.018000
0 0.828500 0.621000 0.021000 0.016000
0 0.443000 0.621500 0.027000 0.024000
0 0.608500 0.403000 0.021000 0.030000
0 0.654500 0.549500 0.021000 0.022000
0 0.409500 0.695000 0.015000 0.017000
0 0.742500 0.721500 0.019000 0.025000
0 0.697000 0.448000 0.015000 0.012000
0 0.451000 0.867000 0.024000 0.022000
0 0.499000 0.534000 0.024000 0.023000
0 0.512500 0.399000 0.019000 0.019000
0 0.599000 0.415250 0.017000 0.017500
0 0.670500 0.289500 0.023000 0.019000
0 0.648000 0.248500 0.018000 0.017000
0 0.438000 0.709000 0.021000 0.018000
0 0.563500 0.632500 0.018000 0.019000
0 0.398500 0.383500 0.028000 0.026000
0 0.494500 0.274000 0.019000 0.020000
0 0.480500 0.353000 0.018000 0.018000
0 0.895000 0.634000 0.017000 0.014000
0 0.305500 0.411500 0.017000 0.022000
0 0.569500 0.581000 0.020000 0.015000
0 0.189000 0.299500 0.023000 0.030000
0 0.188000 0.604500 0.032000 0.029000
0 0.486000 0.526000 0.018000 0.021000
0 0.154500 0.471500 0.013000 0.013000
0 0.510000 0.519500 0.017000 0.016000
0 0.639000 0.828000 0.026000 0.029000
0 0.831500 0.416000 0.014000 0.012000
0 0.483000 0.485500 0.018000 0.019000
0 0.691500 0.468500 0.024000 0.024000
0 0.468000 0.095000 0.012000 0.013000
0 0.460000 0.301500 0.019000 0.022000
0 0.453500 0.523000 0.021000 0.023000
0 0.555000 0.585000 0.030000 0.024000
0 0.523000 0.616000 0.025000 0.026000
0 0.811000 0.460000 0.024000 0.024000
0 0.303000 0.807500 0.015000 0.015000
0 0.562000 0.498500 0.017000 0.013000
0 0.348500 0.469500 0.011000 0.016000
0 0.145500 0.430000 0.028000 0.029000
0 0.866000 0.557500 0.024000 0.020000
0 0.631000 0.815000 0.022000 0.023000
0 0.804000 0.496000 0.027000 0.026000
0 0.496000 0.501500 0.028000 0.020000
0 0.660000 0.357000 0.014000 0.019000
0 0.192500 0.280500 0.025000 0.022000
0 0.390500 0.165000 0.018000 0.019000
0 0.500500 0.715500 0.022000 0.015000
0 0.386750 0.599000 0.014500 0.014000
0 0.290500 0.330500 0.023000 0.020000
0 0.588000 0.438000 0.021000 0.022000
0 0.260500 0.486000 0.024000 0.013000
0 0.606000 0.831500 0.028000 0.023000
0 0.628500 0.866500 0.028000 0.020000
0 0.179000 0.519500 0.028000 0.026000
0 0.519500 0.133500 0.021000 0.018000
0 0.437500 0.649500 0.016000 0.015000
0 0.233500 0.667500 0.018000 0.020000
0 0.720500 0.498000 0.017000 0.021000
0 0.366500 0.497500 0.020000 0.020000
0 0.269000 0.598500 0.016000 0.009000
0 0.250000 0.705000 0.015000 0.012000
0 0.330000 0.242500 0.016000 0.019000
0 0.356500 0.210500 0.023000 0.019000
0 0.603500 0.858500 0.016000 0.013000
0 0.642500 0.659000 0.024000 0.022000
0 0.652000 0.158000 0.013000 0.012000
0 0.381500 0.629000 0.025000 0.028000
0 0.263000 0.527000 0.024000 0.019000
0 0.295500 0.360000 0.027000 0.020000
0 0.539500 0.641000 0.025000 0.025000
0 0.807500 0.628000 0.019000 0.015000
0 0.297500 0.197000 0.023000 0.021000
0 0.646000 0.214500 0.021000 0.020000
0 0.436500 0.502500 0.008000 0.008000
0 0.254000 0.451000 0.011000 0.008000
0 0.400000 0.673000 0.018000 0.017000
0 0.559500 0.529000 0.019000 0.025000
0 0.520500 0.233000 0.028000 0.019000
0 0.336500 0.510000 0.019000 0.019000
0 0.549500 0.892000 0.017000 0.017000
0 0.551000 0.390000 0.014000 0.015000
0 0.339500 0.412000 0.012000 0.015000
0 0.633500 0.854000 0.020000 0.015000
0 0.587000 0.421500 0.027000 0.021000
0 0.622000 0.350000 0.023000 0.021000
0 0.702000 0.457500 0.016000 0.019000
0 0.702000 0.351000 0.012000 0.012000
0 0.501000 0.368000 0.017000 0.017000
0 0.507000 0.446000 0.020000 0.024000
0 0.728000 0.618000 0.013000 0.012000
0 0.530000 0.554000 0.018000 0.020000
0 0.460500 0.109500 0.018000 0.018000
0 0.599500 0.353500 0.012000 0.013000
0 0.441500 0.536000 0.033000 0.032000
0 0.645000 0.577500 0.016000 0.016000
0 0.647500 0.277500 0.022000 0.021000
0 0.382000 0.886500 0.013000 0.013000
0 0.547500 0.450000 0.025000 0.029000
0 0.379000 0.843000 0.016000 0.020000
0 0.267000 0.692750 0.018000 0.023500
0 0.741500 0.184000 0.016000 0.016000
0 0.449000 0.542000 0.033000 0.031000
0 0.274000 0.617500 0.015000 0.011000
0 0.535500 0.462000 0.017000 0.018000
0 0.588500 0.251000 0.011000 0.013000
0 0.794500 0.467000 0.020000 0.019000
0 0.727500 0.551500 0.028000 0.018000
0 0.363500 0.561000 0.016000 0.011000
0 0.580500 0.696500 0.015000 0.015000
0 0.460000 0.494500 0.018000 0.017000
0 0.860500 0.373500 0.022000 0.022000
0 0.646500 0.334500 0.012000 0.018000
0 0.233500 0.597500 0.011000 0.015000
0 0.250000 0.296000 0.020000 0.021000
0 0.329000 0.804000 0.018000 0.018000
0 0.471500 0.324500 0.021000 0.022000
0 0.310000 0.342000 0.020000 0.013000
0 0.580500 0.147500 0.028000 0.024000
0 0.513500 0.898000 0.014000 0.011000
0 0.510000 0.347000 0.021000 0.021000
0 0.646500 0.565500 0.013000 0.015000
0 0.520000 0.746000 0.015000 0.013000
0 0.430750 0.785000 0.014500 0.013000
0 0.233500 0.793500 0.017000 0.020000
0 0.312000 0.564000 0.015000 0.024000
0 0.302500 0.847500 0.014000 0.015000
0 0.244000 0.524000 0.022000 0.024000
0 0.807000 0.350000 0.015000 0.013000
0 0.900000 0.410000 0.032000 0.034000
0 0.636000 0.552500 0.016000 0.016000
0 0.256500 0.345000 0.031000 0.030000
0 0.200000 0.711500 0.018000 0.021000
0 0.600000 0.668500 0.022000 0.016000
0 0.761500 0.303500 0.021000 0.014000
0 0.572500 0.712500 0.024000 0.023000
0 0.313000 0.405000 0.019000 0.018000
0 0.696500 0.596500 0.025000 0.025000
0 0.632500 0.251500 0.017000 0.023000
0 0.461000 0.357500 0.016000 0.018000
0 0.315000 0.582000 0.030000 0.030000
0 0.710000 0.606000 0.025000 0.024000
0 0.173500 0.371500 0.016000 0.016000
0 0.523500 0.529500 0.018000 0.017000
0 0.502000 0.599000 0.011000 0.011000
0 0.319000 0.174000 0.032000 0.025000
0 0.679500 0.444500 0.024000 0.029000
0 0.495000 0.615500 0.012000 0.011000
0 0.319500 0.625500 0.034000 0.032000
0 0.641000 0.814000 0.025000 0.020000
0 0.415000 0.742000 0.031000 0.031000
0 0.628000 0.664000 0.021000 0.024000
0 0.673500 0.634500 0.018000 0.019000
0 0.529000 0.684500 0.012000 0.016000
0 0.502500 0.669500 0.019000 0.016000
0 0.727000 0.220000 0.011000 0.015000
0 0.329000 0.580000 0.029000 0.031000
0 0.126500 0.643500 0.019000 0.014000
0 0.229000 0.812000 0.014000 0.010000
0 0.802750 0.728000 0.014500 0.012000
0 0.732000 0.418000 0.012000 0.012000
0 0.360500 0.541500 0.016000 0.012000
0 0.256500 0.571500 0.011000 0.012000
0 0.660500 0.797000 0.023000 0.023000
0 0.540000 0.370500 0.027000 0.021000
0 0.380500 0.574000 0.026000 0.021000
0 0.389000 0.207500 0.020000 0.016000
0 0.147000 0.650000 0.013000 0.012000
0 0.384000 0.769000 0.020000 0.020000
0 0.607500 0.864750 0.018000 0.026500
0 0.420500 0.855000 0.013000 0.018000
0 0.203000 0.486000 0.017000 0.017000
0 0.355000 0.657500 0.013000 0.017000
0 0.166000 0.675500 0.015000 0.015000
0 0.625500 0.560500 0.025000 0.021000
0 0.181000 0.415000 0.017000 0.016000
0 0.765000 0.272500 0.017000 0.022000
0 0.593000 0.334500 0.014000 0.011000
0 0.523500 0.631500 0.016000 0.015000
0 0.474500 0.608000 0.012000 0.011000
0 0.529500 0.140000 0.015000 0.016000
0 0.650500 0.818000 0.032000 0.036000
0 0.305000 0.637500 0.018000 0.014000
0 0.337000 0.690000 0.025000 0.033000
0 0.477000 0.445750 0.013000 0.017500
0 0.689500 0.559250 0.015000 0.020500
0 0.259000 0.668500 0.017000 0.021000
0 0.398500 0.237500 0.016000 0.017000
0 0.496500 0.481000 0.016000 0.017000
0 0.513000 0.339000 0.015000 0.010000
0 0.526500 0.319000 0.025000 0.027000
0 0.576000 0.840500 0.016000 0.015000
0 0.115000 0.584500 0.019000 0.020000
0 0.589000 0.556000 0.016000 0.012000
0 0.867500 0.308500 0.022000 0.023000
0 0.372500 0.530750 0.012000 0.014500
0 0.767500 0.508500 0.026000 0.026000
0 0.269000 0.744500 0.018000 0.020000
0 0.354500 0.129000 0.024000 0.033000
0 0.590500 0.291500 0.029000 0.024000
0 0.808250 0.324750 0.021500 0.021500
0 0.417500 0.492000 0.025000 0.019000
0 0.461500 0.721500 0.017000 0.016000
0 0.432500 0.434500 0.013000 0.014000
0 0.252500 0.721000 0.025000 0.032000
0 0.790500 0.574000 0.018000 0.017000
0 0.380500 0.500500 0.019000 0.018000
0 0.714500 0.554500 0.024000 0.031000
0 0.479500 0.515000 0.014000 0.011000
0 0.421000 0.533500 0.024000 0.023000
0 0.423000 0.783500 0.020000 0.015000
0 0.505500 0.454000 0.027000 0.034000
0 0.348500 0.567000 0.018000 0.019000
0 0.815000 0.389500 0.013000 0.013000
0 0.448000 0.699500 0.016000 0.017000
0 0.814500 0.538000 0.020000 0.022000
0 0.801500 0.654000 0.014000 0.013000
0 0.415500 0.563500 0.022000 0.028000
0 0.573250 0.508500 0.029500 0.021000
0 0.496000 0.577000 0.030000 0.021000
0 0.168500 0.269000 0.022000 0.030000
0 0.404500 0.542500 0.017000 0.017000
0 0.190000 0.326000 0.015000 0.014000
0 0.753500 0.294500 0.026000 0.031000
0 0.577000 0.737000 0.014000 0.014000
0 0.583500 0.411000 0.024000 0.024000
0 0.261500 0.212500 0.021000 0.024000
0 0.624000 0.833500 0.016000 0.020000
0 0.196000 0.740500 0.027000 0.020000
0 0.261000 0.336000 0.022000 0.022000
0 0.276500 0.278250 0.014000 0.020500
0 0.467500 0.633000 0.020000 0.021000
0 0.537500 0.451500 0.022000 0.017000
0 0.464000 0.246000 0.023000 0.024000
0 0.150500 0.424000 0.022000 0.016000
0 0.634500 0.461000 0.018000 0.023000
0 0.399000 0.485000 0.028000 0.028000
0 0.198000 0.468500 0.027000 0.020000
0 0.851000 0.606000 0.020000 0.023000
0 0.289000 0.175500 0.014000 0.012000
0 0.139000 0.505000 0.018000 0.019000
0 0.715000 0.317000 0.016000 0.016000
0 0.863000 0.385000 0.017000 0.016000
0 0.682250 0.799000 0.017500 0.013000
0 0.330500 0.505500 0.013000 0.013000
0 0.731500 0.236000 0.033000 0.033000
0 0.403500 0.270000 0.011000 0.009000
0 0.575500 0.357000 0.021000 0.015000
0 0.429500 0.683000 0.019000 0.020000
0 0.741500 0.481500 0.018000 0.018000
0 0.415000 0.261000 0.019000 0.017000
0 0.464000 0.644500 0.021000 0.021000
0 0.523500 0.112000 0.022000 0.020000
0 0.502500 0.114000 0.018000 0.019000
0 0.443000 0.493000 0.021000 0.020000
0 0.419500 0.732000 0.025000 0.028000
0 0.197500 0.257500 0.012000 0.011000
0 0.106500 0.593000 0.022000 0.018000
0 0.582000 0.257750 0.025000 0.029500
0 0.083000 0.531000 0.027000 0.023000
0 0.235500 0.675000 0.018000 0.017000
0 0.100500 0.406000 0.025000 0.025000
0 0.392000 0.458500 0.009000 0.009000
0 0.465500 0.531000 0.015000 0.018000
0 0.600500 0.493500 0.017000 0.013000
0 0.688000 0.747000 0.013000 0.010000
0 0.328000 0.347000 0.016000 0.015000
0 0.320500 0.606500 0.015000 0.015000
0 0.481000 0.634750 0.010000 0.014500
0 0.542500 0.341000 0.017000 0.016000
0 0.234000 0.496000 0.018000 0.021000
0 0.237000 0.514500 0.034000 0.033000
0 0.250000 0.492500 0.018000 0.020000
0 0.422500 0.475000 0.016000 0.012000
0 0.575500 0.108000 0.027000 0.029000
0 0.477500 0.500000 0.016000 0.015000
0 0.545500 0.473000 0.009000 0.009000
0 0.396000 0.598500 0.022000 0.023000
0 0.430000 0.259000 0.012000 0.010000
0 0.175000 0.752000 0.015000 0.012000
0 0.274000 0.548500 0.032000 0.027000
0 0.591500 0.238250 0.017000 0.020500
0 0.593500 0.761000 0.028000 0.020000
0 0.429000 0.490500 0.018000 0.019000
0 0.473000 0.490500 0.017000 0.015000
0 0.521000 0.094000 0.015000 0.012000
0 0.390500 0.359000 0.017000 0.016000
0 0.372000 0.192000 0.017000 0.017000
0 0.411500 0.419000 0.033000 0.033000
0 0.540000 0.268500 0.022000 0.025000
0 0.633000 0.749000 0.028000 0.023000
0 0.532500 0.520000 0.022000 0.029000
0 0.087000 0.570500 0.014000 0.013000
0 0.657000 0.711000 0.012000 0.012000
0 0.273000 0.788500 0.015000 0.017000
0 0.334000 0.552000 0.028000 0.024000
0 0.681000 0.827500 0.014000 0.023000
0 0.506500 0.734500 0.017000 0.016000
0 0.644500 0.134000 0.010000 0.014000
0 0.301000 0.856500 0.025000 0.025000
0 0.564000 0.542500 0.030000 0.029000
0 0.478500 0.762000 0.014000 0.012000
0 0.248500 0.331500 0.023000 0.021000
0 0.747000 0.230500 0.026000 0.018000
0 0.235000 0.454500 0.014000 0.014000
0 0.524000 0.827000 0.015000 0.013000