0 0.693000 0.690000 0.022000 0.024000
0 0.689000 0.483500 0.018000 0.017000
0 0.691000 0.375500 0.024000 0.027000
0 0.508500 0.494000 0.018000 0.022000
0 0.265500 0.412500 0.010000 0.009000
0 0.737000 0.555000 0.034000 0.025000
0 0.443000 0.203500 0.030000 0.034000
0 0.432000 0.695500 0.016000 0.013000
0 0.689000 0.441500 0.012000 0.014000
0 0.514000 0.474000 0.014000 0.013000
0 0.523500 0.791500 0.029000 0.023000
0 0.405500 0.778000 0.015000 0.015000
0 0.906500 0.487500 0.020000 0.016000
0 0.335000 0.405000 0.012000 0.016000
0 0.663000 0.244500 0.016000 0.017000
0 0.596000 0.440000 0.025000 0.030000
0 0.606000 0.466000 0.017000 0.022000
0 0.463000 0.635500 0.022000 0.023000
0 0.604500 0.109000 0.032000 0.028000
0 0.728000 0.499000 0.018000 0.018000
0 0.515000 0.893500 0.028000 0.028000
0 0.159000 0.595500 0.030000 0.030000
0 0.629000 0.797500 0.019000 0.025000
0 0.553000 0.252000 0.015000 0.016000
0 0.781500 0.290000 0.019000 0.016000
0 0.338500 0.187000 0.026000 0.025000
0 0.476500 0.526500 0.021000 0.022000
0 0.506000 0.599500 0.012000 0.014000
0 0.347000 0.344000 0.014000 0.011000
0 0.175000 0.669000 0.033000 0.029000
0 0.514000 0.675000 0.010000 0.011000
0 0.446500 0.857500 0.020000 0.024000
0 0.679000 0.561500 0.025000 0.018000
0 0.613500 0.634000 0.018000 0.019000
0 0.500500 0.466500 0.013000 0.013000
0 0.360500 0.466500 0.032000 0.032000
0 0.707500 0.665000 0.018000 0.015000
0 0.526500 0.453500 0.015000 0.013000
0 0.534000 0.260500 0.014000 0.014000
0 0.858000 0.703500 0.019000 0.018000
0 0.908000 0.520500 0.009000 0.011000
0 0.532500 0.435000 0.019000 0.023000
0 0.455000 0.814000 0.010000 0.019000
0 0.495000 0.352500 0.014000 0.016000
0 0.588000 0.249500 0.026000 0.016000
0 0.513000 0.537000 0.016000 0.017000
0 0.504000 0.292500 0.020000 0.021000
0 0.256500 0.562500 0.026000 0.023000
0 0.470500 0.507000 0.027000 0.024000
0 0.491500 0.505000 0.016000 0.015000
0 0.690000 0.272000 0.023000 0.023000
0 0.532000 0.181000 0.018000 0.024000
0 0.379000 0.347500 0.021000 0.022000
0 0.528500 0.461500 0.023000 0.033000
0 0.797000 0.536500 0.021000 0.022000
0 0.532000 0.503000 0.024000 0.023000
0 0.567500 0.405500 0.015000 0.012000
0 0.296500 0.705500 0.012000 0.011000
0 0.311000 0.375000 0.018000 0.022000
0 0.285500 0.798000 0.022000 0.020000
0 0.375000 0.230000 0.011000 0.009000
0 0.495000 0.639000 0.025000 0.024000
0 0.505000 0.672000 0.025000 0.024000
0 0.354500 0.411500 0.009000 0.009000
0 0.646500 0.386500 0.017000 0.017000
0 0.621500 0.610000 0.022000 0.017000
0 0.796500 0.420000 0.022000 0.022000
0 0.489250 0.491000 0.023500 0.016000
0 0.742000 0.818500 0.019000 0.018000
0 0.703000 0.802500 0.018000 0.020000
0 0.490000 0.542500 0.029000 0.024000
0 0.405000 0.311000 0.016000 0.018000
0 0.487000 0.440000 0.021000 0.025000
0 0.340500 0.541000 0.021000 0.020000
0 0.447000 0.424000 0.034000 0.033000
0 0.413000 0.666000 0.014000 0.012000
0 0.860500 0.501500 0.017000 0.018000
0 0.496000 0.544000 0.028000 0.025000
0 0.740500 0.705000 0.015000 0.017000
0 0.380500 0.119000 0.014000 0.014000
0 0.834500 0.696500 0.013000 0.013000
0 0.178500 0.349500 0.023000 0.019000
0 0.730000 0.518000 0.011000 0.012000
0 0.256000 0.780500 0.021000 0.018000
0 0.524000 0.439500 0.024000 0.021000
0 0.448500 0.154500 0.033000 0.027000
0 0.666500 0.536500 0.017000 0.014000
0 0.296500 0.744000 0.019000 0.018000
0 0.504000 0.499000 0.015000 0.016000
0 0.503500 0.544500 0.028000 0.022000
0 0.413000 0.430500 0.019000 0.014000
0 0.283000 0.635000 0.034000 0.034000
0 0.224500 0.688000 0.015000 0.014000
0 0.223750 0.815000 0.014500 0.010000
0 0.490000 0.502000 0.022000 0.024000
0 0.576500 0.585000 0.018000 0.018000
0 0.224500 0.440000 0.012000 0.015000
0 0.545000 0.877000 0.025000 0.019000
0 0.811500 0.619500 0.019000 0.019000
0 0.790000 0.436000 0.014000 0.015000
0 0.641000 0.694500 0.015000 0.013000
0 0.480500 0.404500 0.015000 0.019000
0 0.677000 0.283500 0.024000 0.024000
0 0.561500 0.460500 0.020000 0.021000
0 0.601000 0.229000 0.017000 0.016000
0 0.498000 0.501750 0.009000 0.011500
0 0.621000 0.401000 0.022000 0.019000
0 0.879000 0.476000 0.014000 0.012000
0 0.676000 0.304000 0.017000 0.013000
0 0.691000 0.845500 0.012000 0.012000
0 0.575000 0.399500 0.015000 0.015000
0 0.413000 0.446500 0.014000 0.013000
0 0.826000 0.378500 0.025000 0.019000
0 0.513500 0.512500 0.036000 0.025000
0 0.167500 0.445000 0.019000 0.012000
0 0.417000 0.533000 0.031000 0.027000
0 0.332500 0.615500 0.011000 0.012000
0 0.448000 0.588500 0.032000 0.028000
0 0.347500 0.282500 0.012000 0.020000
0 0.497500 0.466500 0.020000 0.021000
0 0.904500 0.549000 0.024000 0.023000
0 0.118500 0.577500 0.020000 0.017000
0 0.617000 0.431000 0.031000 0.023000
0 0.553000 0.383500 0.031000 0.029000
0 0.519500 0.491500 0.026000 0.022000
0 0.715500 0.656000 0.018000 0.013000
0 0.331500 0.512000 0.010000 0.010000
0 0.829500 0.690500 0.018000 0.016000
0 0.324000 0.466500 0.024000 0.020000
0 0.580500 0.572500 0.031000 0.029000
0 0.631000 0.287000 0.029000 0.026000
0 0.659500 0.790500 0.021000 0.015000
0 0.606000 0.446000 0.032000 0.023000
0 0.817500 0.478000 0.024000 0.029000
0 0.413500 0.822500 0.030000 0.022000
0 0.723500 0.200000 0.017000 0.016000
0 0.309000 0.513500 0.013000 0.014000
0 0.489000 0.643500 0.012000 0.008000
0 0.539000 0.398000 0.010000 0.014000
0 0.328000 0.252500 0.018000 0.018000
0 0.448500 0.373500 0.027000 0.017000
0 0.477000 0.392000 0.026000 0.022000
0 0.734500 0.822500 0.025000 0.015000
0 0.468500 0.492000 0.023000 0.024000
0 0.877000 0.485000 0.022000 0.025000
0 0.356500 0.418000 0.017000 0.025000
0 0.580500 0.483000 0.023000 0.029000
0 0.525000 0.411000 0.011000 0.015000
0 0.500500 0.514750 0.012000 0.017500
0 0.572500 0.575000 0.018000 0.019000
0 0.495000 0.566500 0.025000 0.018000
0 0.560500 0.264500 0.015000 0.018000
0 0.618000 0.350000 0.015000 0.012000
0 0.516500 0.453000 0.011000 0.012000
0 0.245000 0.725000 0.023000 0.020000
0 0.363000 0.402500 0.023000 0.022000
0 0.696500 0.247500 0.019000 0.028000
0 0.257500 0.538000 0.029000 0.032000
0 0.201000 0.508500 0.020000 0.021000
0 0.546500 0.490000 0.025000 0.020000
0 0.275000 0.465000 0.011000 0.015000
0 0.874000 0.419000 0.029000 0.024000
0 0.627000 0.170500 0.032000 0.019000
0 0.546500 0.564500 0.035000 0.034000
0 0.466000 0.455000 0.028000 0.028000
0 0.223500 0.464000 0.020000 0.017000
0 0.815000 0.772500 0.019000 0.019000
0 0.605000 0.571000 0.034000 0.030000
0 0.426500 0.872500 0.025000 0.025000
0 0.422500 0.774000 0.022000 0.015000
0 0.427500 0.442500 0.017000 0.018000
0 0.561000 0.657000 0.030000 0.033000
0 0.473500 0.600500 0.019000 0.019000
0 0.785000 0.453500 0.010000 0.013000
0 0.739500 0.462500 0.012000 0.013000
0 0.263750 0.512250 0.020500 0.021500
0 0.452500 0.086500 0.030000 0.028000
0 0.426500 0.826000 0.032000 0.023000
0 0.809500 0.752000 0.024000 0.024000
0 0.579000 0.245000 0.014000 0.014000
0 0.613000 0.152500 0.026000 0.027000
0 0.469000 0.340000 0.024000 0.016000
0 0.565500 0.375500 0.028000 0.027000
0 0.465000 0.279000 0.015000 0.014000
0 0.307000 0.772000 0.017000 0.012000
0 0.746500 0.475500 0.019000 0.016000
0 0.321500 0.752500 0.018000 0.030000
0 0.616500 0.815500 0.024000 0.024000
0 0.506500 0.228500 0.025000 0.025000
0 0.212500 0.801500 0.019000 0.024000
0 0.597500 0.509500 0.019000 0.017000
0 0.375500 0.619500 0.016000 0.015000
0 0.806000 0.349000 0.014000 0.014000
0 0.604500 0.245500 0.023000 0.020000
0 0.415000 0.152500 0.013000 0.010000
0 0.448250 0.545500 0.026500 0.018000
0 0.248500 0.297500 0.020000 0.020000
0 0.650000 0.327000 0.025000 0.026000
0 0.473500 0.585500 0.019000 0.027000
0 0.266500 0.469000 0.024000 0.025000
0 0.401500 0.300000 0.018000 0.015000
0 0.785500 0.471500 0.021000 0.017000
0 0.559000 0.252000 0.019000 0.016000
0 0.456000 0.641500 0.024000 0.027000
0 0.618000 0.464500 0.020000 0.020000
0 0.398500 0.599500 0.027000 0.022000
0 0.560500 0.530000 0.018000 0.022000
0 0.517000 0.793500 0.014000 0.013000
0 0.226500 0.436500 0.013000 0.014000
0 0.499000 0.247500 0.026000 0.026000
0 0.497500 0.488000 0.029000 0.034000
0 0.478000 0.547000 0.023000 0.021000
0 0.271500 0.581000 0.013000 0.009000
0 0.333500 0.419000 0.013000 0.015000
0 0.523500 0.478500 0.023000 0.022000
0 0.580500 0.791000 0.018000 0.020000
0 0.370000 0.251000 0.020000 0.030000
0 0.267000 0.740000 0.012000 0.018000
0 0.710500 0.357500 0.024000 0.022000
0 0.811500 0.570000 0.015000 0.013000
0 0.320500 0.487000 0.011000 0.014000
0 0.520000 0.579000 0.025000 0.025000
0 0.450500 0.437500 0.017000 0.012000
0 0.293000 0.485500 0.023000 0.014000
0 0.846500 0.303000 0.031000 0.025000
0 0.482750 0.542500 0.011500 0.010000
0 0.725000 0.673000 0.024000 0.027000
0 0.500500 0.663000 0.024000 0.019000
0 0.643000 0.314500 0.030000 0.021000
0 0.700500 0.192500 0.015000 0.016000
0 0.457500 0.517500 0.024000 0.027000
0 0.507000 0.570500 0.024000 0.024000
0 0.721500 0.143000 0.019000 0.026000
0 0.648000 0.516500 0.031000 0.029000
0 0.497500 0.440000 0.018000 0.018000
0 0.493000 0.335000 0.030000 0.028000
0 0.260500 0.654500 0.021000 0.028000
0 0.802000 0.316000 0.020000 0.019000
0 0.596500 0.360000 0.018000 0.017000
0 0.481500 0.700000 0.013000 0.021000
0 0.206000 0.243000 0.014000 0.020000
0 0.433500 0.679000 0.019000 0.021000
0 0.470500 0.893000 0.016000 0.016000
0 0.476000 0.480500 0.022000 0.020000
0 0.256500 0.497500 0.017000 0.013000
0 0.324000 0.600500 0.021000 0.017000
0 0.240000 0.795000 0.026000 0.027000
0 0.394500 0.524000 0.014000 0.015000
0 0.536000 0.137000 0.015000 0.016000
0 0.698500 0.656000 0.025000 0.020000
0 0.425000 0.507000 0.017000 0.021000
0 0.538000 0.492000 0.022000 0.021000
0 0.852500 0.394500 0.011000 0.012000
0 0.554500 0.669000 0.028000 0.020000
0 0.234000 0.720000 0.022000 0.019000
0 0.647500 0.449000 0.030000 0.032000
0 0.528500 0.734500 0.023000 0.025000
0 0.537500 0.337000 0.014000 0.024000
0 0.442000 0.227000 0.023000 0.027000
0 0.311500 0.383500 0.014000 0.010000
0 0.576000 0.638000 0.009000 0.013000
0 0.566000 0.480000 0.015000 0.013000
0 0.153000 0.469500 0.022000 0.025000
0 0.217000 0.190500 0.019000 0.018000
0 0.230500 0.666500 0.012000 0.016000
0 0.696000 0.405500 0.020000 0.021000
0 0.402500 0.550000 0.020000 0.019000
0 0.398500 0.276000 0.012000 0.011000
0 0.628000 0.376000 0.023000 0.020000
0 0.468000 0.545000 0.025000 0.026000
0 0.514500 0.549000 0.016000 0.020000
0 0.314000 0.654500 0.022000 0.020000
0 0.674500 0.525000 0.027000 0.022000
0 0.656000 0.433000 0.025000 0.024000
0 0.647000 0.108500 0.031000 0.028000
0 0.099000 0.386500 0.013000 0.010000
0 0.721000 0.614500 0.022000 0.029000
0 0.408000 0.191500 0.024000 0.022000
0 0.518000 0.446000 0.015000 0.016000
0 0.622500 0.784500 0.022000 0.018000
0 0.645500 0.644500 0.035000 0.032000
0 0.613000 0.615250 0.013000 0.017500
0 0.483000 0.575000 0.019000 0.018000
0 0.587000 0.448000 0.022000 0.022000
0 0.493500 0.492500 0.017000 0.017000
0 0.544500 0.274500 0.019000 0.017000
0 0.473500 0.476500 0.013000 0.013000
0 0.638000 0.573750 0.016000 0.023500
0 0.530000 0.369000 0.012000 0.010000
0 0.544500 0.218500 0.021000 0.020000
0 0.539500 0.455500 0.023000 0.019000
0 0.393500 0.678000 0.016000 0.014000
0 0.392000 0.441500 0.017000 0.018000
0 0.410000 0.582000 0.032000 0.025000
0 0.715500 0.571500 0.023000 0.018000
0 0.246000 0.231500 0.014000 0.013000
0 0.629000 0.758000 0.010000 0.011000
0 0.850500 0.318500 0.025000 0.023000
0 0.656000 0.468500 0.018000 0.018000
0 0.316500 0.459500 0.020000 0.019000
0 0.488000 0.747000 0.019000 0.024000
0 0.525000 0.633000 0.024000 0.021000
0 0.463500 0.743000 0.019000 0.015000
0 0.630000 0.107000 0.023000 0.021000
0 0.582000 0.396500 0.019000 0.023000
0 0.677500 0.753000 0.021000 0.028000
0 0.516500 0.361000 0.024000 0.035000
0 0.739000 0.446000 0.018000 0.018000
0 0.881500 0.399000 0.019000 0.024000
0 0.547500 0.317000 0.014000 0.013000
0 0.345500 0.671000 0.019000 0.021000
0 0.409500 0.157000 0.023000 0.023000
0 0.480500 0.296750 0.020000 0.029500
0 0.716500 0.696500 0.024000 0.024000
0 0.142500 0.389000 0.014000 0.013000
0 0.487000 0.726500 0.035000 0.027000
0 0.305500 0.326500 0.017000 0.013000
0 0.588000 0.684000 0.013000 0.018000
0 0.767000 0.427500 0.016000 0.019000
0 0.519000 0.292000 0.029000 0.029000
0 0.525000 0.664000 0.025000 0.024000
0 0.251000 0.570000 0.019000 0.020000
0 0.464000 0.573500 0.032000 0.033000
0 0.885500 0.436500 0.024000 0.024000
0 0.164500 0.414500 0.019000 0.019000
0 0.291500 0.171500 0.027000 0.027000
0 0.457500 0.324000 0.018000 0.016000
0 0.395000 0.631000 0.014000 0.015000
0 0.189000 0.248000 0.028000 0.029000
0 0.499000 0.449000 0.028000 0.030000
0 0.501500 0.277000 0.022000 0.028000
0 0.343750 0.157750 0.027500 0.026500
0 0.800000 0.232500 0.025000 0.018000
0 0.756500 0.775000 0.023000 0.029000
0 0.705500 0.687000 0.028000 0.025000
0 0.894000 0.567500 0.021000 0.018000
0 0.416500 0.267500 0.018000 0.014000
0 0.344500 0.704500 0.018000 0.016000
0 0.492500 0.684000 0.012000 0.011000
0 0.734000 0.584000 0.024000 0.030000
0 0.429500 0.752500 0.021000 0.022000
0 0.478000 0.512000 0.029000 0.022000
0 0.530000 0.417000 0.031000 0.028000
0 0.724500 0.443000 0.018000 0.014000
0 0.609500 0.542000 0.012000 0.016000
0 0.260000 0.273000 0.018000 0.016000
0 0.734000 0.797500 0.015000 0.018000
0 0.383000 0.501000 0.018000 0.019000
0 0.501000 0.500500 0.009000 0.011000
0 0.478000 0.656000 0.012000 0.017000
0 0.680500 0.468500 0.021000 0.019000
0 0.538500 0.775000 0.018000 0.019000
0 0.543500 0.852500 0.028000 0.030000
0 0.380500 0.306500 0.014000 0.013000
0 0.414500 0.683500 0.020000 0.019000
0 0.212500 0.714000 0.024000 0.024000
0 0.539000 0.173000 0.024000 0.017000
0 0.746500 0.706500 0.013000 0.015000
0 0.324000 0.769000 0.015000 0.016000
0 0.252000 0.792000 0.020000 0.021000
0 0.785000 0.655500 0.016000 0.020000
0 0.356000 0.585500 0.017000 0.011000
0 0.325000 0.729000 0.015000 0.012000
0 0.372500 0.525000 0.017000 0.018000
0 0.615000 0.396500 0.019000 0.014000
0 0.584000 0.422750 0.014000 0.014500
0 0.559000 0.585500 0.029000 0.026000
0 0.540000 0.554500 0.020000 0.035000
0 0.552000 0.740000 0.020000 0.022000
0 0.638000 0.431500 0.022000 0.020000
0 0.491500 0.771000 0.018000 0.019000
0 0.797500 0.728500 0.014000 0.010000
0 0.481500 0.390000 0.019000 0.033000
0 0.198500 0.406500 0.020000 0.020000
0 0.459000 0.576000 0.021000 0.021000
0 0.475500 0.331000 0.026000 0.022000
0 0.443500 0.163500 0.024000 0.031000
0 0.347500 0.273000 0.019000 0.018000
0 0.708000 0.272500 0.015000 0.016000
0 0.441500 0.870500 0.027000 0.026000
0 0.458000 0.568000 0.021000 0.020000
0 0.517000 0.182500 0.024000 0.015000
0 0.440500 0.112500 0.014000 0.013000
0 0.288000 0.392500 0.025000 0.021000
0 0.496000 0.503500 0.025000 0.028000
0 0.120500 0.526000 0.016000 0.017000
0 0.124500 0.582000 0.014000 0.016000
0 0.163000 0.619000 0.025000 0.018000
0 0.689500 0.187000 0.030000 0.022000
0 0.375500 0.493500 0.020000 0.028000
0 0.275500 0.491000 0.016000 0.018000
0 0.662500 0.749500 0.025000 0.026000
0 0.557500 0.538500 0.013000 0.009000
0 0.628000 0.247500 0.026000 0.028000
0 0.236000 0.584000 0.016000 0.019000
0 0.595000 0.670000 0.017000 0.021000
0 0.717000 0.750000 0.027000 0.023000
0 0.401000 0.493000 0.025000 0.028000
0 0.763000 0.567500 0.021000 0.022000
0 0.454250 0.596500 0.020500 0.017000
0 0.582000 0.835000 0.018000 0.021000
0 0.284500 0.511500 0.021000 0.020000
0 0.219000 0.557500 0.025000 0.023000
0 0.111000 0.598000 0.010000 0.011000
0 0.364500 0.534500 0.013000 0.011000
0 0.302000 0.707500 0.034000 0.026000
0 0.510500 0.625500 0.016000 0.012000
0 0.724000 0.281500 0.016000 0.013000
0 0.406000 0.469500 0.024000 0.025000
0 0.571500 0.497500 0.013000 0.013000
0 0.596750 0.492000 0.020500 0.014000
0 0.631500 0.779000 0.015000 0.009000
0 0.328500 0.212500 0.019000 0.016000
0 0.692000 0.808500 0.019000 0.021000
0 0.684500 0.144000 0.020000 0.024000
0 0.443500 0.702500 0.019000 0.020000
0 0.419000 0.736750 0.021000 0.023500
0 0.843500 0.271000 0.017000 0.016000
0 0.507000 0.506000 0.025000 0.023000
0 0.561000 0.383500 0.016000 0.015000
0 0.413500 0.868000 0.016000 0.017000
0 0.543500 0.514000 0.026000 0.028000
0 0.830000 0.521500 0.028000 0.026000
0 0.440500 0.259500 0.014000 0.014000
0 0.423500 0.253000 0.018000 0.025000
0 0.383750 0.393000 0.023500 0.017000
0 0.479500 0.468500 0.023000 0.022000
0 0.296500 0.667500 0.024000 0.018000
0 0.226000 0.547000 0.015000 0.014000
0 0.461000 0.469500 0.028000 0.036000
0 0.496500 0.097500 0.031000 0.033000
0 0.296000 0.312500 0.017000 0.024000
0 0.537000 0.753000 0.020000 0.020000
0 0.702000 0.474000 0.013000 0.011000
0 0.582000 0.294500 0.024000 0.023000
0 0.814000 0.289000 0.017000 0.013000
0 0.419750 0.601500 0.020500 0.015000
0 0.523500 0.213000 0.020000 0.023000
0 0.268500 0.374000 0.020000 0.017000
0 0.685500 0.657500 0.015000 0.011000
0 0.507500 0.526000 0.009000 0.013000
0 0.439500 0.527500 0.029000 0.026000
0 0.492000 0.238000 0.017000 0.026000
0 0.218000 0.561000 0.026000 0.024000
0 0.711000 0.767500 0.021000 0.020000
0 0.473500 0.414000 0.024000 0.023000
0 0.342500 0.769000 0.028000 0.027000
0 0.481000 0.528500 0.012000 0.012000
0 0.267500 0.459500 0.010000 0.013000
0 0.388500 0.302000 0.031000 0.030000
0 0.438500 0.463000 0.011000 0.013000
0 0.538500 0.103500 0.022000 0.020000
0 0.110500 0.364000 0.031000 0.022000
0 0.471000 0.663000 0.014000 0.015000
0 0.654500 0.598000 0.025000 0.031000
0 0.372500 0.414500 0.017000 0.021000
0 0.609500 0.594000 0.020000 0.016000
0 0.661500 0.443500 0.022000 0.026000
0 0.423250 0.472500 0.026500 0.020000
0 0.426500 0.350250 0.021000 0.029500
0 0.608500 0.288000 0.013000 0.012000
0 0.492000 0.557500 0.018000 0.014000
0 0.446500 0.362500 0.015000 0.011000
0 0.808000 0.561000 0.014000 0.013000
0 0.779000 0.777500 0.024000 0.024000
0 0.175000 0.578500 0.019000 0.014000
0 0.780000 0.340000 0.020000 0.020000
0 0.556500 0.628500 0.030000 0.029000
0 0.419000 0.574500 0.017000 0.016000
0 0.676000 0.837000 0.023000 0.019000
0 0.553000 0.337500 0.011000 0.011000
0 0.385500 0.187500 0.016000 0.027000
0 0.455000 0.290000 0.011000 0.011000
0 0.459000 0.655500 0.026000 0.027000
0 0.283000 0.501500 0.032000 0.027000
0 0.722000 0.451000 0.012000 0.012000
0 0.577000 0.450000 0.017000 0.016000
0 0.161500 0.357500 0.014000 0.014000
0 0.750000 0.552000 0.027000 0.022000
0 0.245500 0.781000 0.012000 0.015000
0 0.613500 0.590500 0.017000 0.019000
0 0.533500 0.653500 0.018000 0.020000
0 0.643500 0.510000 0.020000 0.025000
0 0.140750 0.608500 0.011500 0.009000
0 0.440500 0.569000 0.027000 0.032000
0 0.670500 0.512000 0.016000 0.018000
0 0.589000 0.309500 0.012000 0.012000
0 0.329500 0.438000 0.028000 0.024000
0 0.418000 0.288500 0.018000 0.019000
0 0.533000 0.610000 0.020000 0.019000
0 0.427500 0.230750 0.011000 0.011500
0 0.661500 0.450000 0.011000 0.013000
0 0.718000 0.366500 0.013000 0.013000
0 0.615500 0.518500 0.019000 0.018000
0 0.450000 0.890000 0.023000 0.026000
0 0.607500 0.797000 0.021000 0.027000