0 0.450000 0.694500 0.013000 0.015000
0 0.450500 0.478500 0.017000 0.017000
0 0.470500 0.516000 0.015000 0.016000
0 0.534000 0.479000 0.014000 0.012000
0 0.700500 0.748000 0.016000 0.020000
0 0.265000 0.634000 0.013000 0.013000
0 0.454000 0.593500 0.014000 0.015000
0 0.484000 0.501000 0.016000 0.018000
0 0.400500 0.495500 0.028000 0.025000
0 0.535500 0.358000 0.031000 0.025000
0 0.492500 0.523000 0.013000 0.012000
0 0.603500 0.243000 0.025000 0.023000
0 0.315000 0.460000 0.022000 0.022000
0 0.198500 0.646500 0.023000 0.031000
0 0.340500 0.191500 0.021000 0.020000
0 0.524000 0.918000 0.019000 0.019000
0 0.089500 0.444500 0.031000 0.022000
0 0.802500 0.504500 0.014000 0.015000
0 0.770000 0.464000 0.020000 0.018000
0 0.836500 0.264000 0.033000 0.032000
0 0.270500 0.499000 0.021000 0.021000
0 0.779500 0.665000 0.027000 0.029000
0 0.608000 0.364000 0.015000 0.023000
0 0.654500 0.592500 0.024000 0.032000
0 0.495000 0.496000 0.015000 0.017000
0 0.380500 0.810500 0.022000 0.015000
0 0.750500 0.719000 0.023000 0.022000
0 0.482000 0.518500 0.020000 0.017000
0 0.255000 0.480500 0.017000 0.020000
0 0.165000 0.511000 0.019000 0.026000
0 0.239000 0.730500 0.013000 0.014000
0 0.579000 0.324000 0.011000 0.013000
0 0.796500 0.788000 0.009000 0.010000
0 0.495500 0.464500 0.029000 0.029000
0 0.413000 0.481000 0.018000 0.017000
0 0.265500 0.434000 0.023000 0.023000
0 0.134000 0.365500 0.026000 0.018000
0 0.616500 0.602500 0.028000 0.023000
0 0.416500 0.734500 0.023000 0.021000
0 0.469500 0.524000 0.030000 0.030000
0 0.528000 0.542500 0.025000 0.022000
0 0.186500 0.582000 0.030000 0.030000
0 0.599000 0.759000 0.028000 0.026000
0 0.577500 0.426500 0.024000 0.019000
0 0.599500 0.200500 0.023000 0.021000
0 0.656000 0.531500 0.020000 0.019000
0 0.226500 0.322000 0.024000 0.023000
0 0.354500 0.540500 0.011000 0.012000
0 0.570500 0.449500 0.011000 0.013000
0 0.339500 0.824500 0.020000 0.020000
0 0.474000 0.625250 0.008000 0.011500
0 0.524500 0.505000 0.015000 0.014000
0 0.818500 0.750500 0.030000 0.030000
0 0.481000 0.117000 0.013000 0.013000
0 0.472000 0.478500 0.025000 0.021000
0 0.577000 0.134000 0.015000 0.015000
0 0.329000 0.346750 0.011000 0.014500
0 0.735500 0.282500 0.013000 0.013000
0 0.580500 0.908500 0.030000 0.027000
0 0.729000 0.741000 0.030000 0.025000
0 0.643500 0.875500 0.023000 0.019000
0 0.740000 0.713500 0.018000 0.020000
0 0.230500 0.412000 0.013000 0.017000
0 0.543000 0.263500 0.022000 0.031000
0 0.565500 0.743500 0.020000 0.023000
0 0.234000 0.591000 0.021000 0.020000
0 0.472000 0.462500 0.015000 0.014000
0 0.525500 0.832500 0.026000 0.016000
0 0.240500 0.278000 0.011000 0.011000
0 0.685000 0.128500 0.017000 0.019000
0 0.312500 0.231500 0.014000 0.019000
0 0.712000 0.829500 0.020000 0.018000
0 0.241000 0.320500 0.022000 0.028000
0 0.319000 0.685500 0.029000 0.031000
0 0.124500 0.591000 0.021000 0.020000
0 0.425000 0.512000 0.028000 0.023000
0 0.869500 0.689000 0.012000 0.012000
0 0.755000 0.477500 0.017000 0.023000
0 0.486000 0.366500 0.012000 0.012000
0 0.491500 0.504000 0.015000 0.018000
0 0.464500 0.503500 0.027000 0.026000
0 0.691500 0.367500 0.015000 0.014000
0 0.535250 0.530500 0.020500 0.015000
0 0.523000 0.498000 0.027000 0.021000
0 0.465000 0.549500 0.035000 0.027000
0 0.770000 0.279000 0.023000 0.018000
0 0.660000 0.709500 0.026000 0.020000
0 0.423000 0.703000 0.024000 0.023000
0 0.536500 0.336000 0.025000 0.021000
0 0.710000 0.250000 0.016000 0.015000
0 0.507500 0.510000 0.023000 0.025000
0 0.531500 0.586500 0.013000 0.014000
0 0.857000 0.431500 0.021000 0.018000
0 0.699500 0.487000 0.020000 0.019000
0 0.388500 0.424500 0.028000 0.029000
0 0.240500 0.284000 0.020000 0.020000
0 0.491500 0.231500 0.021000 0.016000
0 0.774500 0.602000 0.021000 0.020000
0 0.311500 0.378000 0.026000 0.025000
0 0.642000 0.619500 0.029000 0.027000
0 0.421500 0.782000 0.020000 0.021000
0 0.729500 0.151000 0.011000 0.012000
0 0.836000 0.548000 0.010000 0.013000
0 0.281000 0.502000 0.022000 0.023000
0 0.661000 0.492500 0.024000 0.026000
0 0.643000 0.515000 0.018000 0.019000
0 0.271000 0.297000 0.019000 0.019000
0 0.734000 0.426000 0.011000 0.013000
0 0.349500 0.889000 0.023000 0.023000
0 0.581500 0.723500 0.019000 0.017000
0 0.705000 0.374000 0.027000 0.029000
0 0.631000 0.778000 0.011000 0.010000
0 0.406500 0.260500 0.021000 0.025000
0 0.530500 0.674000 0.021000 0.021000
0 0.251000 0.402750 0.012000 0.014500
0 0.800500 0.407500 0.027000 0.025000
0 0.517500 0.523000 0.024000 0.020000
0 0.623000 0.234500 0.023000 0.023000
0 0.283000 0.787000 0.024000 0.028000
0 0.354000 0.616000 0.014000 0.014000
0 0.630500 0.575500 0.014000 0.016000
0 0.404000 0.375000 0.021000 0.022000
0 0.453000 0.106000 0.012000 0.014000
0 0.484500 0.724500 0.025000 0.026000
0 0.227000 0.513500 0.011000 0.016000
0 0.843000 0.585000 0.029000 0.018000
0 0.385500 0.587500 0.021000 0.021000
0 0.782500 0.788000 0.015000 0.012000
0 0.747500 0.534000 0.012000 0.011000
0 0.337000 0.354500 0.016000 0.020000
0 0.824000 0.685000 0.017000 0.018000
0 0.582500 0.511500 0.018000 0.021000
0 0.281000 0.385500 0.017000 0.015000
0 0.257000 0.475500 0.020000 0.021000
0 0.172500 0.675000 0.032000 0.032000
0 0.470000 0.621500 0.021000 0.025000
0 0.493000 0.429000 0.013000 0.013000
0 0.624000 0.423500 0.020000 0.018000
0 0.562500 0.439500 0.009000 0.010000
0 0.527500 0.518000 0.014000 0.018000
0 0.688000 0.512500 0.014000 0.012000
0 0.429000 0.545000 0.013000 0.013000
0 0.742000 0.576500 0.027000 0.025000
0 0.187000 0.221500 0.028000 0.019000
0 0.483500 0.199500 0.020000 0.013000
0 0.397000 0.573000 0.021000 0.030000
0 0.606500 0.401000 0.031000 0.028000
0 0.665500 0.292500 0.015000 0.022000
0 0.383500 0.213500 0.030000 0.036000
0 0.756000 0.690500 0.019000 0.016000
0 0.445500 0.095000 0.023000 0.023000
0 0.178500 0.418000 0.028000 0.020000
0 0.369500 0.206500 0.030000 0.024000
0 0.618500 0.687000 0.023000 0.032000
0 0.322500 0.545500 0.030000 0.030000
0 0.684000 0.482500 0.021000 0.019000
0 0.262000 0.247500 0.024000 0.023000
0 0.399500 0.606000 0.010000 0.010000
0 0.746000 0.255500 0.013000 0.012000
0 0.846000 0.692750 0.016000 0.023500
0 0.779000 0.367000 0.027000 0.027000
0 0.480500 0.463000 0.009000 0.012000
0 0.396000 0.424000 0.021000 0.021000
0 0.431500 0.567000 0.017000 0.013000
0 0.728500 0.839500 0.027000 0.023000
0 0.400000 0.310000 0.024000 0.022000
0 0.237500 0.409000 0.016000 0.015000
0 0.511250 0.165500 0.017500 0.013000
0 0.482500 0.470500 0.022000 0.020000
0 0.679000 0.852500 0.027000 0.022000
0 0.350500 0.436500 0.026000 0.032000
0 0.495000 0.547500 0.024000 0.025000
0 0.458000 0.485000 0.019000 0.021000
0 0.306000 0.677000 0.017000 0.014000
0 0.653500 0.159500 0.009000 0.013000
0 0.453500 0.284000 0.025000 0.022000
0 0.857000 0.640000 0.022000 0.022000
0 0.466500 0.451000 0.012000 0.011000
0 0.774000 0.206500 0.010000 0.012000
0 0.249000 0.597500 0.016000 0.015000
0 0.604000 0.437500 0.014000 0.017000
0 0.505000 0.435500 0.019000 0.020000
0 0.470000 0.365500 0.019000 0.019000
0 0.737500 0.334500 0.012000 0.012000
0 0.776500 0.312500 0.019000 0.021000
0 0.526000 0.734000 0.013000 0.017000
0 0.300000 0.686000 0.020000 0.026000
0 0.401500 0.615000 0.021000 0.020000
0 0.272500 0.174000 0.016000 0.013000
0 0.852500 0.326500 0.014000 0.015000
0 0.712000 0.782000 0.028000 0.029000
0 0.225500 0.404500 0.016000 0.013000
0 0.358000 0.675500 0.023000 0.023000
0 0.825000 0.520000 0.034000 0.029000
0 0.864500 0.617500 0.019000 0.024000
0 0.147000 0.305000 0.017000 0.017000
0 0.224000 0.470500 0.016000 0.014000
0 0.179000 0.230000 0.023000 0.020000
0 0.522500 0.512000 0.017000 0.011000
0 0.855000 0.678000 0.028000 0.027000
0 0.783500 0.190500 0.028000 0.023000
0 0.257500 0.190500 0.017000 0.017000
0 0.612500 0.874500 0.018000 0.024000
0 0.520000 0.691000 0.014000 0.012000
0 0.285000 0.445500 0.018000 0.022000
0 0.519000 0.302000 0.020000 0.022000
0 0.599000 0.389000 0.015000 0.018000
0 0.569000 0.626000 0.027000 0.026000
0 0.393000 0.679500 0.011000 0.012000
0 0.443500 0.379000 0.022000 0.022000
0 0.510500 0.430000 0.016000 0.020000
0 0.442000 0.259750 0.014000 0.020500
0 0.500000 0.546000 0.024000 0.025000
0 0.845000 0.409000 0.016000 0.011000
0 0.518000 0.361000 0.009000 0.013000
0 0.199500 0.505500 0.017000 0.012000
0 0.501500 0.556000 0.019000 0.017000
0 0.508500 0.490500 0.016000 0.015000
0 0.468000 0.372000 0.022000 0.023000
0 0.488500 0.491500 0.022000 0.018000
0 0.450500 0.441000 0.017000 0.009000
0 0.137500 0.382500 0.021000 0.017000
0 0.591000 0.450500 0.023000 0.023000
0 0.370500 0.463000 0.021000 0.019000
0 0.375000 0.468500 0.014000 0.015000
0 0.720500 0.639000 0.031000 0.033000
0 0.524000 0.537500 0.018000 0.020000
0 0.404000 0.094500 0.032000 0.032000
0 0.433000 0.290000 0.023000 0.029000
0 0.496500 0.516000 0.016000 0.022000
0 0.466500 0.491500 0.013000 0.016000
0 0.510500 0.457500 0.018000 0.021000
0 0.532000 0.477500 0.021000 0.016000
0 0.561500 0.889000 0.029000 0.031000
0 0.722000 0.166500 0.012000 0.011000
0 0.808500 0.457000 0.018000 0.021000
0 0.429000 0.503500 0.014000 0.023000
0 0.639500 0.684500 0.020000 0.019000
0 0.193000 0.298500 0.024000 0.014000
0 0.649500 0.175000 0.018000 0.019000
0 0.563000 0.543500 0.015000 0.020000
0 0.191000 0.755000 0.015000 0.014000
0 0.341500 0.375500 0.028000 0.026000
0 0.467000 0.565500 0.013000 0.012000
0 0.678000 0.682500 0.025000 0.017000
0 0.207500 0.783500 0.013000 0.011000
0 0.524000 0.403250 0.021000 0.026500
0 0.164500 0.332000 0.027000 0.027000
0 0.278000 0.377000 0.016000 0.017000
0 0.446000 0.168500 0.016000 0.023000
0 0.623000 0.413500 0.016000 0.016000
0 0.630500 0.180000 0.012000 0.013000
0 0.643500 0.245500 0.010000 0.009000
0 0.597500 0.282500 0.015000 0.013000
0 0.492000 0.469500 0.028000 0.019000
0 0.394500 0.320000 0.032000 0.030000
0 0.515000 0.615500 0.015000 0.020000
0 0.382000 0.563000 0.013000 0.010000
0 0.507000 0.663000 0.022000 0.020000
0 0.625000 0.631500 0.021000 0.025000
0 0.348000 0.128000 0.021000 0.019000
0 0.283500 0.423500 0.025000 0.025000
0 0.422500 0.344500 0.013000 0.017000
0 0.649000 0.765500 0.028000 0.026000
0 0.218000 0.781000 0.013000 0.014000
0 0.438500 0.801000 0.018000 0.019000
0 0.578500 0.578500 0.015000 0.014000
0 0.410500 0.792500 0.012000 0.012000
0 0.521000 0.641500 0.021000 0.017000
0 0.479500 0.829000 0.030000 0.034000
0 0.559000 0.506000 0.031000 0.024000
0 0.544500 0.463500 0.009000 0.013000
0 0.643000 0.757000 0.018000 0.019000
0 0.545500 0.531000 0.009000 0.009000
0 0.380500 0.250500 0.019000 0.018000
0 0.287000 0.399500 0.017000 0.022000
0 0.689000 0.280000 0.017000 0.020000
0 0.796000 0.675000 0.014000 0.015000
0 0.559000 0.715000 0.032000 0.030000
0 0.573500 0.159500 0.018000 0.016000
0 0.502000 0.312000 0.028000 0.026000
0 0.570500 0.406000 0.017000 0.017000
0 0.481500 0.509000 0.025000 0.021000
0 0.527500 0.638000 0.030000 0.031000
0 0.655500 0.346500 0.016000 0.030000
0 0.738500 0.789000 0.018000 0.016000
0 0.764000 0.256000 0.010000 0.009000
0 0.418500 0.534500 0.026000 0.020000
0 0.667500 0.469000 0.014000 0.011000
0 0.354000 0.398500 0.016000 0.018000
0 0.514500 0.496000 0.015000 0.015000
0 0.198500 0.634000 0.027000 0.019000
0 0.487000 0.600500 0.019000 0.025000
0 0.511500 0.403500 0.030000 0.018000
0 0.562000 0.364000 0.015000 0.019000
0 0.737000 0.564500 0.032000 0.032000
0 0.668500 0.389000 0.018000 0.017000
0 0.282000 0.202000 0.020000 0.019000
0 0.357500 0.340500 0.015000 0.019000
0 0.542500 0.555000 0.022000 0.016000
0 0.771000 0.647000 0.031000 0.033000
0 0.611000 0.821000 0.010000 0.011000
0 0.495000 0.618500 0.024000 0.024000
0 0.487000 0.433000 0.022000 0.015000
0 0.563500 0.576500 0.022000 0.011000
0 0.659000 0.505500 0.014000 0.013000
0 0.425500 0.597000 0.027000 0.030000
0 0.425000 0.443500 0.021000 0.021000
0 0.649500 0.370000 0.017000 0.014000
0 0.298000 0.755500 0.016000 0.020000
0 0.171500 0.590500 0.015000 0.016000
0 0.564500 0.338500 0.022000 0.021000
0 0.401000 0.714500 0.022000 0.019000
0 0.591000 0.883000 0.027000 0.025000
0 0.468000 0.158000 0.026000 0.022000
0 0.189000 0.330000 0.019000 0.030000
0 0.705000 0.695500 0.016000 0.016000
0 0.745500 0.707500 0.025000 0.027000
0 0.500500 0.530500 0.018000 0.019000
0 0.262000 0.627500 0.025000 0.026000
0 0.561000 0.227000 0.023000 0.029000
0 0.497500 0.496000 0.016000 0.017000
0 0.416500 0.328500 0.012000 0.011000
0 0.446000 0.502000 0.016000 0.013000
0 0.461000 0.587500 0.012000 0.010000
0 0.533500 0.504500 0.026000 0.027000
0 0.683000 0.671500 0.023000 0.021000
0 0.440000 0.643500 0.028000 0.027000
0 0.533500 0.513500 0.018000 0.018000
0 0.429000 0.324500 0.030000 0.033000
0 0.771500 0.483500 0.027000 0.023000
0 0.279500 0.603500 0.019000 0.012000
0 0.481500 0.740500 0.012000 0.014000
0 0.545000 0.472500 0.015000 0.015000
0 0.523500 0.365500 0.025000 0.025000
0 0.234000 0.448500 0.030000 0.023000
0 0.750000 0.496500 0.023000 0.014000
0 0.282000 0.710500 0.014000 0.015000
0 0.515000 0.850500 0.031000 0.027000
0 0.505500 0.179500 0.008000 0.009000
0 0.858500 0.652000 0.014000 0.016000
0 0.342500 0.812000 0.030000 0.034000
0 0.519000 0.220000 0.021000 0.020000
0 0.541500 0.520500 0.009000 0.014000
0 0.646500 0.788500 0.019000 0.032000
0 0.672000 0.340500 0.017000 0.017000
0 0.742500 0.523000 0.018000 0.015000
0 0.296000 0.792000 0.016000 0.022000
0 0.600000 0.311500 0.031000 0.032000
0 0.828500 0.759000 0.021000 0.019000
0 0.275000 0.625500 0.022000 0.021000
0 0.462000 0.212500 0.016000 0.018000
0 0.541000 0.343500 0.022000 0.022000
0 0.606500 0.579500 0.015000 0.017000
0 0.488500 0.273500 0.021000 0.020000
0 0.614500 0.257500 0.021000 0.023000
0 0.645500 0.394000 0.019000 0.022000
0 0.547500 0.610000 0.029000 0.029000
0 0.419500 0.393000 0.015000 0.021000
0 0.706500 0.532000 0.027000 0.024000
0 0.487500 0.318500 0.029000 0.029000
0 0.502500 0.485000 0.011000 0.015000
0 0.761000 0.724000 0.008000 0.011000
0 0.489500 0.498500 0.016000 0.018000
0 0.522000 0.598500 0.021000 0.020000
0 0.583000 0.788500 0.013000 0.013000
0 0.509500 0.641250 0.014000 0.020500
0 0.489500 0.482500 0.025000 0.019000
0 0.531000 0.609000 0.016000 0.014000
0 0.576500 0.519000 0.011000 0.016000
0 0.360000 0.546000 0.014000 0.016000
0 0.662000 0.484500 0.020000 0.020000
0 0.401500 0.488000 0.022000 0.026000
0 0.506500 0.609500 0.019000 0.019000
0 0.756000 0.356000 0.015000 0.016000
0 0.553000 0.474500 0.018000 0.027000
0 0.577000 0.121500 0.016000 0.017000
0 0.498500 0.650000 0.030000 0.023000
0 0.479500 0.321500 0.011000 0.013000
0 0.266000 0.305500 0.022000 0.022000
0 0.369000 0.373000 0.013000 0.012000
0 0.341000 0.573000 0.017000 0.020000
0 0.347250 0.410500 0.023500 0.017000
0 0.490000 0.843000 0.011000 0.015000
0 0.704000 0.498000 0.019000 0.018000
0 0.763000 0.466000 0.019000 0.019000
0 0.706000 0.814000 0.025000 0.028000
0 0.476000 0.343000 0.014000 0.018000
0 0.426000 0.399000 0.020000 0.023000
0 0.316000 0.354000 0.012000 0.013000
0 0.721500 0.845500 0.014000 0.013000
0 0.579500 0.678000 0.033000 0.026000
0 0.116000 0.467000 0.013000 0.013000
0 0.454500 0.623500 0.025000 0.026000
0 0.330500 0.506500 0.027000 0.030000
0 0.472500 0.246500 0.015000 0.015000
0 0.214000 0.623500 0.009000 0.015000
0 0.569500 0.380000 0.011000 0.015000
0 0.749500 0.559000 0.017000 0.019000
0 0.298000 0.461000 0.020000 0.019000
0 0.726250 0.628750 0.020500 0.021500
0 0.236500 0.665500 0.013000 0.016000
0 0.485000 0.135000 0.033000 0.028000
0 0.361000 0.663500 0.023000 0.026000
0 0.647000 0.164500 0.019000 0.020000
0 0.712000 0.440000 0.020000 0.015000
0 0.628500 0.214500 0.028000 0.021000
0 0.577500 0.250000 0.012000 0.012000
0 0.514500 0.521000 0.019000 0.014000
0 0.539000 0.184000 0.016000 0.018000
0 0.367500 0.405000 0.017000 0.018000
0 0.503500 0.324500 0.025000 0.026000
0 0.279500 0.790000 0.010000 0.010000
0 0.721500 0.441000 0.012000 0.009000
0 0.409000 0.508500 0.012000 0.013000
0 0.528500 0.901500 0.020000 0.016000
0 0.545500 0.484500 0.027000 0.023000
0 0.509500 0.558500 0.020000 0.015000
0 0.518500 0.132000 0.023000 0.027000
0 0.489000 0.573500 0.027000 0.023000
0 0.504500 0.890000 0.023000 0.022000
0 0.522500 0.852000 0.014000 0.015000
0 0.368000 0.839500 0.024000 0.027000
0 0.649500 0.277000 0.019000 0.020000
0 0.659500 0.699500 0.023000 0.022000
0 0.360500 0.723500 0.016000 0.018000
0 0.713000 0.455000 0.017000 0.014000
0 0.841000 0.402500 0.015000 0.013000
0 0.676000 0.579000 0.031000 0.027000
0 0.860000 0.446000 0.020000 0.024000
0 0.700000 0.561500 0.019000 0.018000
0 0.857500 0.340500 0.024000 0.023000
0 0.458000 0.177500 0.031000 0.029000
0 0.190500 0.370500 0.017000 0.026000
0 0.231000 0.391000 0.014000 0.014000
0 0.548000 0.263000 0.021000 0.027000
0 0.452500 0.460000 0.025000 0.020000
0 0.621500 0.525500 0.023000 0.017000
0 0.625000 0.456500 0.018000 0.019000
0 0.314500 0.452000 0.029000 0.029000
0 0.297000 0.388500 0.019000 0.014000
0 0.652000 0.519500 0.027000 0.025000
0 0.295500 0.331500 0.015000 0.016000
0 0.595000 0.434000 0.025000 0.034000
0 0.362000 0.563500 0.026000 0.026000
0 0.588500 0.283000 0.021000 0.023000
0 0.860000 0.358500 0.017000 0.019000
0 0.489000 0.832000 0.022000 0.021000
0 0.337000 0.546500 0.014000 0.019000
0 0.258000 0.830000 0.021000 0.026000
0 0.456000 0.417000 0.020000 0.019000
0 0.262500 0.803000 0.018000 0.021000
0 0.318500 0.316500 0.029000 0.024000
0 0.768500 0.426000 0.011000 0.010000
0 0.549000 0.361500 0.017000 0.015000
0 0.410000 0.881500 0.019000 0.018000
0 0.476500 0.563500 0.016000 0.018000
0 0.730500 0.720500 0.025000 0.027000
0 0.365500 0.456500 0.020000 0.021000
0 0.391500 0.215500 0.016000 0.015000
0 0.566000 0.472500 0.017000 0.016000
0 0.374500 0.386500 0.018000 0.017000
0 0.612500 0.410000 0.020000 0.022000
0 0.746000 0.184000 0.012000 0.015000
0 0.579000 0.506000 0.023000 0.024000
0 0.641500 0.863000 0.010000 0.011000
0 0.560000 0.375500 0.029000 0.028000
0 0.673000 0.864000 0.025000 0.027000
0 0.419500 0.565000 0.014000 0.014000
0 0.238000 0.536000 0.021000 0.019000
0 0.476000 0.494500 0.021000 0.027000
0 0.411500 0.553000 0.014000 0.013000
0 0.612000 0.615500 0.009000 0.010000
0 0.574500 0.393500 0.013000 0.010000
0 0.503500 0.464000 0.013000 0.013000
0 0.554500 0.552500 0.024000 0.024000
0 0.573500 0.667500 0.014000 0.014000
0 0.366500 0.422500 0.019000 0.018000
0 0.832500 0.495000 0.012000 0.012000
0 0.719000 0.533500 0.031000 0.031000
0 0.098500 0.539000 0.030000 0.021000
0 0.286000 0.796500 0.020000 0.025000
0 0.595500 0.508500 0.018000 0.020000
0 0.358500 0.564000 0.021000 0.017000
0 0.756500 0.605500 0.014000 0.020000
0 0.414500 0.506500 0.019000 0.020000
0 0.457000 0.517250 0.012000 0.014500
0 0.412000 0.588500 0.020000 0.020000
0 0.572000 0.689000 0.013000 0.014000
0 0.130500 0.345500 0.019000 0.019000
0 0.459500 0.375000 0.021000 0.023000
0 0.352000 0.426000 0.019000 0.023000
0 0.649000 0.486500 0.020000 0.024000
0 0.233000 0.543500 0.025000 0.026000
0 0.537500 0.838500 0.014000 0.022000
0 0.745500 0.544000 0.009000 0.009000
0 0.320500 0.271000 0.021000 0.021000
0 0.601000 0.479500 0.030000 0.023000
0 0.194500 0.513500 0.021000 0.020000
0 0.323000 0.333000 0.020000 0.018000
0 0.715000 0.575500 0.025000 0.029000
0 0.394000 0.616000 0.022000 0.026000
0 0.443500 0.765500 0.013000 0.014000
0 0.416000 0.743500 0.011000 0.015000
0 0.474000 0.820500 0.030000 0.036000
0 0.488000 0.457500 0.024000 0.021000
0 0.537000 0.470000 0.031000 0.027000
0 0.542000 0.639500 0.023000 0.021000
0 0.594500 0.430500 0.018000 0.027000
0 0.687500 0.383250 0.015000 0.020500
0 0.547000 0.509000 0.022000 0.021000
0 0.326000 0.533000 0.015000 0.012000
0 0.468500 0.392500 0.028000 0.022000
0 0.458500 0.577500 0.013000 0.009000
0 0.725500 0.356500 0.030000 0.026000
0 0.639500 0.656500 0.024000 0.023000
0 0.225500 0.432000 0.016000 0.019000
0 0.439500 0.498000 0.029000 0.025000
0 0.220000 0.287000 0.019000 0.027000
0 0.613500 0.780500 0.013000 0.013000
0 0.460500 0.488500 0.027000 0.025000
0 0.116500 0.510000 0.018000 0.017000
0 0.484000 0.637500 0.021000 0.023000
0 0.555000 0.314500 0.020000 0.014000
0 0.331000 0.611000 0.026000 0.030000
0 0.448000 0.423000 0.015000 0.018000
0 0.614500 0.396000 0.026000 0.025000
0 0.443500 0.867500 0.023000 0.023000
0 0.693500 0.399000 0.008000 0.014000
0 0.578500 0.455500 0.008000 0.014000
0 0.465000 0.334000 0.015000 0.015000
0 0.191500 0.251500 0.025000 0.022000
0 0.333500 0.419000 0.016000 0.017000
0 0.650000 0.460500 0.030000 0.024000
0 0.451500 0.888500 0.019000 0.020000
0 0.460500 0.776000 0.023000 0.023000
0 0.407000 0.207000 0.025000 0.025000
0 0.814500 0.692000 0.018000 0.017000
0 0.714000 0.496500 0.017000 0.019000
0 0.612500 0.792000 0.031000 0.030000
0 0.489500 0.700500 0.022000 0.021000
0 0.345500 0.448000 0.024000 0.023000
0 0.673000 0.758000 0.016000 0.016000
0 0.456000 0.495000 0.035000 0.035000
0 0.805500 0.690000 0.032000 0.026000
0 0.156000 0.603500 0.017000 0.016000
0 0.344500 0.684500 0.023000 0.021000
0 0.290500 0.440000 0.016000 0.019000
0 0.161500 0.518500 0.017000 0.017000
0 0.639500 0.227000 0.016000 0.018000
0 0.553500 0.570500 0.022000 0.027000
0 0.469500 0.630000 0.036000 0.035000
0 0.442500 0.606000 0.018000 0.018000
0 0.491000 0.610500 0.016000 0.014000
0 0.169000 0.608500 0.013000 0.018000
0 0.604500 0.412500 0.009000 0.009000
0 0.680000 0.271000 0.011000 0.010000
0 0.538000 0.566000 0.015000 0.019000
0 0.903500 0.520500 0.029000 0.027000
0 0.700500 0.866500 0.029000 0.027000
0 0.868000 0.304000 0.022000 0.034000
0 0.125500 0.659500 0.019000 0.018000
0 0.132500 0.433000 0.018000 0.018000
0 0.769500 0.550500 0.016000 0.011000
0 0.601000 0.164500 0.019000 0.019000
0 0.220500 0.520500 0.013000 0.013000
0 0.442500 0.464500 0.028000 0.023000
0 0.796500 0.613000 0.030000 0.029000
0 0.766000 0.628000 0.024000 0.025000
0 0.638000 0.371000 0.020000 0.014000
0 0.684000 0.190250 0.021000 0.026500
0 0.498000 0.499500 0.017000 0.024000
0 0.460000 0.468500 0.019000 0.028000
0 0.408000 0.450500 0.020000 0.022000
0 0.448000 0.687000 0.032000 0.030000
0 0.498500 0.507000 0.027000 0.020000
0 0.502000 0.471500 0.019000 0.018000
0 0.830000 0.377000 0.017000 0.016000
0 0.347000 0.330500 0.028000 0.022000
0 0.581000 0.416000 0.015000 0.015000
0 0.644500 0.431500 0.029000 0.029000
0 0.375000 0.455500 0.010000 0.010000
0 0.370000 0.496000 0.027000 0.026000
0 0.572000 0.580500 0.025000 0.025000
0 0.808500 0.779000 0.009000 0.010000
0 0.470500 0.534500 0.027000 0.026000
0 0.269000 0.442500 0.020000 0.015000
0 0.352500 0.850000 0.021000 0.022000
0 0.517500 0.575000 0.016000 0.013000
0 0.749500 0.401500 0.026000 0.024000
0 0.431000 0.191000 0.021000 0.022000
0 0.844500 0.299500 0.015000 0.017000
0 0.360000 0.475500 0.014000 0.016000
0 0.510000 0.649500 0.021000 0.017000
0 0.629500 0.473000 0.010000 0.009000
0 0.242500 0.828000 0.024000 0.024000