0 0.478000 0.455500 0.026000 0.032000
0 0.337500 0.646000 0.025000 0.026000
0 0.631500 0.606000 0.025000 0.024000
0 0.324500 0.806000 0.017000 0.016000
0 0.702500 0.414500 0.026000 0.025000
0 0.580500 0.827000 0.029000 0.029000
0 0.533000 0.248500 0.014000 0.020000
0 0.802000 0.483000 0.025000 0.018000
0 0.201500 0.646000 0.025000 0.025000
0 0.423500 0.554500 0.009000 0.016000
0 0.499500 0.501000 0.019000 0.023000
0 0.484500 0.520000 0.019000 0.017000
0 0.537000 0.451500 0.020000 0.025000
0 0.536000 0.337500 0.015000 0.013000
0 0.284000 0.422500 0.017000 0.022000
0 0.693000 0.324500 0.017000 0.014000
0 0.306000 0.518000 0.021000 0.020000
0 0.671000 0.708500 0.011000 0.012000
0 0.523500 0.340000 0.015000 0.013000
0 0.848500 0.343000 0.015000 0.016000
0 0.220250 0.298000 0.029500 0.021000
0 0.584000 0.675500 0.020000 0.016000
0 0.494000 0.914500 0.015000 0.017000
0 0.535000 0.763000 0.015000 0.013000
0 0.781750 0.567000 0.029500 0.022000
0 0.356000 0.446000 0.028000 0.032000
0 0.654500 0.489500 0.018000 0.018000
0 0.640000 0.499000 0.027000 0.027000
0 0.506500 0.504000 0.013000 0.014000
0 0.531500 0.489000 0.023000 0.026000
0 0.456000 0.404500 0.022000 0.022000
0 0.574000 0.520000 0.030000 0.027000
0 0.368500 0.851500 0.014000 0.016000
0 0.537500 0.562500 0.027000 0.020000
0 0.465000 0.485500 0.031000 0.023000
0 0.769500 0.302500 0.022000 0.026000
0 0.511000 0.483500 0.020000 0.018000
0 0.577500 0.318500 0.010000 0.009000
0 0.184500 0.396000 0.027000 0.030000
0 0.756500 0.690000 0.030000 0.028000
0 0.414500 0.368500 0.026000 0.026000
0 0.716000 0.678000 0.015000 0.015000
0 0.633000 0.598000 0.010000 0.008000
0 0.241000 0.209000 0.031000 0.028000
0 0.784500 0.501500 0.015000 0.018000
0 0.157000 0.585750 0.010000 0.014500
0 0.852000 0.532000 0.028000 0.028000
0 0.318000 0.366500 0.022000 0.019000
0 0.455000 0.396500 0.019000 0.020000
0 0.495000 0.541000 0.015000 0.019000
0 0.502500 0.304000 0.018000 0.019000
0 0.585000 0.539000 0.015000 0.016000
0 0.303500 0.262000 0.029000 0.028000
0 0.721500 0.435000 0.020000 0.018000
0 0.654500 0.234500 0.017000 0.018000
0 0.686000 0.509000 0.023000 0.022000
0 0.453000 0.532500 0.023000 0.025000
0 0.200000 0.713000 0.017000 0.019000
0 0.377500 0.398500 0.015000 0.020000
0 0.303500 0.794500 0.018000 0.027000
0 0.508500 0.424500 0.019000 0.019000
0 0.578000 0.457000 0.023000 0.023000
0 0.775000 0.511500 0.015000 0.015000
0 0.588000 0.427000 0.010000 0.013000
0 0.603000 0.365000 0.035000 0.020000
0 0.776500 0.491500 0.014000 0.013000
0 0.604500 0.370000 0.022000 0.018000
0 0.690500 0.853500 0.022000 0.027000
0 0.461000 0.466000 0.021000 0.019000
0 0.319000 0.689500 0.025000 0.026000
0 0.826500 0.570750 0.014000 0.020500
0 0.325000 0.629000 0.019000 0.021000
0 0.544000 0.473500 0.022000 0.022000
0 0.886500 0.369500 0.014000 0.015000
0 0.288000 0.304500 0.016000 0.015000
0 0.670500 0.550500 0.013000 0.014000
0 0.488000 0.318500 0.026000 0.029000
0 0.472500 0.448500 0.013000 0.016000
0 0.491000 0.507500 0.017000 0.017000
0 0.207000 0.253000 0.017000 0.016000
0 0.505500 0.500500 0.019000 0.023000
0 0.402000 0.664000 0.023000 0.018000
0 0.503000 0.347500 0.033000 0.033000
0 0.304500 0.868500 0.017000 0.018000
0 0.330000 0.701000 0.024000 0.026000
0 0.607500 0.298500 0.022000 0.025000
0 0.637500 0.387500 0.015000 0.013000
0 0.448500 0.608000 0.023000 0.034000
0 0.155500 0.545500 0.019000 0.024000
0 0.343000 0.337500 0.011000 0.014000
0 0.122000 0.437000 0.022000 0.020000
0 0.445500 0.617500 0.034000 0.030000
0 0.384500 0.447500 0.016000 0.016000
0 0.239000 0.419500 0.019000 0.013000
0 0.466500 0.626000 0.019000 0.018000
0 0.687000 0.440000 0.015000 0.018000
0 0.448500 0.468000 0.017000 0.018000
0 0.550000 0.324000 0.026000 0.027000
0 0.124000 0.460500 0.011000 0.013000
0 0.614000 0.588000 0.025000 0.030000
0 0.245000 0.818500 0.013000 0.013000
0 0.604000 0.893500 0.021000 0.021000
0 0.728000 0.301000 0.014000 0.016000
0 0.532500 0.510000 0.025000 0.026000
0 0.487000 0.682000 0.026000 0.028000
0 0.506500 0.375500 0.023000 0.025000
0 0.373500 0.367500 0.027000 0.023000
0 0.523000 0.899500 0.025000 0.024000
0 0.730500 0.592500 0.012000 0.012000
0 0.651000 0.130500 0.024000 0.020000
0 0.732500 0.424000 0.022000 0.018000
0 0.735500 0.270500 0.011000 0.012000
0 0.683500 0.643000 0.014000 0.017000
0 0.735500 0.383000 0.013000 0.009000
0 0.194000 0.662000 0.017000 0.022000
0 0.357000 0.709000 0.011000 0.012000
0 0.584000 0.839000 0.013000 0.014000
0 0.173000 0.601500 0.014000 0.015000
0 0.302500 0.847500 0.028000 0.028000
0 0.477000 0.802500 0.016000 0.019000
0 0.739500 0.320500 0.015000 0.018000
0 0.417000 0.586000 0.029000 0.024000
0 0.461000 0.416000 0.016000 0.014000
0 0.506500 0.711000 0.024000 0.028000
0 0.829000 0.278000 0.017000 0.017000
0 0.424000 0.272500 0.015000 0.018000
0 0.572500 0.458000 0.019000 0.016000
0 0.234500 0.400000 0.017000 0.017000
0 0.510500 0.460500 0.028000 0.024000
0 0.614000 0.512500 0.022000 0.021000
0 0.730000 0.202500 0.014000 0.013000
0 0.189000 0.696000 0.012000 0.013000
0 0.099000 0.437500 0.019000 0.018000
0 0.579000 0.442500 0.025000 0.018000
0 0.288000 0.655000 0.030000 0.025000
0 0.371000 0.265000 0.018000 0.024000
0 0.494500 0.289000 0.011000 0.011000
0 0.238000 0.520000 0.020000 0.018000
0 0.473000 0.493000 0.019000 0.013000
0 0.623000 0.464500 0.019000 0.017000
0 0.480000 0.307000 0.024000 0.022000
0 0.549500 0.264500 0.014000 0.014000
0 0.716500 0.244000 0.016000 0.017000
0 0.893500 0.454000 0.020000 0.024000
0 0.218500 0.191500 0.017000 0.016000
0 0.285500 0.294000 0.014000 0.014000
0 0.290500 0.790500 0.033000 0.036000
0 0.825000 0.417500 0.013000 0.011000
0 0.662000 0.491000 0.019000 0.022000
0 0.469000 0.179000 0.030000 0.031000
0 0.378500 0.549500 0.022000 0.021000
0 0.475500 0.681500 0.013000 0.011000
0 0.820000 0.424500 0.021000 0.020000
0 0.823000 0.672000 0.016000 0.016000
0 0.454000 0.652500 0.026000 0.022000
0 0.705000 0.779500 0.021000 0.031000
0 0.517000 0.521500 0.016000 0.017000
0 0.735500 0.180000 0.022000 0.021000
0 0.476000 0.700500 0.024000 0.024000
0 0.625500 0.268000 0.028000 0.034000
0 0.428500 0.350500 0.018000 0.013000
0 0.522500 0.463000 0.032000 0.027000
0 0.599500 0.849500 0.014000 0.016000
0 0.622000 0.833000 0.022000 0.028000
0 0.204000 0.582000 0.033000 0.027000
0 0.452500 0.684500 0.016000 0.015000
0 0.745000 0.394500 0.019000 0.020000
0 0.232000 0.343000 0.027000 0.020000
0 0.312500 0.145000 0.021000 0.025000
0 0.666500 0.596000 0.013000 0.011000
0 0.331500 0.687000 0.028000 0.019000
0 0.666500 0.821000 0.017000 0.018000
0 0.753000 0.397500 0.020000 0.022000
0 0.120500 0.387000 0.023000 0.023000
0 0.310000 0.706500 0.013000 0.008000
0 0.609500 0.398750 0.014000 0.020500
0 0.576000 0.271500 0.015000 0.016000
0 0.709500 0.390000 0.025000 0.026000
0 0.809500 0.330000 0.020000 0.018000
0 0.611000 0.356250 0.020000 0.023500
0 0.615000 0.415000 0.024000 0.023000
0 0.887500 0.480000 0.012000 0.011000
0 0.501500 0.473500 0.027000 0.027000
0 0.491500 0.433500 0.015000 0.013000
0 0.610000 0.441000 0.021000 0.022000
0 0.497500 0.533500 0.033000 0.020000
0 0.640500 0.481500 0.016000 0.015000
0 0.313000 0.398000 0.022000 0.022000
0 0.327500 0.585000 0.020000 0.021000
0 0.185500 0.431000 0.028000 0.022000
0 0.598500 0.396500 0.033000 0.030000
0 0.409500 0.664500 0.030000 0.030000
0 0.179000 0.494500 0.009000 0.009000
0 0.754000 0.666000 0.025000 0.023000
0 0.418500 0.276500 0.022000 0.019000
0 0.197500 0.530500 0.019000 0.021000
0 0.540500 0.399500 0.023000 0.022000
0 0.386500 0.295500 0.017000 0.014000
0 0.385000 0.359000 0.026000 0.028000
0 0.559500 0.883500 0.016000 0.015000
0 0.519500 0.233000 0.018000 0.018000
0 0.375500 0.752500 0.021000 0.024000
0 0.666500 0.751500 0.019000 0.019000
0 0.229500 0.303500 0.019000 0.020000
0 0.274500 0.697000 0.022000 0.023000
0 0.360500 0.483000 0.021000 0.023000
0 0.327000 0.605500 0.011000 0.011000
0 0.628500 0.199000 0.020000 0.017000
0 0.516000 0.539500 0.013000 0.013000
0 0.407000 0.176000 0.017000 0.015000
0 0.623000 0.431500 0.018000 0.020000
0 0.444500 0.523500 0.012000 0.012000
0 0.715000 0.293000 0.026000 0.021000
0 0.517000 0.421000 0.023000 0.023000
0 0.553500 0.264000 0.012000 0.011000
0 0.544500 0.304500 0.018000 0.021000
0 0.255000 0.515500 0.015000 0.017000
0 0.706000 0.360000 0.012000 0.015000
0 0.490500 0.346000 0.020000 0.016000
0 0.754000 0.458000 0.016000 0.016000
0 0.432000 0.594500 0.018000 0.017000
0 0.806750 0.223500 0.026500 0.018000
0 0.445500 0.676000 0.022000 0.019000
0 0.480000 0.498000 0.013000 0.016000
0 0.472000 0.433000 0.017000 0.020000
0 0.552000 0.458500 0.025000 0.022000
0 0.563500 0.628500 0.015000 0.015000
0 0.681500 0.868500 0.028000 0.028000
0 0.750000 0.204500 0.018000 0.027000
0 0.339500 0.545500 0.014000 0.015000
0 0.816500 0.499500 0.015000 0.017000
0 0.538000 0.404500 0.016000 0.016000
0 0.245000 0.273000 0.017000 0.023000
0 0.334500 0.790000 0.017000 0.018000
0 0.207000 0.399500 0.015000 0.014000
0 0.496000 0.815500 0.030000 0.018000
0 0.717500 0.541000 0.020000 0.019000
0 0.142000 0.399500 0.011000 0.010000
0 0.163500 0.376000 0.024000 0.029000
0 0.653500 0.740000 0.013000 0.010000
0 0.856500 0.582500 0.022000 0.025000
0 0.617000 0.390500 0.019000 0.018000
0 0.395500 0.288000 0.019000 0.024000
0 0.171000 0.723000 0.023000 0.022000
0 0.474000 0.907000 0.013000 0.013000
0 0.470500 0.362000 0.020000 0.018000
0 0.583000 0.136000 0.030000 0.027000
0 0.440500 0.383000 0.022000 0.028000
0 0.323500 0.152000 0.029000 0.030000
0 0.456500 0.315500 0.012000 0.014000
0 0.149500 0.694500 0.026000 0.026000
0 0.420250 0.452000 0.029500 0.020000
0 0.705000 0.189000 0.010000 0.014000
0 0.759500 0.448500 0.032000 0.027000
0 0.274500 0.304500 0.013000 0.015000
0 0.487000 0.475000 0.021000 0.024000
0 0.892500 0.359500 0.017000 0.015000
0 0.835000 0.361000 0.021000 0.021000
0 0.838000 0.656500 0.014000 0.014000
0 0.806500 0.683500 0.018000 0.024000
0 0.559000 0.360500 0.022000 0.022000
0 0.377000 0.485500 0.022000 0.017000
0 0.421000 0.345500 0.020000 0.021000
0 0.468500 0.540500 0.013000 0.013000
0 0.353000 0.861500 0.032000 0.026000
0 0.725000 0.562000 0.020000 0.023000
0 0.446500 0.650000 0.032000 0.028000
0 0.330000 0.679500 0.031000 0.023000
0 0.401500 0.369000 0.021000 0.023000
0 0.514000 0.398000 0.031000 0.036000
0 0.627000 0.477500 0.018000 0.019000
0 0.336500 0.432500 0.023000 0.023000
0 0.583500 0.544000 0.019000 0.019000
0 0.603000 0.464500 0.020000 0.016000
0 0.339500 0.276000 0.023000 0.023000
0 0.248500 0.485000 0.016000 0.022000
0 0.255500 0.545500 0.031000 0.026000
0 0.646500 0.691000 0.011000 0.011000
0 0.563000 0.571500 0.019000 0.013000
0 0.408500 0.344000 0.029000 0.027000
0 0.374500 0.237000 0.013000 0.014000
0 0.476500 0.113000 0.010000 0.011000
0 0.381500 0.830000 0.017000 0.020000
0 0.815000 0.480500 0.018000 0.018000
0 0.497000 0.489000 0.018000 0.019000
0 0.232000 0.355500 0.014000 0.016000
0 0.595000 0.681500 0.011000 0.011000
0 0.540500 0.536500 0.028000 0.030000
0 0.632000 0.718500 0.016000 0.013000
0 0.744500 0.163000 0.015000 0.015000
0 0.163500 0.260000 0.018000 0.018000
0 0.376500 0.331000 0.031000 0.031000
0 0.470500 0.320500 0.015000 0.020000
0 0.435000 0.522500 0.012000 0.017000
0 0.102500 0.455000 0.014000 0.014000
0 0.465000 0.376000 0.023000 0.025000
0 0.700000 0.674000 0.015000 0.022000
0 0.441500 0.462000 0.028000 0.020000
0 0.451500 0.589500 0.033000 0.034000
0 0.374000 0.686500 0.008000 0.009000
0 0.481500 0.577500 0.018000 0.017000
0 0.802000 0.372500 0.020000 0.021000
0 0.547000 0.687000 0.014000 0.017000
0 0.505500 0.143500 0.011000 0.012000
0 0.554000 0.502000 0.019000 0.018000
0 0.495000 0.551500 0.023000 0.021000
0 0.562750 0.286500 0.026500 0.018000
0 0.553000 0.420500 0.031000 0.031000
0 0.665500 0.838000 0.021000 0.018000
0 0.669000 0.338500 0.013000 0.016000
0 0.566500 0.438000 0.019000 0.020000
0 0.534500 0.471500 0.015000 0.015000
0 0.534000 0.533500 0.012000 0.015000
0 0.699000 0.232000 0.022000 0.022000
0 0.250500 0.570000 0.017000 0.014000
0 0.645500 0.814500 0.027000 0.022000
0 0.487500 0.879500 0.033000 0.031000
0 0.391500 0.629500 0.013000 0.016000
0 0.267000 0.177000 0.019000 0.015000
0 0.466500 0.893500 0.019000 0.015000
0 0.831000 0.625000 0.018000 0.018000
0 0.220000 0.378500 0.010000 0.010000
0 0.496000 0.497500 0.025000 0.026000
0 0.569500 0.203500 0.017000 0.021000
0 0.632500 0.250000 0.029000 0.031000
0 0.900500 0.428000 0.017000 0.017000
0 0.730500 0.237500 0.016000 0.017000
0 0.487500 0.454500 0.013000 0.014000
0 0.508500 0.453750 0.012000 0.017500
0 0.721000 0.717000 0.023000 0.024000
0 0.593000 0.528500 0.012000 0.012000
0 0.883500 0.659500 0.032000 0.030000
0 0.381500 0.412500 0.016000 0.017000
0 0.762500 0.554500 0.018000 0.019000
0 0.909500 0.564000 0.019000 0.030000
0 0.506500 0.492000 0.016000 0.016000
0 0.454500 0.422500 0.013000 0.022000
0 0.621000 0.257000 0.027000 0.029000
0 0.432000 0.392000 0.014000 0.014000
0 0.396000 0.573000 0.029000 0.029000
0 0.412500 0.634000 0.009000 0.014000
0 0.553500 0.578500 0.013000 0.015000
0 0.624500 0.498500 0.019000 0.022000
0 0.660500 0.369500 0.023000 0.012000
0 0.846000 0.525500 0.033000 0.024000
0 0.229000 0.445500 0.022000 0.022000