0 0.359000 0.508000 0.017000 0.012000
0 0.442000 0.641000 0.026000 0.028000
0 0.274000 0.764000 0.021000 0.015000
0 0.410500 0.492000 0.019000 0.021000
0 0.327500 0.537500 0.023000 0.034000
0 0.526500 0.287000 0.019000 0.016000
0 0.493500 0.492000 0.012000 0.012000
0 0.420000 0.422000 0.018000 0.015000
0 0.615000 0.134500 0.015000 0.018000
0 0.638000 0.647000 0.017000 0.022000
0 0.627000 0.582500 0.030000 0.028000
0 0.419000 0.538500 0.028000 0.028000
0 0.329000 0.151000 0.015000 0.013000
0 0.611000 0.622000 0.019000 0.018000
0 0.440500 0.097000 0.013000 0.013000
0 0.417500 0.886000 0.008000 0.010000
0 0.545000 0.657000 0.019000 0.018000
0 0.777500 0.559000 0.023000 0.025000
0 0.688000 0.613500 0.015000 0.015000
0 0.377000 0.482000 0.014000 0.013000
0 0.433000 0.569000 0.018000 0.023000
0 0.670500 0.572000 0.016000 0.017000
0 0.768000 0.549500 0.017000 0.020000
0 0.265500 0.828000 0.013000 0.016000
0 0.145000 0.515500 0.022000 0.022000
0 0.498000 0.220000 0.030000 0.022000
0 0.265500 0.419500 0.011000 0.009000
0 0.586000 0.500000 0.023000 0.026000
0 0.410500 0.440000 0.018000 0.019000
0 0.380000 0.395500 0.020000 0.014000
0 0.722000 0.498500 0.012000 0.011000
0 0.294500 0.393000 0.018000 0.019000
0 0.804500 0.318000 0.013000 0.013000
0 0.286000 0.325500 0.013000 0.014000
0 0.536500 0.473000 0.022000 0.021000
0 0.333000 0.433500 0.024000 0.021000
0 0.616750 0.612000 0.017500 0.012000
0 0.405500 0.427500 0.014000 0.014000
0 0.763000 0.429000 0.014000 0.016000
0 0.633500 0.616000 0.011000 0.009000
0 0.560500 0.776000 0.014000 0.015000
0 0.484500 0.529000 0.019000 0.018000
0 0.540000 0.113250 0.013000 0.017500
0 0.455500 0.893500 0.030000 0.022000
0 0.746500 0.289500 0.018000 0.017000
0 0.506500 0.482500 0.011000 0.012000
0 0.635000 0.575500 0.018000 0.023000
0 0.324000 0.215000 0.027000 0.027000
0 0.402500 0.473500 0.012000 0.015000
0 0.590500 0.394000 0.017000 0.014000
0 0.369500 0.115500 0.011000 0.012000
0 0.536500 0.397500 0.022000 0.018000
0 0.234000 0.583500 0.013000 0.016000
0 0.108000 0.569000 0.015000 0.017000
0 0.391000 0.392500 0.023000 0.018000
0 0.626000 0.321000 0.021000 0.018000
0 0.560500 0.115000 0.025000 0.018000
0 0.581000 0.529000 0.019000 0.015000
0 0.469000 0.394000 0.031000 0.023000
0 0.534000 0.696000 0.014000 0.018000
0 0.532750 0.560250 0.027500 0.027500
0 0.255500 0.466000 0.021000 0.024000
0 0.520000 0.392500 0.014000 0.010000
0 0.586000 0.454000 0.014000 0.012000
0 0.495500 0.506500 0.013000 0.013000
0 0.376500 0.620000 0.014000 0.015000
0 0.554500 0.589500 0.013000 0.012000
0 0.518500 0.536000 0.028000 0.019000
0 0.528000 0.346500 0.018000 0.021000
0 0.460500 0.510500 0.028000 0.027000
0 0.604000 0.160000 0.015000 0.016000
0 0.575000 0.366500 0.014000 0.019000
0 0.485500 0.486500 0.027000 0.026000
0 0.487500 0.431500 0.016000 0.023000
0 0.357500 0.530500 0.020000 0.017000
0 0.476500 0.564000 0.017000 0.017000
0 0.486500 0.917000 0.024000 0.026000
0 0.777000 0.198000 0.022000 0.023000
0 0.583500 0.567000 0.027000 0.023000
0 0.308500 0.676500 0.022000 0.018000
0 0.504500 0.568000 0.017000 0.014000
0 0.360500 0.658500 0.016000 0.016000
0 0.490500 0.469000 0.015000 0.022000
0 0.619000 0.125500 0.026000 0.026000
0 0.238000 0.552500 0.016000 0.014000
0 0.211000 0.469000 0.018000 0.016000
0 0.500000 0.676500 0.020000 0.021000
0 0.440500 0.363000 0.019000 0.017000
0 0.545000 0.711500 0.018000 0.020000
0 0.239000 0.425000 0.022000 0.023000
0 0.316250 0.417000 0.023500 0.016000
0 0.405500 0.530000 0.018000 0.019000
0 0.609500 0.111000 0.018000 0.013000
0 0.542500 0.721500 0.011000 0.011000
0 0.401000 0.725500 0.017000 0.013000
0 0.395000 0.530500 0.013000 0.016000
0 0.521500 0.529000 0.023000 0.022000
0 0.522000 0.863000 0.014000 0.014000
0 0.264500 0.399500 0.015000 0.018000
0 0.617500 0.898500 0.018000 0.019000
0 0.595500 0.453500 0.022000 0.026000
0 0.505000 0.523000 0.019000 0.019000
0 0.700000 0.157500 0.014000 0.016000
0 0.784000 0.521500 0.023000 0.017000
0 0.135000 0.615000 0.018000 0.013000
0 0.501500 0.531000 0.021000 0.025000
0 0.392000 0.513500 0.026000 0.020000
0 0.686500 0.516000 0.015000 0.015000
0 0.689000 0.558500 0.023000 0.023000
0 0.310500 0.467500 0.016000 0.010000
0 0.505000 0.496500 0.012000 0.011000
0 0.480500 0.480500 0.024000 0.030000
0 0.335500 0.206500 0.025000 0.026000
0 0.253500 0.577500 0.012000 0.019000
0 0.181500 0.344000 0.014000 0.011000
0 0.595000 0.608500 0.027000 0.025000
0 0.519000 0.438000 0.017000 0.017000
0 0.699500 0.147000 0.027000 0.028000
0 0.154000 0.596500 0.016000 0.015000
0 0.373000 0.633500 0.021000 0.027000
0 0.192500 0.335500 0.013000 0.016000
0 0.506500 0.624000 0.025000 0.024000
0 0.828000 0.292000 0.020000 0.019000
0 0.453250 0.370000 0.020500 0.015000
0 0.482500 0.905000 0.027000 0.025000
0 0.564000 0.386000 0.020000 0.021000
0 0.472000 0.697500 0.023000 0.026000
0 0.681500 0.416000 0.012000 0.010000
0 0.499000 0.654500 0.015000 0.014000
0 0.783000 0.463500 0.028000 0.022000
0 0.776000 0.478000 0.010000 0.010000
0 0.427000 0.352000 0.015000 0.013000
0 0.593000 0.180500 0.012000 0.015000
0 0.292000 0.491500 0.023000 0.023000
0 0.382500 0.189500 0.020000 0.020000
0 0.691000 0.252500 0.016000 0.014000
0 0.318000 0.318500 0.021000 0.027000
0 0.738000 0.387000 0.016000 0.022000
0 0.613500 0.469000 0.016000 0.010000
0 0.834000 0.536000 0.022000 0.029000
0 0.618000 0.645000 0.019000 0.019000
0 0.744500 0.484500 0.034000 0.026000
0 0.509500 0.423500 0.018000 0.018000
0 0.144000 0.326500 0.022000 0.022000
0 0.879500 0.498000 0.013000 0.014000
0 0.662000 0.673000 0.021000 0.019000
0 0.378500 0.753500 0.015000 0.014000
0 0.413000 0.209500 0.016000 0.012000
0 0.446500 0.423000 0.020000 0.015000
0 0.492000 0.416500 0.017000 0.017000
0 0.239000 0.599500 0.023000 0.023000
0 0.541500 0.501500 0.010000 0.012000
0 0.392500 0.201000 0.020000 0.022000
0 0.638000 0.798000 0.021000 0.017000
0 0.682500 0.228750 0.014000 0.020500
0 0.746500 0.533000 0.020000 0.025000
0 0.371000 0.544000 0.026000 0.029000
0 0.197000 0.506250 0.014000 0.017500
0 0.491000 0.279500 0.021000 0.013000
0 0.505500 0.466500 0.019000 0.015000
0 0.480000 0.410500 0.017000 0.018000
0 0.762000 0.497500 0.026000 0.022000
0 0.623500 0.548500 0.015000 0.013000
0 0.669000 0.719000 0.015000 0.015000
0 0.506500 0.510000 0.029000 0.024000
0 0.456000 0.594500 0.016000 0.015000
0 0.445000 0.330500 0.014000 0.015000
0 0.247500 0.347000 0.029000 0.025000
0 0.245000 0.564000 0.011000 0.014000
0 0.238000 0.236500 0.025000 0.027000
0 0.466000 0.575000 0.024000 0.023000
0 0.811500 0.475000 0.016000 0.016000
0 0.716000 0.316500 0.026000 0.022000
0 0.378500 0.860000 0.034000 0.035000
0 0.905000 0.500500 0.024000 0.026000
0 0.237000 0.468500 0.020000 0.020000
0 0.731000 0.409500 0.021000 0.021000
0 0.147500 0.343500 0.022000 0.023000
0 0.552000 0.641000 0.016000 0.014000
0 0.562500 0.560000 0.014000 0.019000
0 0.330000 0.400000 0.012000 0.012000
0 0.399000 0.570500 0.019000 0.020000
0 0.757000 0.744500 0.018000 0.019000
0 0.301500 0.267000 0.014000 0.017000
0 0.345500 0.502500 0.012000 0.017000
0 0.730500 0.625000 0.029000 0.026000
0 0.509000 0.761000 0.022000 0.015000
0 0.366000 0.377500 0.022000 0.023000
0 0.496500 0.538000 0.014000 0.010000
0 0.508000 0.437000 0.027000 0.028000
0 0.097500 0.512000 0.014000 0.014000
0 0.844000 0.402000 0.016000 0.014000
0 0.602500 0.399500 0.025000 0.021000
0 0.551000 0.370500 0.016000 0.016000
0 0.499000 0.483500 0.018000 0.017000
0 0.730000 0.769000 0.030000 0.024000
0 0.342500 0.779500 0.016000 0.015000
0 0.707500 0.772000 0.025000 0.026000
0 0.627500 0.232500 0.024000 0.016000
0 0.115000 0.482000 0.010000 0.014000
0 0.723000 0.541000 0.026000 0.024000
0 0.670500 0.767000 0.025000 0.023000
0 0.126500 0.366500 0.022000 0.021000
0 0.482500 0.546500 0.023000 0.021000
0 0.158000 0.377500 0.032000 0.031000
0 0.430500 0.456500 0.020000 0.023000
0 0.340500 0.420500 0.017000 0.012000
0 0.580000 0.168500 0.014000 0.009000
0 0.411000 0.181000 0.023000 0.024000
0 0.318000 0.328500 0.026000 0.023000
0 0.509000 0.849500 0.027000 0.021000
0 0.478000 0.535000 0.013000 0.016000
0 0.812500 0.637500 0.019000 0.016000
0 0.407000 0.500000 0.022000 0.019000
0 0.469000 0.600500 0.013000 0.013000
0 0.557500 0.833500 0.013000 0.010000
0 0.911500 0.578000 0.015000 0.018000
0 0.394000 0.634500 0.012000 0.016000
0 0.825500 0.719000 0.022000 0.028000
0 0.572500 0.454500 0.023000 0.023000
0 0.673500 0.487000 0.019000 0.023000
0 0.687000 0.803500 0.023000 0.029000
0 0.673000 0.288750 0.019000 0.020500
0 0.657500 0.476500 0.027000 0.024000
0 0.507500 0.697000 0.013000 0.012000
0 0.402000 0.222000 0.017000 0.017000
0 0.414500 0.413000 0.017000 0.015000
0 0.624500 0.464000 0.015000 0.015000
0 0.604500 0.420000 0.015000 0.016000
0 0.208500 0.791250 0.016000 0.023500
0 0.370500 0.134000 0.015000 0.016000
0 0.627500 0.263500 0.016000 0.014000
0 0.491000 0.265500 0.028000 0.027000
0 0.216000 0.778000 0.018000 0.015000
0 0.617000 0.721500 0.019000 0.022000
0 0.644000 0.758500 0.028000 0.031000
0 0.283250 0.585000 0.011500 0.010000
0 0.565000 0.490000 0.020000 0.036000
0 0.402000 0.332000 0.025000 0.025000
0 0.466500 0.332000 0.016000 0.019000
0 0.822500 0.419500 0.020000 0.026000
0 0.457500 0.609500 0.020000 0.021000
0 0.441000 0.628500 0.021000 0.025000
0 0.503500 0.557000 0.028000 0.029000
0 0.785500 0.806500 0.011000 0.016000
0 0.270000 0.403000 0.014000 0.014000
0 0.205500 0.430500 0.021000 0.026000
0 0.556000 0.452500 0.022000 0.026000
0 0.804750 0.650000 0.014500 0.012000
0 0.595500 0.750500 0.015000 0.016000
0 0.797000 0.388000 0.022000 0.025000
0 0.687000 0.568500 0.010000 0.014000
0 0.673000 0.701000 0.021000 0.023000
0 0.568000 0.496000 0.019000 0.022000
0 0.799000 0.498500 0.022000 0.024000
0 0.491500 0.096500 0.011000 0.010000
0 0.582500 0.197000 0.023000 0.026000
0 0.559000 0.157000 0.028000 0.026000
0 0.370500 0.405500 0.014000 0.012000
0 0.674500 0.697000 0.014000 0.016000
0 0.382000 0.308000 0.018000 0.017000
0 0.569000 0.198000 0.022000 0.028000
0 0.684000 0.153000 0.029000 0.028000
0 0.552500 0.432500 0.020000 0.018000
0 0.501000 0.355000 0.021000 0.028000
0 0.494000 0.578000 0.010000 0.010000
0 0.660500 0.437500 0.020000 0.024000
0 0.650500 0.629500 0.016000 0.013000
0 0.671500 0.201500 0.021000 0.022000
0 0.858000 0.382000 0.024000 0.025000
0 0.288000 0.711000 0.013000 0.009000
0 0.638000 0.240500 0.027000 0.028000
0 0.475500 0.159000 0.023000 0.019000
0 0.224000 0.698500 0.020000 0.016000
0 0.225000 0.778000 0.018000 0.021000
0 0.785000 0.654000 0.017000 0.019000
0 0.555500 0.478750 0.025000 0.032500
0 0.464000 0.396000 0.036000 0.027000
0 0.607000 0.174000 0.015000 0.015000
0 0.740000 0.461500 0.024000 0.022000
0 0.437500 0.661500 0.032000 0.029000
0 0.574500 0.804500 0.017000 0.018000
0 0.414000 0.520000 0.011000 0.012000
0 0.472500 0.501000 0.025000 0.021000
0 0.494000 0.522500 0.011000 0.013000
0 0.585500 0.356000 0.030000 0.032000
0 0.716500 0.447500 0.025000 0.017000
0 0.207000 0.498000 0.014000 0.015000
0 0.440500 0.476000 0.021000 0.015000
0 0.442000 0.241000 0.022000 0.015000
0 0.355000 0.150500 0.024000 0.027000
0 0.121500 0.357500 0.023000 0.018000
0 0.128000 0.422000 0.021000 0.021000
0 0.539000 0.365500 0.019000 0.018000
0 0.440000 0.530500 0.022000 0.021000
0 0.480000 0.214500 0.017000 0.018000
0 0.415500 0.383000 0.030000 0.027000
0 0.517500 0.584000 0.020000 0.025000
0 0.282500 0.238500 0.033000 0.025000
0 0.630500 0.896250 0.013000 0.014500
0 0.732000 0.492500 0.012000 0.013000
0 0.755500 0.240500 0.025000 0.017000
0 0.112000 0.505500 0.026000 0.026000
0 0.775500 0.315500 0.033000 0.031000
0 0.343500 0.530500 0.022000 0.022000
0 0.584750 0.184500 0.020500 0.016000
0 0.466500 0.772000 0.013000 0.009000
0 0.339000 0.339000 0.021000 0.024000
0 0.485000 0.521500 0.011000 0.011000
0 0.693500 0.475000 0.022000 0.022000
0 0.260500 0.307500 0.016000 0.016000
0 0.507500 0.172000 0.015000 0.010000
0 0.491000 0.315000 0.032000 0.030000
0 0.528500 0.446500 0.008000 0.008000
0 0.362000 0.565000 0.012000 0.023000
0 0.265500 0.450500 0.020000 0.025000
0 0.479500 0.463500 0.028000 0.028000
0 0.154000 0.514500 0.019000 0.013000
0 0.342000 0.373500 0.021000 0.020000
0 0.643500 0.296000 0.015000 0.013000
0 0.688000 0.682500 0.022000 0.023000
0 0.451250 0.461500 0.026500 0.021000
0 0.885000 0.409500 0.023000 0.021000
0 0.497500 0.492500 0.026000 0.023000
0 0.342000 0.450500 0.033000 0.024000
0 0.780000 0.454000 0.031000 0.026000
0 0.329500 0.615000 0.017000 0.017000
0 0.590500 0.124000 0.012000 0.015000
0 0.621500 0.391000 0.028000 0.021000
0 0.535000 0.392500 0.023000 0.028000
0 0.634000 0.460500 0.014000 0.015000
0 0.753000 0.184000 0.019000 0.021000
0 0.498500 0.230000 0.025000 0.027000
0 0.733500 0.583000 0.019000 0.025000
0 0.128000 0.449000 0.015000 0.015000
0 0.595500 0.686000 0.030000 0.020000
0 0.458500 0.780500 0.020000 0.020000
0 0.444500 0.779500 0.029000 0.020000
0 0.691500 0.211000 0.030000 0.020000
0 0.718000 0.628500 0.023000 0.020000
0 0.727500 0.833500 0.030000 0.025000
0 0.775000 0.299500 0.020000 0.021000
0 0.530000 0.485500 0.014000 0.015000
0 0.645500 0.481500 0.012000 0.011000
0 0.481500 0.607500 0.025000 0.026000
0 0.508000 0.455000 0.021000 0.020000
0 0.343500 0.483500 0.009000 0.012000
0 0.633000 0.724000 0.014000 0.015000
0 0.473000 0.907000 0.027000 0.027000
0 0.696000 0.535500 0.010000 0.010000
0 0.735000 0.171500 0.022000 0.019000
0 0.756500 0.346500 0.012000 0.013000
0 0.753500 0.665000 0.024000 0.024000
0 0.621000 0.471000 0.017000 0.031000
0 0.665000 0.462500 0.015000 0.016000
0 0.219000 0.708000 0.017000 0.026000
0 0.365000 0.571500 0.022000 0.023000
0 0.641000 0.496500 0.015000 0.016000
0 0.823500 0.377000 0.024000 0.022000
0 0.615000 0.781000 0.022000 0.022000
0 0.508500 0.589500 0.022000 0.023000
0 0.563000 0.430000 0.021000 0.023000
0 0.696000 0.544500 0.015000 0.014000
0 0.141500 0.306500 0.011000 0.012000
0 0.527000 0.103500 0.016000 0.015000
0 0.407000 0.432250 0.012000 0.017500
0 0.712000 0.142500 0.028000 0.024000
0 0.313000 0.696500 0.020000 0.020000
0 0.515500 0.083500 0.020000 0.017000
0 0.179500 0.526000 0.019000 0.030000
0 0.417000 0.451500 0.026000 0.025000
0 0.503000 0.722000 0.033000 0.024000
0 0.541500 0.792500 0.015000 0.012000
0 0.508000 0.309500 0.021000 0.023000
0 0.322500 0.743000 0.017000 0.018000
0 0.213500 0.411000 0.016000 0.016000
0 0.170500 0.605500 0.010000 0.016000
0 0.712000 0.648000 0.035000 0.026000
0 0.813500 0.293000 0.019000 0.020000
0 0.238500 0.821500 0.022000 0.016000
0 0.365500 0.581500 0.019000 0.028000
0 0.859000 0.445000 0.016000 0.012000
0 0.726000 0.377000 0.031000 0.027000
0 0.352000 0.680000 0.011000 0.010000
0 0.529500 0.455000 0.019000 0.019000
0 0.344000 0.125000 0.028000 0.032000
0 0.565500 0.531000 0.021000 0.020000
0 0.400000 0.600000 0.014000 0.012000
0 0.402500 0.629000 0.022000 0.016000
0 0.383000 0.721000 0.020000 0.024000
0 0.586500 0.574500 0.025000 0.018000
0 0.689000 0.340000 0.029000 0.025000
0 0.515500 0.375500 0.015000 0.011000
0 0.422500 0.105500 0.015000 0.017000
0 0.449500 0.392000 0.023000 0.022000
0 0.830000 0.634000 0.024000 0.023000
0 0.659500 0.374500 0.028000 0.028000
0 0.496500 0.582000 0.018000 0.021000
0 0.591500 0.372500 0.013000 0.015000
0 0.524500 0.745500 0.014000 0.012000
0 0.723500 0.323000 0.012000 0.012000
0 0.802000 0.353500 0.020000 0.020000
0 0.731000 0.294000 0.013000 0.013000
0 0.688000 0.590500 0.010000 0.013000
0 0.390000 0.788000 0.022000 0.022000
0 0.219500 0.534500 0.014000 0.013000
0 0.345000 0.608000 0.017000 0.017000
0 0.582000 0.581500 0.016000 0.017000
0 0.441000 0.539500 0.024000 0.018000
0 0.525000 0.667500 0.019000 0.020000
0 0.546000 0.093500 0.014000 0.013000
0 0.555000 0.308500 0.027000 0.027000
0 0.227500 0.419500 0.026000 0.026000
0 0.328500 0.665000 0.020000 0.022000
0 0.514000 0.256000 0.010000 0.009000
0 0.495000 0.598500 0.029000 0.028000
0 0.524500 0.361500 0.028000 0.029000
0 0.528500 0.600500 0.022000 0.028000
0 0.151500 0.727000 0.012000 0.012000
0 0.509500 0.190500 0.027000 0.029000
0 0.433500 0.231000 0.020000 0.018000
0 0.246500 0.574500 0.018000 0.021000
0 0.497000 0.860500 0.016000 0.012000
0 0.144000 0.480500 0.019000 0.018000
0 0.318500 0.369000 0.029000 0.022000
0 0.455000 0.489000 0.020000 0.024000
0 0.486500 0.506500 0.012000 0.013000
0 0.723500 0.430500 0.011000 0.011000
0 0.396000 0.684500 0.022000 0.025000
0 0.299750 0.367500 0.026500 0.024000
0 0.121000 0.592000 0.033000 0.035000
0 0.423500 0.293500 0.018000 0.014000
0 0.505500 0.500500 0.017000 0.019000
0 0.504000 0.316000 0.011000 0.014000
0 0.343500 0.492000 0.023000 0.022000
0 0.749000 0.187500 0.016000 0.015000
0 0.797250 0.262000 0.029500 0.022000
0 0.652000 0.417000 0.026000 0.029000
0 0.186000 0.596500 0.017000 0.014000
0 0.406000 0.388000 0.009000 0.009000
0 0.526500 0.705500 0.017000 0.016000
0 0.591500 0.408000 0.011000 0.014000
0 0.838000 0.662500 0.016000 0.020000
0 0.689000 0.483000 0.031000 0.033000
0 0.625500 0.369500 0.025000 0.033000
0 0.627500 0.216000 0.017000 0.014000
0 0.759500 0.534000 0.012000 0.013000
0 0.578500 0.557500 0.020000 0.022000
0 0.886500 0.365500 0.012000 0.013000
0 0.485000 0.478000 0.020000 0.024000
0 0.614000 0.760500 0.018000 0.016000
0 0.266500 0.429000 0.021000 0.016000
0 0.815000 0.461500 0.034000 0.019000
0 0.716000 0.330500 0.014000 0.015000
0 0.553500 0.416000 0.018000 0.015000
0 0.454500 0.768500 0.024000 0.025000
0 0.699500 0.635500 0.023000 0.026000
0 0.658500 0.520500 0.017000 0.017000
0 0.394000 0.483000 0.019000 0.010000
0 0.694500 0.275000 0.013000 0.009000
0 0.766500 0.231500 0.012000 0.014000
0 0.520500 0.510500 0.025000 0.026000
0 0.674500 0.460000 0.023000 0.023000
0 0.535500 0.091500 0.020000 0.020000
0 0.577000 0.496000 0.010000 0.009000
0 0.820000 0.572500 0.017000 0.015000
0 0.631000 0.740500 0.019000 0.018000
0 0.448500 0.916000 0.018000 0.020000
0 0.418000 0.770000 0.015000 0.017000
0 0.438500 0.468500 0.016000 0.015000
0 0.366000 0.539000 0.012000 0.013000
0 0.889000 0.479500 0.018000 0.017000
0 0.148750 0.416000 0.017500 0.012000
0 0.449500 0.664500 0.029000 0.027000
0 0.542000 0.640000 0.020000 0.020000
0 0.554000 0.712000 0.018000 0.012000
0 0.562500 0.130000 0.023000 0.028000
0 0.611500 0.498000 0.031000 0.025000
0 0.683500 0.131000 0.022000 0.021000
0 0.510000 0.612000 0.015000 0.014000
0 0.400500 0.201500 0.022000 0.022000
0 0.706000 0.550000 0.020000 0.019000
0 0.610000 0.589500 0.027000 0.020000
0 0.823000 0.338500 0.024000 0.022000
0 0.499500 0.625500 0.027000 0.025000
0 0.256500 0.355000 0.014000 0.018000
0 0.445500 0.573000 0.018000 0.017000
0 0.760500 0.384000 0.017000 0.018000
0 0.777000 0.195000 0.023000 0.023000
0 0.342000 0.697500 0.021000 0.023000
0 0.816500 0.749500 0.012000 0.011000
0 0.543000 0.223000 0.013000 0.011000
0 0.510000 0.660000 0.025000 0.020000
0 0.792500 0.692000 0.023000 0.018000
0 0.523000 0.472000 0.021000 0.018000
0 0.518000 0.404000 0.027000 0.025000
0 0.619000 0.293500 0.023000 0.023000
0 0.406000 0.423500 0.027000 0.022000
0 0.269000 0.790750 0.016000 0.023500
0 0.719500 0.565000 0.025000 0.029000
0 0.418000 0.624500 0.031000 0.026000
0 0.360500 0.558000 0.021000 0.019000
0 0.640500 0.662500 0.021000 0.026000
0 0.203000 0.395500 0.024000 0.025000
0 0.463500 0.511500 0.025000 0.018000
0 0.255000 0.458500 0.033000 0.029000
0 0.736500 0.233000 0.011000 0.012000
0 0.588000 0.483000 0.029000 0.029000
0 0.370000 0.515000 0.015000 0.018000
0 0.599500 0.433000 0.013000 0.015000
0 0.521000 0.501000 0.011000 0.011000
0 0.577500 0.539500 0.015000 0.016000
0 0.663000 0.840500 0.009000 0.011000
0 0.610000 0.679500 0.014000 0.016000
0 0.446500 0.697000 0.032000 0.027000
0 0.524000 0.490000 0.014000 0.015000
0 0.899000 0.375500 0.025000 0.023000
0 0.776500 0.538500 0.011000 0.012000
0 0.348000 0.305500 0.028000 0.020000
0 0.533000 0.111000 0.013000 0.014000
0 0.166000 0.721500 0.031000 0.028000
0 0.612000 0.646000 0.022000 0.022000
0 0.605500 0.236000 0.035000 0.022000
0 0.483000 0.585500 0.023000 0.020000
0 0.460000 0.209000 0.026000 0.034000
0 0.288500 0.698500 0.022000 0.022000
0 0.523500 0.465000 0.015000 0.011000
0 0.429500 0.802000 0.017000 0.019000
0 0.711000 0.712000 0.020000 0.022000
0 0.396500 0.518500 0.025000 0.024000
0 0.637000 0.400500 0.024000 0.023000
0 0.462500 0.533500 0.021000 0.018000