0 0.651500 0.455500 0.017000 0.024000
0 0.740500 0.752000 0.024000 0.021000
0 0.281500 0.298500 0.018000 0.019000
0 0.487500 0.491000 0.019000 0.028000
0 0.831500 0.486500 0.022000 0.021000
0 0.878500 0.569000 0.010000 0.011000
0 0.660500 0.322500 0.028000 0.028000
0 0.678500 0.193500 0.017000 0.021000
0 0.768500 0.595000 0.020000 0.023000
0 0.151500 0.315500 0.017000 0.016000
0 0.778500 0.525500 0.031000 0.027000
0 0.209000 0.219500 0.022000 0.021000
0 0.465000 0.379500 0.010000 0.014000
0 0.746000 0.499500 0.017000 0.013000
0 0.319500 0.487500 0.021000 0.029000
0 0.500000 0.592500 0.028000 0.020000
0 0.389000 0.639500 0.018000 0.017000
0 0.192500 0.544000 0.012000 0.012000
0 0.488500 0.448000 0.024000 0.030000
0 0.431500 0.297500 0.019000 0.022000
0 0.607500 0.739000 0.021000 0.017000
0 0.536000 0.412500 0.018000 0.012000
0 0.503250 0.498000 0.017500 0.015000
0 0.678500 0.724500 0.031000 0.028000
0 0.650000 0.850500 0.018000 0.015000
0 0.643000 0.610000 0.017000 0.013000
0 0.288500 0.707500 0.018000 0.014000
0 0.360000 0.534500 0.012000 0.009000
0 0.362500 0.439000 0.026000 0.029000
0 0.620250 0.339250 0.023500 0.024500
0 0.507500 0.491500 0.030000 0.031000
0 0.506500 0.479500 0.026000 0.025000
0 0.483000 0.483000 0.024000 0.033000
0 0.449000 0.443500 0.019000 0.023000
0 0.186500 0.245500 0.010000 0.009000
0 0.474000 0.474000 0.018000 0.020000
0 0.459000 0.389000 0.017000 0.017000
0 0.520500 0.430500 0.020000 0.021000
0 0.499500 0.416500 0.020000 0.019000
0 0.440000 0.356500 0.020000 0.019000
0 0.481000 0.659000 0.019000 0.022000
0 0.638000 0.566500 0.028000 0.031000
0 0.495500 0.497500 0.022000 0.016000
0 0.740000 0.439000 0.022000 0.017000
0 0.682500 0.813500 0.026000 0.021000
0 0.475500 0.616500 0.025000 0.033000
0 0.266500 0.590000 0.009000 0.013000
0 0.627500 0.601000 0.033000 0.036000
0 0.558000 0.459000 0.015000 0.014000
0 0.839000 0.379500 0.024000 0.022000
0 0.561000 0.233500 0.031000 0.031000
0 0.308000 0.685500 0.025000 0.018000
0 0.578000 0.562500 0.012000 0.015000
0 0.331000 0.774500 0.027000 0.020000
0 0.566000 0.541000 0.033000 0.030000
0 0.714000 0.444500 0.011000 0.011000
0 0.515500 0.296000 0.028000 0.029000
0 0.397000 0.229500 0.022000 0.026000
0 0.316000 0.549000 0.034000 0.020000
0 0.500000 0.538750 0.008000 0.011500
0 0.512000 0.877000 0.011000 0.012000
0 0.713000 0.655500 0.022000 0.026000
0 0.786000 0.220000 0.017000 0.017000
0 0.676000 0.182500 0.019000 0.014000
0 0.653500 0.187000 0.024000 0.022000
0 0.491000 0.565000 0.029000 0.022000
0 0.523500 0.478000 0.021000 0.024000
0 0.194500 0.529000 0.019000 0.014000
0 0.352000 0.535500 0.027000 0.019000
0 0.525500 0.644500 0.025000 0.025000
0 0.381000 0.897000 0.016000 0.015000
0 0.531000 0.813000 0.010000 0.010000
0 0.423000 0.682500 0.018000 0.020000
0 0.504500 0.523000 0.018000 0.020000
0 0.627500 0.446000 0.020000 0.030000
0 0.556000 0.518500 0.011000 0.010000
0 0.484000 0.380000 0.018000 0.023000
0 0.331250 0.319000 0.014500 0.011000
0 0.347000 0.473500 0.012000 0.013000
0 0.568000 0.825500 0.027000 0.030000
0 0.800000 0.222500 0.011000 0.015000
0 0.553500 0.549500 0.028000 0.023000
0 0.272500 0.411500 0.019000 0.014000
0 0.526500 0.754500 0.028000 0.025000
0 0.402250 0.170000 0.023500 0.016000
0 0.548000 0.565000 0.024000 0.020000
0 0.225000 0.746000 0.021000 0.023000
0 0.468000 0.241500 0.019000 0.020000
0 0.483500 0.467000 0.023000 0.025000
0 0.468000 0.550500 0.028000 0.029000
0 0.371500 0.690000 0.018000 0.020000
0 0.678000 0.793000 0.012000 0.012000
0 0.263000 0.601000 0.013000 0.012000
0 0.590000 0.158000 0.014000 0.015000
0 0.520000 0.536500 0.021000 0.020000
0 0.546500 0.234000 0.020000 0.023000
0 0.838000 0.498000 0.011000 0.013000
0 0.385500 0.493500 0.013000 0.012000
0 0.514500 0.463000 0.017000 0.020000
0 0.487500 0.238000 0.018000 0.015000
0 0.356000 0.411500 0.011000 0.010000
0 0.298000 0.764000 0.021000 0.032000
0 0.638500 0.808500 0.008000 0.009000
0 0.559000 0.495500 0.015000 0.016000
0 0.735500 0.355000 0.025000 0.026000
0 0.142500 0.463000 0.022000 0.022000
0 0.633500 0.653000 0.016000 0.016000
0 0.603000 0.237000 0.019000 0.026000
0 0.672000 0.530500 0.029000 0.019000
0 0.437500 0.338500 0.017000 0.021000
0 0.173000 0.291000 0.023000 0.021000
0 0.468250 0.599500 0.017500 0.013000
0 0.366000 0.424500 0.018000 0.019000
0 0.575000 0.729000 0.024000 0.022000
0 0.620500 0.835750 0.018000 0.026500
0 0.155500 0.467500 0.017000 0.021000
0 0.476000 0.192000 0.021000 0.023000
0 0.443000 0.800000 0.014000 0.016000
0 0.459500 0.460000 0.015000 0.016000
0 0.304000 0.831000 0.025000 0.024000
0 0.528500 0.196500 0.015000 0.014000
0 0.194500 0.481500 0.018000 0.018000
0 0.759500 0.179000 0.025000 0.026000
0 0.574000 0.596500 0.021000 0.020000
0 0.294500 0.384000 0.020000 0.022000
0 0.424000 0.495500 0.022000 0.021000
0 0.444000 0.219500 0.025000 0.023000
0 0.535500 0.821500 0.018000 0.015000
0 0.439000 0.631500 0.027000 0.028000
0 0.333000 0.350500 0.019000 0.018000
0 0.099500 0.475500 0.021000 0.019000
0 0.590000 0.094000 0.017000 0.018000
0 0.462500 0.770500 0.018000 0.020000
0 0.280500 0.857000 0.023000 0.019000
0 0.509500 0.490500 0.016000 0.025000
0 0.467000 0.297500 0.021000 0.013000
0 0.329500 0.874500 0.011000 0.010000
0 0.587000 0.544500 0.025000 0.022000
0 0.760500 0.240500 0.020000 0.018000
0 0.638000 0.432000 0.032000 0.032000
0 0.322000 0.671500 0.028000 0.027000
0 0.430500 0.595500 0.017000 0.022000
0 0.688000 0.576000 0.021000 0.021000
0 0.279500 0.517000 0.026000 0.024000
0 0.298500 0.607000 0.013000 0.015000
0 0.629000 0.490500 0.027000 0.027000
0 0.220000 0.391000 0.026000 0.023000
0 0.194500 0.418500 0.016000 0.016000
0 0.527000 0.429500 0.016000 0.017000
0 0.549500 0.515500 0.014000 0.013000
0 0.521500 0.574000 0.009000 0.011000
0 0.480000 0.107000 0.035000 0.034000
0 0.201500 0.443500 0.012000 0.019000
0 0.777000 0.700000 0.022000 0.015000
0 0.690500 0.491000 0.016000 0.015000
0 0.161000 0.343500 0.017000 0.018000
0 0.601500 0.190500 0.026000 0.028000
0 0.594000 0.188500 0.016000 0.018000
0 0.184000 0.345000 0.032000 0.029000
0 0.413000 0.416500 0.026000 0.030000
0 0.510000 0.545000 0.016000 0.014000
0 0.520000 0.417000 0.020000 0.031000
0 0.558000 0.500500 0.015000 0.015000
0 0.423000 0.489500 0.022000 0.020000
0 0.491500 0.486500 0.017000 0.019000
0 0.810000 0.633000 0.019000 0.023000
0 0.743500 0.447000 0.022000 0.025000
0 0.497000 0.517500 0.023000 0.019000
0 0.267500 0.757000 0.015000 0.016000
0 0.389000 0.536500 0.017000 0.017000
0 0.310000 0.463500 0.019000 0.024000
0 0.750000 0.811500 0.016000 0.016000
0 0.279000 0.685000 0.020000 0.024000
0 0.694500 0.349000 0.023000 0.021000
0 0.248500 0.193000 0.020000 0.023000
0 0.212000 0.312500 0.016000 0.014000
0 0.136500 0.518000 0.024000 0.029000
0 0.416000 0.445000 0.022000 0.015000
0 0.620000 0.845000 0.018000 0.021000
0 0.524000 0.474000 0.016000 0.013000
0 0.605500 0.468500 0.018000 0.018000
0 0.656000 0.852000 0.016000 0.018000
0 0.241000 0.576000 0.010000 0.010000
0 0.512000 0.581750 0.018000 0.026500
0 0.489500 0.507500 0.016000 0.016000
0 0.543000 0.481000 0.014000 0.014000
0 0.379000 0.601500 0.012000 0.015000
0 0.725500 0.722500 0.026000 0.017000
0 0.476000 0.730000 0.019000 0.020000
0 0.563000 0.596500 0.021000 0.019000
0 0.587500 0.804250 0.016000 0.023500
0 0.407000 0.705500 0.013000 0.015000
0 0.204000 0.353000 0.012000 0.011000
0 0.381500 0.643000 0.022000 0.031000
0 0.317500 0.242500 0.015000 0.014000
0 0.655000 0.471500 0.018000 0.016000
0 0.905000 0.507000 0.009000 0.009000
0 0.446500 0.523000 0.031000 0.025000
0 0.379000 0.575500 0.013000 0.020000
0 0.476000 0.445000 0.021000 0.017000
0 0.507500 0.730500 0.024000 0.021000
0 0.527500 0.793000 0.031000 0.031000
0 0.420000 0.312500 0.018000 0.017000
0 0.829000 0.383000 0.024000 0.020000
0 0.484000 0.519000 0.019000 0.018000
0 0.507500 0.550000 0.013000 0.016000
0 0.335000 0.453000 0.013000 0.010000
0 0.215000 0.332000 0.009000 0.009000
0 0.365500 0.380000 0.022000 0.024000
0 0.529500 0.496500 0.014000 0.016000
0 0.405000 0.815000 0.017000 0.020000
0 0.386000 0.630500 0.022000 0.030000
0 0.312500 0.609500 0.012000 0.009000
0 0.519500 0.504000 0.014000 0.016000
0 0.738000 0.625500 0.018000 0.020000
0 0.493500 0.521000 0.025000 0.028000
0 0.509500 0.501000 0.026000 0.027000
0 0.388000 0.515000 0.017000 0.017000
0 0.352500 0.385500 0.022000 0.019000
0 0.482000 0.474500 0.014000 0.013000
0 0.539000 0.559500 0.025000 0.023000
0 0.285500 0.716000 0.025000 0.031000
0 0.625000 0.521000 0.014000 0.021000
0 0.492500 0.409500 0.026000 0.017000
0 0.584500 0.349000 0.018000 0.015000
0 0.557000 0.898500 0.023000 0.026000
0 0.266000 0.784500 0.021000 0.013000
0 0.360500 0.515500 0.017000 0.018000
0 0.652000 0.436500 0.030000 0.030000
0 0.664500 0.491000 0.017000 0.022000
0 0.212000 0.491000 0.013000 0.014000
0 0.498500 0.709500 0.014000 0.014000
0 0.481000 0.598000 0.018000 0.019000
0 0.293000 0.546500 0.017000 0.018000
0 0.381000 0.304000 0.012000 0.015000
0 0.434500 0.434500 0.014000 0.014000
0 0.633000 0.564500 0.017000 0.016000
0 0.108000 0.467000 0.017000 0.018000
0 0.505000 0.443000 0.014000 0.011000
0 0.688750 0.531500 0.017500 0.013000
0 0.392500 0.487500 0.026000 0.027000
0 0.370500 0.387500 0.016000 0.013000
0 0.462000 0.490500 0.016000 0.021000
0 0.726500 0.221500 0.013000 0.013000
0 0.412000 0.357000 0.022000 0.022000
0 0.673500 0.503500 0.021000 0.022000
0 0.485000 0.554500 0.009000 0.009000
0 0.407000 0.448500 0.010000 0.010000
0 0.493500 0.851000 0.023000 0.019000
0 0.698500 0.841500 0.024000 0.021000
0 0.754000 0.306000 0.030000 0.027000
0 0.694000 0.425000 0.017000 0.018000
0 0.461000 0.246000 0.009000 0.010000
0 0.823000 0.600000 0.026000 0.022000
0 0.711000 0.702000 0.020000 0.020000
0 0.467500 0.908000 0.023000 0.020000
0 0.803500 0.366500 0.018000 0.018000
0 0.440500 0.500500 0.023000 0.023000
0 0.370500 0.531500 0.023000 0.022000
0 0.657000 0.411000 0.027000 0.019000
0 0.682000 0.486000 0.026000 0.027000
0 0.228500 0.301500 0.032000 0.034000
0 0.848500 0.311500 0.010000 0.011000
0 0.847500 0.550000 0.012000 0.010000
0 0.642500 0.182250 0.017000 0.023500
0 0.195000 0.768000 0.018000 0.018000
0 0.701000 0.262500 0.019000 0.021000
0 0.709500 0.550000 0.009000 0.016000
0 0.452500 0.515000 0.024000 0.022000
0 0.596500 0.574000 0.019000 0.022000
0 0.539500 0.655500 0.024000 0.025000
0 0.785500 0.507500 0.018000 0.017000
0 0.284000 0.771500 0.011000 0.012000
0 0.336000 0.361500 0.025000 0.030000
0 0.549500 0.677000 0.020000 0.018000
0 0.505000 0.322000 0.021000 0.030000
0 0.402000 0.690500 0.022000 0.018000
0 0.441000 0.285500 0.014000 0.015000
0 0.501500 0.554000 0.026000 0.025000
0 0.521500 0.515000 0.020000 0.017000
0 0.531000 0.522750 0.010000 0.014500
0 0.212000 0.248000 0.016000 0.017000
0 0.416000 0.449000 0.019000 0.022000
0 0.527500 0.449500 0.014000 0.011000
0 0.572000 0.645000 0.009000 0.013000
0 0.641500 0.151000 0.025000 0.026000
0 0.182500 0.359000 0.019000 0.019000
0 0.460000 0.482000 0.021000 0.017000
0 0.472500 0.458000 0.014000 0.010000
0 0.621000 0.222500 0.019000 0.025000
0 0.413500 0.512000 0.017000 0.017000
0 0.512000 0.426000 0.020000 0.022000
0 0.541000 0.457500 0.026000 0.026000
0 0.225000 0.502500 0.032000 0.032000
0 0.295000 0.420500 0.020000 0.022000
0 0.361500 0.549000 0.020000 0.028000
0 0.725500 0.498000 0.013000 0.014000
0 0.318000 0.439000 0.017000 0.025000
0 0.696500 0.587500 0.015000 0.014000
0 0.276000 0.334500 0.026000 0.023000
0 0.526000 0.515500 0.019000 0.025000
0 0.681500 0.651000 0.016000 0.012000
0 0.574500 0.505000 0.027000 0.025000
0 0.716000 0.367500 0.018000 0.019000
0 0.848500 0.672000 0.010000 0.015000
0 0.486500 0.599000 0.023000 0.023000
0 0.499500 0.509000 0.010000 0.009000
0 0.412000 0.795000 0.031000 0.020000
0 0.545500 0.369500 0.013000 0.014000
0 0.466500 0.275000 0.020000 0.020000
0 0.746500 0.838500 0.022000 0.022000
0 0.107500 0.646000 0.014000 0.013000
0 0.364500 0.574000 0.024000 0.026000
0 0.502000 0.572500 0.018000 0.018000
0 0.881000 0.580500 0.026000 0.025000
0 0.290000 0.859500 0.022000 0.020000
0 0.522000 0.496500 0.011000 0.012000
0 0.330000 0.268500 0.014000 0.015000
0 0.640500 0.396500 0.019000 0.019000
0 0.160500 0.366000 0.022000 0.018000
0 0.885500 0.363000 0.024000 0.016000
0 0.411000 0.131000 0.022000 0.024000
0 0.404500 0.417000 0.020000 0.020000
0 0.446000 0.370000 0.032000 0.030000
0 0.531500 0.541500 0.024000 0.023000
0 0.345000 0.742000 0.035000 0.033000
0 0.480500 0.427500 0.012000 0.011000
0 0.533500 0.466500 0.011000 0.013000
0 0.459000 0.554250 0.018000 0.023500
0 0.805000 0.344000 0.017000 0.019000
0 0.536500 0.400500 0.023000 0.024000
0 0.648000 0.532500 0.013000 0.015000
0 0.719500 0.614500 0.018000 0.009000
0 0.826000 0.467500 0.022000 0.021000
0 0.725500 0.450500 0.013000 0.015000
0 0.493500 0.500000 0.019000 0.019000
0 0.825000 0.274000 0.032000 0.023000
0 0.647750 0.679500 0.020500 0.014000
0 0.797500 0.678000 0.019000 0.020000
0 0.517500 0.863500 0.017000 0.022000
0 0.596000 0.391500 0.021000 0.022000
0 0.559500 0.638500 0.028000 0.026000
0 0.560000 0.277000 0.017000 0.016000
0 0.562250 0.494500 0.017500 0.016000
0 0.419000 0.227000 0.017000 0.017000
0 0.632500 0.255500 0.013000 0.014000
0 0.406000 0.657000 0.026000 0.022000
0 0.782500 0.291500 0.020000 0.027000
0 0.208500 0.460500 0.018000 0.024000
0 0.342000 0.629500 0.029000 0.027000
0 0.656000 0.750500 0.012000 0.010000
0 0.641500 0.293500 0.031000 0.025000
0 0.643000 0.553500 0.017000 0.015000
0 0.337500 0.628000 0.018000 0.018000
0 0.684500 0.385500 0.022000 0.016000
0 0.442000 0.245500 0.024000 0.023000
0 0.661500 0.632000 0.032000 0.023000
0 0.233000 0.594000 0.018000 0.013000
0 0.488500 0.520500 0.013000 0.011000
0 0.481500 0.564500 0.024000 0.026000
0 0.794000 0.724000 0.024000 0.025000
0 0.522000 0.313000 0.031000 0.030000
0 0.398000 0.469500 0.030000 0.027000
0 0.387500 0.369500 0.011000 0.012000
0 0.384500 0.561500 0.019000 0.017000
0 0.476000 0.403500 0.019000 0.021000
0 0.637500 0.588000 0.034000 0.033000
0 0.683000 0.498000 0.031000 0.031000
0 0.683500 0.682000 0.015000 0.012000
0 0.733000 0.653000 0.011000 0.011000
0 0.147000 0.644000 0.027000 0.028000
0 0.613000 0.331500 0.031000 0.027000
0 0.655500 0.356000 0.023000 0.020000
0 0.475000 0.512500 0.010000 0.011000
0 0.280500 0.443000 0.010000 0.009000
0 0.616000 0.198000 0.028000 0.019000
0 0.689500 0.522000 0.011000 0.013000
0 0.399500 0.594000 0.029000 0.028000
0 0.357000 0.850500 0.021000 0.031000
0 0.697000 0.759500 0.016000 0.023000
0 0.540000 0.547000 0.019000 0.021000
0 0.513000 0.596000 0.022000 0.030000
0 0.261500 0.558500 0.019000 0.021000
0 0.472000 0.800500 0.016000 0.017000
0 0.158000 0.429000 0.016000 0.018000
0 0.663000 0.728000 0.022000 0.027000
0 0.389500 0.578000 0.023000 0.026000
0 0.507000 0.513500 0.017000 0.017000
0 0.770500 0.444000 0.017000 0.019000
0 0.329000 0.745500 0.014000 0.015000
0 0.430500 0.765000 0.021000 0.018000
0 0.485000 0.209000 0.027000 0.029000
0 0.683000 0.438500 0.030000 0.026000
0 0.564500 0.401500 0.014000 0.016000
0 0.804000 0.295000 0.017000 0.012000
0 0.595000 0.333000 0.008000 0.015000
0 0.324500 0.503000 0.011000 0.011000
0 0.499000 0.499500 0.018000 0.018000
0 0.465500 0.734000 0.022000 0.022000
0 0.183500 0.385500 0.030000 0.030000
0 0.527500 0.096500 0.023000 0.023000
0 0.426500 0.555500 0.026000 0.021000
0 0.667500 0.333500 0.010000 0.013000
0 0.129000 0.575500 0.015000 0.014000
0 0.503000 0.377500 0.014000 0.012000
0 0.616500 0.414500 0.024000 0.018000
0 0.513500 0.479500 0.011000 0.012000
0 0.696000 0.818000 0.011000 0.010000
0 0.458500 0.540000 0.014000 0.013000
0 0.241000 0.377500 0.012000 0.009000
0 0.360500 0.754000 0.027000 0.025000
0 0.529500 0.464500 0.021000 0.018000
0 0.541500 0.321500 0.023000 0.024000
0 0.298500 0.371000 0.019000 0.017000
0 0.445500 0.566000 0.026000 0.024000
0 0.530000 0.401000 0.010000 0.010000
0 0.430000 0.523000 0.014000 0.014000
0 0.678500 0.359500 0.016000 0.020000
0 0.279000 0.742000 0.018000 0.013000
0 0.355000 0.721000 0.019000 0.019000
0 0.547000 0.635500 0.028000 0.026000
0 0.710500 0.374500 0.016000 0.013000
0 0.402500 0.092500 0.021000 0.018000
0 0.694500 0.168000 0.020000 0.020000
0 0.741500 0.747500 0.020000 0.015000
0 0.304000 0.702500 0.029000 0.029000
0 0.302500 0.544000 0.032000 0.033000
0 0.292000 0.828500 0.020000 0.023000
0 0.641500 0.626500 0.026000 0.027000
0 0.391000 0.675500 0.010000 0.010000
0 0.082500 0.450500 0.019000 0.017000
0 0.309000 0.647000 0.014000 0.014000
0 0.600000 0.625000 0.034000 0.025000
0 0.481500 0.539500 0.017000 0.017000
0 0.263500 0.449500 0.023000 0.022000
0 0.889500 0.539500 0.009000 0.011000
0 0.702500 0.519500 0.012000 0.013000
0 0.447500 0.410500 0.016000 0.015000
0 0.609500 0.354000 0.030000 0.023000
0 0.372000 0.305500 0.031000 0.032000
0 0.613500 0.812250 0.008000 0.011500
0 0.208000 0.279000 0.016000 0.020000
0 0.265000 0.624500 0.011000 0.011000
0 0.106000 0.514500 0.024000 0.030000
0 0.680000 0.126500 0.030000 0.032000
0 0.283500 0.328000 0.023000 0.021000
0 0.768000 0.620500 0.018000 0.014000
0 0.379000 0.884000 0.030000 0.033000
0 0.787500 0.652000 0.014000 0.017000
0 0.640000 0.720500 0.018000 0.017000