0 0.886500 0.630500 0.019000 0.017000
0 0.714000 0.698500 0.027000 0.020000
0 0.498500 0.535500 0.017000 0.018000
0 0.454500 0.427500 0.029000 0.034000
0 0.636500 0.109000 0.022000 0.022000
0 0.518500 0.574000 0.014000 0.013000
0 0.530000 0.368000 0.023000 0.023000
0 0.545500 0.429000 0.024000 0.035000
0 0.372000 0.159500 0.016000 0.012000
0 0.405500 0.216000 0.015000 0.016000
0 0.597500 0.484000 0.022000 0.017000
0 0.424000 0.366000 0.032000 0.021000
0 0.380000 0.568000 0.009000 0.013000
0 0.354250 0.411500 0.020500 0.020000
0 0.776000 0.738500 0.018000 0.015000
0 0.415500 0.336000 0.009000 0.010000
0 0.509000 0.398000 0.013000 0.013000
0 0.680500 0.348500 0.018000 0.017000
0 0.637500 0.761000 0.023000 0.024000
0 0.732000 0.585500 0.019000 0.021000
0 0.432000 0.598500 0.015000 0.011000
0 0.418750 0.398000 0.020500 0.018000
0 0.807500 0.348000 0.015000 0.013000
0 0.909500 0.543500 0.015000 0.012000
0 0.351000 0.564500 0.019000 0.022000
0 0.830000 0.407000 0.012000 0.014000
0 0.281000 0.427000 0.010000 0.013000
0 0.664500 0.330000 0.012000 0.013000
0 0.574000 0.168500 0.022000 0.015000
0 0.421500 0.104500 0.019000 0.022000
0 0.484500 0.513500 0.016000 0.013000
0 0.761500 0.466000 0.023000 0.021000
0 0.457500 0.597500 0.014000 0.015000
0 0.264500 0.410000 0.029000 0.029000
0 0.355000 0.750500 0.019000 0.020000
0 0.511000 0.655000 0.035000 0.022000
0 0.584000 0.616000 0.017000 0.019000
0 0.854000 0.601500 0.011000 0.015000
0 0.497500 0.479000 0.027000 0.022000
0 0.559000 0.258000 0.023000 0.022000
0 0.448500 0.438500 0.019000 0.018000
0 0.368500 0.284250 0.018000 0.023500
0 0.198000 0.757500 0.031000 0.024000
0 0.518000 0.515500 0.028000 0.023000
0 0.232000 0.566500 0.010000 0.010000
0 0.209500 0.409000 0.012000 0.011000
0 0.794500 0.769500 0.019000 0.018000
0 0.854500 0.303500 0.027000 0.026000
0 0.441000 0.563500 0.030000 0.018000
0 0.359000 0.659500 0.022000 0.022000
0 0.350000 0.671000 0.022000 0.027000
0 0.809500 0.272000 0.019000 0.017000
0 0.348000 0.597000 0.020000 0.018000
0 0.562500 0.545500 0.015000 0.015000
0 0.591000 0.498500 0.016000 0.016000
0 0.120500 0.416000 0.023000 0.020000
0 0.425000 0.504000 0.014000 0.015000
0 0.493000 0.466500 0.025000 0.024000
0 0.430500 0.387000 0.019000 0.017000
0 0.528500 0.581500 0.031000 0.022000
0 0.650500 0.381500 0.019000 0.023000
0 0.621000 0.136000 0.026000 0.027000
0 0.628500 0.436000 0.024000 0.024000
0 0.505000 0.486000 0.018000 0.016000
0 0.490500 0.625000 0.030000 0.030000
0 0.473500 0.564500 0.020000 0.017000
0 0.498500 0.497000 0.016000 0.011000
0 0.422000 0.294500 0.023000 0.025000
0 0.332500 0.534500 0.021000 0.020000
0 0.461000 0.461000 0.019000 0.018000
0 0.746000 0.357000 0.025000 0.028000
0 0.617500 0.446000 0.021000 0.019000
0 0.523500 0.599000 0.028000 0.027000
0 0.346000 0.714500 0.014000 0.014000
0 0.370500 0.590000 0.013000 0.011000
0 0.672000 0.627500 0.024000 0.026000
0 0.628500 0.858500 0.027000 0.025000
0 0.627000 0.629500 0.022000 0.018000
0 0.465000 0.160000 0.012000 0.016000
0 0.603000 0.293500 0.024000 0.023000
0 0.703500 0.799000 0.024000 0.020000
0 0.457000 0.778000 0.013000 0.017000
0 0.238000 0.334500 0.031000 0.031000
0 0.457500 0.411000 0.019000 0.019000
0 0.513000 0.393500 0.018000 0.022000
0 0.434000 0.254500 0.024000 0.027000
0 0.536500 0.461000 0.012000 0.013000
0 0.477000 0.497500 0.023000 0.023000
0 0.515500 0.450500 0.010000 0.011000
0 0.500500 0.401500 0.010000 0.009000
0 0.715000 0.537500 0.010000 0.010000
0 0.517500 0.490000 0.017000 0.015000
0 0.214000 0.471000 0.017000 0.022000
0 0.621000 0.533000 0.031000 0.029000
0 0.629000 0.539500 0.021000 0.021000
0 0.456000 0.512000 0.014000 0.015000
0 0.421000 0.463000 0.019000 0.020000
0 0.760000 0.368000 0.017000 0.017000
0 0.099500 0.437000 0.021000 0.020000
0 0.243000 0.368000 0.028000 0.019000
0 0.607500 0.638000 0.020000 0.016000
0 0.631500 0.483000 0.019000 0.019000
0 0.312000 0.695000 0.019000 0.022000
0 0.512500 0.460000 0.024000 0.022000
0 0.589000 0.534500 0.024000 0.022000
0 0.271500 0.204500 0.025000 0.018000
0 0.850500 0.629500 0.019000 0.020000
0 0.714500 0.416000 0.036000 0.033000
0 0.108500 0.393000 0.009000 0.016000
0 0.433500 0.426500 0.023000 0.024000
0 0.567500 0.489500 0.022000 0.023000
0 0.596000 0.542000 0.014000 0.013000
0 0.188000 0.571500 0.018000 0.022000
0 0.268500 0.284000 0.013000 0.020000
0 0.365000 0.301500 0.023000 0.026000
0 0.284500 0.761000 0.018000 0.018000
0 0.143000 0.629000 0.017000 0.014000
0 0.814000 0.230000 0.026000 0.019000
0 0.717000 0.176000 0.025000 0.021000
0 0.466500 0.514750 0.012000 0.014500
0 0.201000 0.305500 0.031000 0.027000
0 0.462500 0.263500 0.029000 0.030000
0 0.704500 0.236500 0.025000 0.026000
0 0.682500 0.598000 0.018000 0.017000
0 0.554000 0.871000 0.012000 0.012000
0 0.127500 0.454500 0.024000 0.023000
0 0.154000 0.283000 0.014000 0.016000
0 0.413000 0.358000 0.028000 0.028000
0 0.715000 0.854500 0.016000 0.016000
0 0.751000 0.643000 0.024000 0.024000
0 0.629500 0.790000 0.011000 0.016000
0 0.912500 0.490500 0.019000 0.021000
0 0.677500 0.422000 0.031000 0.022000
0 0.904000 0.556000 0.011000 0.012000
0 0.636500 0.621500 0.019000 0.020000
0 0.545000 0.549500 0.019000 0.018000
0 0.634000 0.517500 0.023000 0.022000
0 0.514000 0.784500 0.022000 0.021000
0 0.816500 0.768500 0.014000 0.012000
0 0.359000 0.457500 0.026000 0.022000
0 0.384000 0.748500 0.033000 0.033000
0 0.626500 0.462000 0.023000 0.032000
0 0.560000 0.406000 0.018000 0.016000
0 0.227000 0.753000 0.008000 0.011000
0 0.535500 0.684500 0.011000 0.016000
0 0.562000 0.878500 0.023000 0.022000
0 0.819000 0.500500 0.023000 0.020000
0 0.233500 0.466000 0.024000 0.030000
0 0.223500 0.578000 0.013000 0.014000
0 0.537500 0.488500 0.014000 0.015000
0 0.592500 0.296000 0.014000 0.011000
0 0.357000 0.849500 0.009000 0.012000
0 0.375000 0.527000 0.018000 0.027000
0 0.406000 0.533000 0.032000 0.031000
0 0.473000 0.220500 0.019000 0.021000
0 0.449000 0.179500 0.011000 0.009000
0 0.565000 0.352500 0.032000 0.031000
0 0.741500 0.403000 0.032000 0.030000
0 0.861000 0.702500 0.021000 0.022000
0 0.217500 0.500000 0.017000 0.015000
0 0.541500 0.680500 0.022000 0.020000
0 0.497000 0.505500 0.020000 0.022000
0 0.545500 0.541500 0.021000 0.020000
0 0.720500 0.819500 0.026000 0.027000
0 0.512000 0.772500 0.018000 0.018000
0 0.512500 0.481500 0.011000 0.013000
0 0.769000 0.742000 0.031000 0.032000
0 0.479000 0.761500 0.013000 0.012000
0 0.344000 0.333000 0.020000 0.016000
0 0.499500 0.499500 0.025000 0.033000
0 0.173000 0.258000 0.017000 0.016000
0 0.166500 0.486000 0.016000 0.018000
0 0.721500 0.571500 0.031000 0.031000
0 0.310000 0.456500 0.033000 0.021000
0 0.201000 0.396000 0.024000 0.027000
0 0.271500 0.270500 0.019000 0.020000
0 0.496500 0.668500 0.031000 0.023000
0 0.421500 0.723500 0.019000 0.020000
0 0.876000 0.315500 0.013000 0.015000
0 0.533000 0.404000 0.015000 0.014000
0 0.448500 0.417500 0.022000 0.024000
0 0.371500 0.198500 0.020000 0.020000
0 0.504000 0.561000 0.020000 0.020000
0 0.351000 0.719500 0.016000 0.013000
0 0.646000 0.800000 0.022000 0.017000
0 0.534500 0.432000 0.028000 0.022000
0 0.356000 0.177000 0.018000 0.018000
0 0.434000 0.210000 0.028000 0.027000
0 0.307000 0.463500 0.028000 0.027000
0 0.598500 0.502500 0.015000 0.020000
0 0.199500 0.715500 0.023000 0.034000
0 0.834000 0.368000 0.014000 0.015000
0 0.643500 0.465500 0.011000 0.014000
0 0.186000 0.221500 0.011000 0.014000
0 0.552000 0.619000 0.012000 0.009000
0 0.555500 0.827500 0.012000 0.013000
0 0.363500 0.579000 0.015000 0.024000
0 0.266500 0.262000 0.012000 0.014000
0 0.528250 0.557500 0.017500 0.012000
0 0.499000 0.776000 0.018000 0.013000
0 0.542500 0.903000 0.018000 0.015000
0 0.537500 0.527000 0.019000 0.019000
0 0.441000 0.312000 0.025000 0.025000
0 0.636000 0.659500 0.031000 0.030000
0 0.504500 0.300000 0.013000 0.019000
0 0.612500 0.736500 0.019000 0.025000
0 0.395000 0.709000 0.024000 0.023000
0 0.888500 0.583000 0.019000 0.024000
0 0.293500 0.611500 0.027000 0.027000
0 0.698500 0.180000 0.016000 0.012000
0 0.269500 0.359000 0.016000 0.011000
0 0.481000 0.320500 0.020000 0.021000
0 0.806000 0.479500 0.016000 0.022000
0 0.803000 0.329000 0.022000 0.021000
0 0.263000 0.638500 0.022000 0.025000
0 0.852000 0.280500 0.012000 0.013000
0 0.373000 0.809000 0.017000 0.018000
0 0.545000 0.387500 0.014000 0.011000
0 0.504000 0.548500 0.022000 0.033000
0 0.592500 0.692500 0.029000 0.022000
0 0.547000 0.313500 0.016000 0.018000
0 0.518000 0.669500 0.019000 0.018000
0 0.369000 0.429000 0.017000 0.018000
0 0.447000 0.259000 0.027000 0.022000
0 0.284500 0.626000 0.023000 0.024000
0 0.710500 0.550500 0.012000 0.012000
0 0.545500 0.134000 0.015000 0.017000
0 0.439500 0.237500 0.028000 0.031000
0 0.778500 0.386000 0.029000 0.025000
0 0.888000 0.622000 0.023000 0.020000
0 0.540500 0.564000 0.017000 0.016000
0 0.273000 0.670000 0.014000 0.017000
0 0.418500 0.159500 0.023000 0.026000
0 0.482000 0.128500 0.022000 0.016000
0 0.259000 0.681500 0.017000 0.023000
0 0.488000 0.336000 0.027000 0.019000
0 0.896500 0.510000 0.020000 0.013000
0 0.621500 0.518500 0.017000 0.015000
0 0.378000 0.283500 0.025000 0.030000
0 0.445500 0.896000 0.019000 0.024000
0 0.298500 0.605250 0.009000 0.011500
0 0.636500 0.389500 0.014000 0.014000
0 0.360500 0.637500 0.021000 0.026000
0 0.338500 0.494000 0.014000 0.016000
0 0.630000 0.118000 0.012000 0.013000
0 0.629250 0.704000 0.029500 0.020000
0 0.839000 0.287000 0.026000 0.028000
0 0.381000 0.645000 0.023000 0.026000
0 0.481500 0.391000 0.018000 0.018000
0 0.860500 0.494000 0.016000 0.015000
0 0.521000 0.257000 0.020000 0.019000
0 0.547500 0.806500 0.015000 0.016000
0 0.708500 0.388500 0.024000 0.022000
0 0.287500 0.399500 0.010000 0.012000
0 0.424250 0.518000 0.026500 0.024000
0 0.684000 0.296000 0.010000 0.011000
0 0.300500 0.448000 0.027000 0.023000
0 0.804500 0.751500 0.024000 0.024000
0 0.827500 0.272500 0.029000 0.028000
0 0.248000 0.781500 0.017000 0.015000
0 0.404000 0.513000 0.034000 0.029000
0 0.489500 0.428000 0.018000 0.024000
0 0.292500 0.331000 0.021000 0.022000
0 0.413000 0.435500 0.020000 0.020000
0 0.681000 0.308500 0.018000 0.018000
0 0.491500 0.388500 0.010000 0.012000
0 0.655500 0.198000 0.017000 0.022000
0 0.490000 0.169500 0.018000 0.026000
0 0.695000 0.461500 0.015000 0.017000
0 0.541000 0.446500 0.020000 0.023000
0 0.196500 0.358500 0.017000 0.016000
0 0.383500 0.380500 0.018000 0.017000
0 0.348000 0.293500 0.009000 0.010000
0 0.673250 0.326500 0.029500 0.020000
0 0.496000 0.562000 0.018000 0.018000
0 0.373000 0.112000 0.014000 0.014000
0 0.439500 0.678500 0.024000 0.025000
0 0.373000 0.553000 0.018000 0.017000
0 0.842000 0.449000 0.017000 0.015000
0 0.612500 0.179500 0.020000 0.024000
0 0.603000 0.559000 0.019000 0.017000
0 0.506500 0.361500 0.026000 0.024000
0 0.578500 0.611500 0.025000 0.018000
0 0.405500 0.387500 0.020000 0.023000
0 0.389500 0.856500 0.015000 0.014000
0 0.599500 0.845000 0.017000 0.017000
0 0.307000 0.432000 0.021000 0.020000
0 0.156250 0.618500 0.014500 0.011000
0 0.574000 0.498000 0.010000 0.012000
0 0.233000 0.411500 0.017000 0.017000
0 0.483500 0.518000 0.026000 0.023000
0 0.576000 0.670000 0.018000 0.017000
0 0.222500 0.247500 0.020000 0.028000
0 0.271500 0.335500 0.014000 0.015000
0 0.289000 0.275500 0.026000 0.026000
0 0.609000 0.884750 0.008000 0.011500
0 0.319500 0.431000 0.023000 0.020000
0 0.493000 0.400500 0.014000 0.014000
0 0.869500 0.403000 0.025000 0.016000
0 0.368500 0.754000 0.018000 0.023000
0 0.334500 0.516000 0.020000 0.020000
0 0.365750 0.407500 0.020500 0.015000
0 0.529000 0.463250 0.015000 0.020500
0 0.507000 0.471000 0.020000 0.021000
0 0.815500 0.324500 0.022000 0.029000
0 0.421000 0.328500 0.012000 0.010000
0 0.780500 0.310500 0.022000 0.021000
0 0.605500 0.584500 0.014000 0.014000
0 0.441500 0.354000 0.029000 0.023000
0 0.386500 0.182000 0.021000 0.026000
0 0.507500 0.583500 0.026000 0.026000
0 0.368000 0.382000 0.011000 0.011000
0 0.388500 0.143500 0.019000 0.013000
0 0.595500 0.110500 0.018000 0.016000
0 0.605500 0.415500 0.023000 0.017000
0 0.378500 0.423000 0.021000 0.023000
0 0.502500 0.661000 0.022000 0.022000
0 0.463000 0.531500 0.013000 0.014000
0 0.238500 0.500500 0.023000 0.022000
0 0.318000 0.453000 0.028000 0.019000
0 0.549250 0.493500 0.011500 0.008000
0 0.461500 0.479500 0.027000 0.024000
0 0.374000 0.417000 0.015000 0.016000
0 0.690000 0.528000 0.033000 0.033000
0 0.515500 0.387500 0.023000 0.022000
0 0.455500 0.492000 0.008000 0.009000
0 0.298500 0.778500 0.028000 0.022000
0 0.564000 0.507500 0.010000 0.009000
0 0.582000 0.647500 0.013000 0.014000
0 0.639500 0.316000 0.014000 0.014000
0 0.475000 0.439000 0.013000 0.012000
0 0.488000 0.524500 0.025000 0.021000
0 0.455500 0.526000 0.025000 0.027000
0 0.666500 0.428000 0.013000 0.016000
0 0.398000 0.549000 0.029000 0.033000
0 0.416500 0.679000 0.027000 0.023000
0 0.469500 0.655000 0.017000 0.018000
0 0.640000 0.290000 0.026000 0.032000
0 0.441500 0.398000 0.016000 0.017000
0 0.232500 0.193500 0.021000 0.021000
0 0.492500 0.381000 0.019000 0.014000
0 0.716500 0.487000 0.012000 0.012000
0 0.621500 0.199500 0.023000 0.026000
0 0.730000 0.178500 0.012000 0.020000
0 0.638000 0.559500 0.016000 0.016000
0 0.710500 0.784000 0.013000 0.012000
0 0.412750 0.242500 0.011500 0.008000
0 0.706500 0.474000 0.024000 0.020000
0 0.476000 0.466000 0.017000 0.020000
0 0.721000 0.478000 0.017000 0.021000
0 0.470500 0.423000 0.012000 0.011000
0 0.666500 0.495500 0.024000 0.021000
0 0.712000 0.164500 0.019000 0.017000
0 0.852500 0.389500 0.012000 0.012000
0 0.719500 0.746500 0.021000 0.023000
0 0.493500 0.513500 0.034000 0.024000
0 0.397000 0.577500 0.013000 0.015000
0 0.615000 0.403000 0.019000 0.017000
0 0.207000 0.207000 0.019000 0.022000
0 0.597500 0.258000 0.030000 0.030000
0 0.119500 0.601500 0.023000 0.023000
0 0.433000 0.456000 0.023000 0.023000
0 0.391000 0.331500 0.016000 0.023000
0 0.862000 0.457250 0.016000 0.023500
0 0.308500 0.851000 0.025000 0.024000
0 0.447000 0.907000 0.020000 0.022000
0 0.635250 0.381500 0.020500 0.017000
0 0.442500 0.652500 0.020000 0.021000
0 0.490500 0.489500 0.029000 0.032000
0 0.856000 0.363500 0.022000 0.023000
0 0.670000 0.634000 0.015000 0.012000
0 0.584000 0.717500 0.018000 0.024000
0 0.340000 0.178500 0.015000 0.014000
0 0.616000 0.322500 0.020000 0.022000
0 0.362000 0.531000 0.011000 0.015000
0 0.345000 0.858000 0.014000 0.014000
0 0.513500 0.503000 0.022000 0.027000
0 0.352500 0.513500 0.019000 0.018000
0 0.575500 0.195000 0.021000 0.020000
0 0.441000 0.157500 0.018000 0.012000
0 0.535000 0.403500 0.031000 0.027000
0 0.681000 0.515000 0.015000 0.012000
0 0.694750 0.589000 0.017500 0.012000
0 0.386500 0.764500 0.033000 0.031000
0 0.624000 0.381500 0.026000 0.032000
0 0.570000 0.597000 0.013000 0.013000
0 0.195500 0.463500 0.015000 0.020000
0 0.118000 0.444000 0.027000 0.019000
0 0.508500 0.495500 0.020000 0.016000
0 0.389000 0.154000 0.022000 0.018000
0 0.389000 0.599500 0.013000 0.013000
0 0.746500 0.806000 0.024000 0.024000
0 0.498500 0.468500 0.023000 0.016000
0 0.519500 0.539000 0.018000 0.018000
0 0.516500 0.548500 0.019000 0.020000
0 0.507000 0.538500 0.022000 0.020000
0 0.740500 0.304500 0.031000 0.030000
0 0.183500 0.270000 0.013000 0.013000
0 0.498500 0.654500 0.027000 0.029000
0 0.681000 0.570000 0.021000 0.033000
0 0.512000 0.510500 0.017000 0.014000
0 0.484000 0.895500 0.023000 0.020000
0 0.552000 0.307500 0.022000 0.022000
0 0.549000 0.222500 0.023000 0.026000
0 0.500000 0.342500 0.020000 0.022000
0 0.571500 0.512000 0.021000 0.021000
0 0.697000 0.832500 0.023000 0.023000
0 0.330000 0.794500 0.021000 0.027000
0 0.522000 0.290000 0.009000 0.011000
0 0.257000 0.320000 0.024000 0.024000
0 0.450500 0.541000 0.030000 0.029000
0 0.098000 0.422500 0.015000 0.015000
0 0.301000 0.496750 0.008000 0.011500
0 0.560500 0.559500 0.012000 0.011000
0 0.786500 0.398000 0.028000 0.029000
0 0.438000 0.407500 0.024000 0.018000
0 0.247000 0.813500 0.016000 0.018000
0 0.450000 0.359500 0.032000 0.022000
0 0.589500 0.794000 0.016000 0.022000
0 0.596000 0.189750 0.012000 0.017500
0 0.813000 0.629000 0.022000 0.024000
0 0.347500 0.605000 0.018000 0.018000
0 0.446500 0.379000 0.026000 0.021000
0 0.491000 0.643000 0.014000 0.017000
0 0.486000 0.429500 0.010000 0.009000
0 0.438000 0.364000 0.019000 0.025000
0 0.437000 0.519000 0.022000 0.021000
0 0.424500 0.527000 0.018000 0.020000
0 0.606500 0.390500 0.021000 0.023000
0 0.512500 0.368000 0.031000 0.029000
0 0.142000 0.646000 0.019000 0.019000
0 0.502500 0.598500 0.018000 0.018000
0 0.700000 0.203000 0.016000 0.017000
0 0.483500 0.405000 0.021000 0.025000
0 0.199500 0.337500 0.019000 0.012000
0 0.504500 0.505000 0.019000 0.022000
0 0.625000 0.737000 0.032000 0.031000
0 0.252500 0.549000 0.030000 0.021000
0 0.230000 0.202500 0.014000 0.012000
0 0.883750 0.373500 0.014500 0.010000
0 0.548500 0.488500 0.012000 0.014000
0 0.521000 0.706000 0.011000 0.011000
0 0.727000 0.561000 0.029000 0.020000
0 0.539750 0.406500 0.026500 0.021000
0 0.327750 0.638750 0.021500 0.020500
0 0.390500 0.740500 0.023000 0.022000
0 0.903500 0.406750 0.020000 0.029500
0 0.450500 0.457500 0.010000 0.011000
0 0.447000 0.512500 0.022000 0.019000
0 0.584000 0.596500 0.017000 0.024000
0 0.333500 0.354000 0.015000 0.013000
0 0.388500 0.540000 0.018000 0.019000
0 0.459500 0.586000 0.021000 0.021000
0 0.653000 0.766500 0.023000 0.028000
0 0.720500 0.413500 0.021000 0.018000
0 0.577000 0.402000 0.026000 0.024000
0 0.719500 0.377000 0.017000 0.018000
0 0.615500 0.661000 0.025000 0.024000
0 0.479000 0.525000 0.016000 0.017000
0 0.507500 0.449500 0.014000 0.011000
0 0.412500 0.764500 0.018000 0.017000
0 0.726500 0.809000 0.018000 0.018000
0 0.557000 0.707000 0.015000 0.016000
0 0.648750 0.427000 0.023500 0.016000
0 0.652000 0.794000 0.025000 0.029000
0 0.239500 0.286000 0.018000 0.025000
0 0.383000 0.848500 0.022000 0.019000
0 0.636000 0.637500 0.022000 0.019000
0 0.111000 0.369500 0.036000 0.030000
0 0.857000 0.645500 0.022000 0.028000
0 0.383500 0.326000 0.022000 0.026000
0 0.397000 0.271500 0.023000 0.023000
0 0.752500 0.612500 0.016000 0.015000
0 0.501500 0.245000 0.029000 0.027000
0 0.087500 0.562000 0.028000 0.031000
0 0.788000 0.294000 0.014000 0.011000
0 0.608500 0.519500 0.017000 0.015000
0 0.503000 0.494500 0.015000 0.020000
0 0.617500 0.605000 0.018000 0.022000
0 0.591000 0.750000 0.030000 0.026000
0 0.806500 0.417000 0.016000 0.016000
0 0.595000 0.769000 0.010000 0.012000
0 0.550500 0.626500 0.023000 0.018000
0 0.614500 0.414000 0.021000 0.023000
0 0.339000 0.357500 0.034000 0.034000
0 0.595500 0.315500 0.027000 0.021000
0 0.647500 0.342000 0.009000 0.009000
0 0.865500 0.469500 0.019000 0.014000
0 0.625000 0.596500 0.019000 0.023000
0 0.748500 0.433000 0.015000 0.018000
0 0.372500 0.504500 0.016000 0.016000
0 0.485000 0.541000 0.019000 0.018000
0 0.710500 0.658000 0.022000 0.017000
0 0.267000 0.493000 0.029000 0.026000
0 0.648000 0.649500 0.034000 0.026000
0 0.528000 0.824000 0.023000 0.024000
0 0.225000 0.698500 0.012000 0.011000
0 0.313500 0.236500 0.010000 0.013000
0 0.605000 0.094000 0.013000 0.016000
0 0.248500 0.538500 0.012000 0.013000
0 0.494000 0.527000 0.028000 0.024000
0 0.639000 0.347500 0.025000 0.018000
0 0.457500 0.401500 0.014000 0.019000
0 0.741500 0.579000 0.018000 0.020000
0 0.746000 0.590500 0.021000 0.022000
0 0.257500 0.307500 0.032000 0.029000
0 0.579500 0.162000 0.020000 0.015000
0 0.169500 0.388000 0.016000 0.011000
0 0.225000 0.360000 0.022000 0.019000
0 0.852500 0.325500 0.011000 0.013000
0 0.500500 0.359000 0.014000 0.015000
0 0.596000 0.375500 0.013000 0.014000
0 0.227500 0.419000 0.015000 0.019000
0 0.277500 0.295500 0.012000 0.010000
0 0.288000 0.446000 0.022000 0.023000
0 0.134500 0.475000 0.011000 0.011000
0 0.191000 0.503000 0.017000 0.023000
0 0.348500 0.223500 0.027000 0.027000
0 0.655500 0.567500 0.015000 0.016000
0 0.829000 0.645500 0.015000 0.016000
0 0.331500 0.575500 0.013000 0.013000
0 0.536500 0.731500 0.014000 0.015000
0 0.774000 0.613000 0.025000 0.018000
0 0.375000 0.202500 0.016000 0.016000
0 0.245500 0.430500 0.020000 0.019000
0 0.861500 0.303000 0.019000 0.016000
0 0.805500 0.225500 0.015000 0.019000
0 0.617000 0.558000 0.025000 0.025000
0 0.415000 0.732500 0.024000 0.025000
0 0.459000 0.645000 0.022000 0.016000
0 0.481000 0.555000 0.032000 0.026000
0 0.502500 0.442500 0.029000 0.030000
0 0.477000 0.404000 0.012000 0.013000
0 0.121000 0.668000 0.012000 0.014000
0 0.623000 0.627500 0.014000 0.015000
0 0.459500 0.219500 0.016000 0.017000
0 0.350500 0.771500 0.014000 0.011000
0 0.571000 0.485500 0.020000 0.020000
0 0.762000 0.602500 0.028000 0.034000
0 0.381000 0.444500 0.019000 0.012000
0 0.698000 0.516500 0.022000 0.019000
0 0.495500 0.293000 0.026000 0.019000
0 0.469000 0.563000 0.019000 0.019000
0 0.369500 0.617500 0.012000 0.016000
0 0.711500 0.357000 0.017000 0.020000
0 0.526500 0.279000 0.029000 0.028000
0 0.861000 0.499500 0.017000 0.020000
0 0.837500 0.646000 0.029000 0.032000
0 0.401500 0.134000 0.009000 0.012000
0 0.589000 0.450500 0.011000 0.014000
0 0.624500 0.226000 0.017000 0.015000
0 0.445000 0.390500 0.025000 0.027000
0 0.459500 0.349000 0.017000 0.022000
0 0.545500 0.582500 0.028000 0.020000
0 0.218000 0.544500 0.013000 0.017000
0 0.421500 0.559500 0.025000 0.025000
0 0.455500 0.377500 0.013000 0.012000
0 0.521500 0.373000 0.022000 0.018000
0 0.679000 0.461500 0.010000 0.009000
0 0.254000 0.411000 0.019000 0.028000
0 0.463500 0.451000 0.019000 0.024000
0 0.519500 0.409500 0.031000 0.033000
0 0.528500 0.348500 0.021000 0.013000
0 0.501500 0.351000 0.028000 0.028000
0 0.459500 0.300500 0.018000 0.013000
0 0.512500 0.494000 0.009000 0.012000
0 0.724000 0.511500 0.020000 0.021000
0 0.233500 0.742500 0.020000 0.024000
0 0.406000 0.470500 0.010000 0.013000
0 0.867000 0.554000 0.022000 0.018000
0 0.186000 0.382500 0.011000 0.014000
0 0.452000 0.274000 0.010000 0.013000
0 0.452000 0.395750 0.008000 0.011500
0 0.534500 0.447500 0.027000 0.023000
0 0.236500 0.270000 0.027000 0.027000
0 0.771500 0.503500 0.027000 0.020000
0 0.547000 0.455500 0.009000 0.010000
0 0.716500 0.254000 0.017000 0.012000
0 0.421000 0.623000 0.013000 0.015000
0 0.590000 0.567500 0.021000 0.020000
0 0.218500 0.696000 0.012000 0.018000
0 0.874000 0.377000 0.019000 0.021000
0 0.322500 0.428500 0.020000 0.019000
0 0.591500 0.218000 0.020000 0.021000
0 0.301000 0.866000 0.010000 0.012000
0 0.542500 0.575000 0.024000 0.026000
0 0.275000 0.455000 0.028000 0.021000
0 0.849500 0.318500 0.010000 0.008000
0 0.672000 0.644500 0.015000 0.014000
0 0.588500 0.153500 0.014000 0.016000
0 0.492000 0.744500 0.024000 0.028000
0 0.647000 0.196000 0.022000 0.029000
0 0.691000 0.469500 0.023000 0.025000
0 0.303000 0.302000 0.024000 0.025000
0 0.576500 0.479000 0.018000 0.019000
0 0.314500 0.407000 0.024000 0.023000
0 0.824000 0.700000 0.023000 0.017000
0 0.811500 0.549000 0.018000 0.021000
0 0.149000 0.509000 0.021000 0.021000
0 0.827000 0.616000 0.015000 0.015000
0 0.707000 0.139000 0.017000 0.016000
0 0.391500 0.479500 0.017000 0.017000
0 0.223500 0.368000 0.016000 0.010000
0 0.792500 0.257500 0.011000 0.009000
0 0.410000 0.882500 0.019000 0.018000
0 0.620000 0.186000 0.012000 0.011000
0 0.546750 0.878500 0.026500 0.019000
0 0.795500 0.539000 0.029000 0.029000
0 0.464500 0.574000 0.016000 0.016000
0 0.443500 0.704500 0.016000 0.015000
0 0.532500 0.801500 0.027000 0.024000
0 0.555000 0.568500 0.033000 0.030000
0 0.759000 0.750000 0.026000 0.026000
0 0.470000 0.603500 0.012000 0.015000
0 0.503500 0.329000 0.025000 0.027000
0 0.398000 0.282500 0.017000 0.016000
0 0.273000 0.574500 0.021000 0.020000
0 0.456500 0.280000 0.025000 0.022000
0 0.698000 0.278000 0.013000 0.014000
0 0.517500 0.241500 0.019000 0.016000
0 0.573500 0.467500 0.018000 0.018000
0 0.177000 0.620000 0.011000 0.017000
0 0.684000 0.852000 0.014000 0.011000
0 0.429000 0.538000 0.020000 0.017000
0 0.496000 0.485500 0.011000 0.011000
0 0.221500 0.386000 0.021000 0.016000
0 0.507000 0.500000 0.013000 0.019000
0 0.560500 0.367500 0.028000 0.029000
0 0.119000 0.542500 0.018000 0.017000
0 0.564000 0.286000 0.022000 0.022000
0 0.442000 0.445000 0.019000 0.021000
0 0.322500 0.485500 0.015000 0.023000
0 0.188500 0.367500 0.017000 0.010000
0 0.428000 0.322000 0.020000 0.017000
0 0.149000 0.466500 0.024000 0.019000
0 0.347000 0.754500 0.019000 0.015000
0 0.172000 0.408500 0.014000 0.017000
0 0.276000 0.486500 0.026000 0.026000
0 0.443000 0.462500 0.020000 0.021000
0 0.668000 0.870500 0.018000 0.018000
0 0.619000 0.581000 0.016000 0.016000
0 0.589500 0.661000 0.016000 0.022000
0 0.656000 0.769500 0.008000 0.011000
0 0.589500 0.466000 0.013000 0.015000
0 0.187500 0.330500 0.015000 0.015000
0 0.490000 0.368500 0.018000 0.018000
0 0.197000 0.733500 0.028000 0.025000
0 0.766500 0.492000 0.015000 0.017000
0 0.643500 0.458000 0.012000 0.012000
0 0.419000 0.663000 0.030000 0.033000
0 0.705500 0.413500 0.017000 0.017000
0 0.721500 0.621500 0.016000 0.017000
0 0.610500 0.150000 0.023000 0.022000
0 0.460500 0.207000 0.012000 0.009000
0 0.602500 0.402000 0.012000 0.012000
0 0.514000 0.401500 0.017000 0.017000
0 0.272500 0.732000 0.024000 0.020000
0 0.662000 0.828000 0.031000 0.025000
0 0.543500 0.498500 0.022000 0.020000
0 0.678500 0.475500 0.013000 0.011000
0 0.460000 0.622000 0.014000 0.014000
0 0.495500 0.468500 0.016000 0.018000
0 0.147000 0.696000 0.018000 0.020000
0 0.369500 0.794000 0.015000 0.016000
0 0.528000 0.393000 0.028000 0.026000
0 0.510000 0.527500 0.017000 0.021000
0 0.653500 0.338000 0.024000 0.024000
0 0.464500 0.314000 0.024000 0.021000
0 0.724000 0.616000 0.022000 0.023000
0 0.556500 0.360000 0.012000 0.014000
0 0.149500 0.363500 0.014000 0.015000
0 0.841000 0.503500 0.010000 0.014000
0 0.663500 0.456000 0.026000 0.025000
0 0.272000 0.709500 0.027000 0.025000
0 0.553500 0.770000 0.026000 0.026000
0 0.427500 0.159000 0.014000 0.012000
0 0.456000 0.263000 0.019000 0.016000
0 0.460500 0.551000 0.029000 0.027000
0 0.539000 0.707500 0.014000 0.014000
0 0.631000 0.324500 0.024000 0.020000
0 0.282000 0.311000 0.025000 0.032000
0 0.783500 0.328500 0.012000 0.015000
0 0.506500 0.728500 0.014000 0.020000
0 0.377000 0.391500 0.017000 0.016000
0 0.843500 0.414750 0.016000 0.023500
0 0.656500 0.693000 0.024000 0.025000
0 0.752000 0.691000 0.016000 0.017000
0 0.476000 0.302000 0.012000 0.015000
0 0.614000 0.880500 0.016000 0.014000
0 0.590500 0.458500 0.019000 0.018000
0 0.649500 0.793500 0.021000 0.024000
0 0.524000 0.485000 0.015000 0.013000
0 0.524500 0.517000 0.019000 0.018000
0 0.462000 0.700500 0.026000 0.025000
0 0.770000 0.711500 0.016000 0.016000
0 0.498000 0.791500 0.032000 0.029000
0 0.402500 0.121750 0.016000 0.020500
0 0.531500 0.491500 0.018000 0.015000
0 0.465000 0.469500 0.022000 0.017000
0 0.477000 0.617500 0.025000 0.028000
0 0.320000 0.824000 0.018000 0.015000
0 0.459000 0.436000 0.022000 0.028000
0 0.797500 0.570000 0.025000 0.014000
0 0.574500 0.349000 0.021000 0.021000
0 0.514000 0.914500 0.009000 0.009000
0 0.514500 0.760000 0.028000 0.025000
0 0.704000 0.614000 0.033000 0.032000
0 0.546500 0.463500 0.025000 0.023000
0 0.470000 0.871000 0.015000 0.012000
0 0.233500 0.489500 0.010000 0.009000
0 0.497000 0.210000 0.029000 0.030000
0 0.432000 0.559000 0.023000 0.024000
0 0.522750 0.605500 0.014500 0.012000