0 0.348000 0.403000 0.022000 0.033000
0 0.529500 0.257000 0.014000 0.015000
0 0.501500 0.768500 0.025000 0.024000
0 0.644000 0.473500 0.022000 0.021000
0 0.409000 0.781000 0.025000 0.027000
0 0.780000 0.657500 0.017000 0.018000
0 0.294500 0.154500 0.015000 0.017000
0 0.491500 0.717500 0.016000 0.017000
0 0.339000 0.529000 0.013000 0.010000
0 0.392000 0.336000 0.009000 0.010000
0 0.637000 0.685500 0.013000 0.017000
0 0.494000 0.575500 0.022000 0.023000
0 0.610500 0.727500 0.025000 0.018000
0 0.655500 0.568000 0.015000 0.012000
0 0.892750 0.573500 0.029500 0.022000
0 0.826500 0.673000 0.012000 0.013000
0 0.188000 0.772500 0.023000 0.023000
0 0.784000 0.786500 0.018000 0.019000
0 0.448500 0.770250 0.018000 0.026500
0 0.772000 0.472500 0.022000 0.021000
0 0.542000 0.632000 0.017000 0.016000
0 0.506500 0.494500 0.022000 0.019000
0 0.405000 0.235000 0.015000 0.012000
0 0.233000 0.193500 0.022000 0.018000
0 0.354000 0.638000 0.017000 0.016000
0 0.474500 0.505000 0.015000 0.015000
0 0.424000 0.544000 0.020000 0.020000
0 0.564000 0.396500 0.017000 0.019000
0 0.551000 0.866000 0.025000 0.020000
0 0.551000 0.656500 0.024000 0.018000
0 0.608000 0.131500 0.011000 0.012000
0 0.439250 0.495000 0.020500 0.015000
0 0.465500 0.845500 0.019000 0.019000
0 0.589000 0.783500 0.017000 0.020000
0 0.496500 0.473000 0.009000 0.009000
0 0.116000 0.625000 0.017000 0.018000
0 0.534500 0.541500 0.010000 0.010000
0 0.513000 0.808250 0.017000 0.020500
0 0.716000 0.781000 0.019000 0.022000
0 0.732500 0.619000 0.021000 0.019000
0 0.275500 0.583000 0.023000 0.017000
0 0.370500 0.611000 0.023000 0.023000
0 0.228000 0.463000 0.026000 0.023000
0 0.211500 0.309500 0.029000 0.029000
0 0.254000 0.508000 0.018000 0.018000
0 0.527000 0.842000 0.018000 0.019000
0 0.479500 0.163500 0.026000 0.020000
0 0.383000 0.819500 0.027000 0.028000
0 0.451000 0.591500 0.026000 0.026000
0 0.498000 0.558500 0.022000 0.017000
0 0.366500 0.299500 0.024000 0.023000
0 0.426000 0.828000 0.023000 0.032000
0 0.212500 0.399000 0.020000 0.024000
0 0.367500 0.440500 0.022000 0.024000
0 0.698000 0.629000 0.029000 0.022000
0 0.440000 0.509000 0.013000 0.012000
0 0.539500 0.568000 0.019000 0.016000
0 0.448500 0.690500 0.016000 0.017000
0 0.847500 0.617500 0.019000 0.023000
0 0.605000 0.580500 0.016000 0.020000
0 0.452000 0.526000 0.019000 0.018000
0 0.806500 0.402000 0.021000 0.022000
0 0.474500 0.914000 0.021000 0.024000
0 0.779500 0.638000 0.011000 0.009000
0 0.849750 0.498000 0.029500 0.021000
0 0.362000 0.586000 0.020000 0.030000
0 0.551500 0.468000 0.023000 0.016000
0 0.571000 0.619500 0.022000 0.022000
0 0.503000 0.484500 0.014000 0.013000
0 0.593500 0.902500 0.012000 0.015000
0 0.130500 0.694500 0.025000 0.021000
0 0.291000 0.633000 0.022000 0.022000
0 0.494000 0.436500 0.020000 0.023000
0 0.403000 0.680500 0.011000 0.013000
0 0.517000 0.526000 0.012000 0.013000
0 0.322000 0.837000 0.032000 0.020000
0 0.472000 0.435500 0.016000 0.019000
0 0.244000 0.823000 0.027000 0.030000
0 0.379500 0.449500 0.027000 0.026000
0 0.194500 0.539000 0.011000 0.015000
0 0.483000 0.501000 0.021000 0.019000
0 0.851500 0.370500 0.025000 0.019000
0 0.887500 0.371500 0.026000 0.021000
0 0.491500 0.489500 0.016000 0.014000
0 0.399500 0.407500 0.022000 0.022000
0 0.852500 0.295000 0.025000 0.019000
0 0.626000 0.605500 0.024000 0.025000
0 0.704500 0.622000 0.018000 0.018000
0 0.338500 0.812000 0.029000 0.024000
0 0.687000 0.632000 0.029000 0.027000
0 0.480500 0.300000 0.017000 0.022000
0 0.746500 0.622000 0.035000 0.030000
0 0.561500 0.793500 0.025000 0.028000
0 0.391500 0.806000 0.017000 0.018000
0 0.546000 0.538500 0.011000 0.015000
0 0.556500 0.146000 0.022000 0.018000
0 0.413500 0.866500 0.016000 0.013000
0 0.488000 0.482250 0.008000 0.011500
0 0.745500 0.452500 0.032000 0.019000
0 0.547000 0.331000 0.018000 0.009000
0 0.611500 0.800500 0.022000 0.020000
0 0.171500 0.567500 0.031000 0.017000
0 0.642500 0.448000 0.019000 0.021000
0 0.519000 0.561500 0.018000 0.020000
0 0.181000 0.678000 0.017000 0.011000
0 0.180000 0.297000 0.023000 0.023000
0 0.472000 0.515500 0.027000 0.027000
0 0.737000 0.395500 0.014000 0.015000
0 0.682000 0.702000 0.013000 0.015000
0 0.882500 0.445500 0.026000 0.021000
0 0.648500 0.657500 0.023000 0.031000
0 0.310000 0.461000 0.022000 0.022000
0 0.779000 0.410000 0.022000 0.018000
0 0.705000 0.475000 0.012000 0.013000
0 0.453000 0.127000 0.020000 0.021000
0 0.742500 0.252500 0.016000 0.015000
0 0.531000 0.592000 0.018000 0.014000
0 0.593000 0.831000 0.029000 0.034000
0 0.626000 0.764500 0.019000 0.018000
0 0.490500 0.505000 0.021000 0.014000
0 0.553000 0.553500 0.021000 0.021000
0 0.554000 0.669000 0.026000 0.023000
0 0.357500 0.268000 0.023000 0.025000
0 0.556500 0.354500 0.022000 0.019000
0 0.744500 0.395000 0.015000 0.017000
0 0.428500 0.701000 0.020000 0.017000
0 0.276500 0.810500 0.025000 0.018000
0 0.376000 0.410500 0.021000 0.023000
0 0.840500 0.497000 0.009000 0.011000
0 0.880500 0.488000 0.028000 0.019000
0 0.562000 0.471000 0.019000 0.021000
0 0.693500 0.642000 0.011000 0.011000
0 0.628000 0.453000 0.014000 0.019000
0 0.469500 0.347000 0.011000 0.012000
0 0.523500 0.613500 0.027000 0.026000
0 0.178000 0.411000 0.033000 0.032000
0 0.488500 0.527500 0.030000 0.031000
0 0.431500 0.542000 0.020000 0.020000
0 0.223000 0.374000 0.022000 0.022000
0 0.316500 0.275000 0.018000 0.017000
0 0.494000 0.500500 0.012000 0.016000
0 0.570000 0.488500 0.016000 0.016000
0 0.448500 0.510000 0.026000 0.024000
0 0.696000 0.623000 0.021000 0.022000
0 0.643000 0.177000 0.024000 0.023000
0 0.292000 0.481000 0.014000 0.015000
0 0.299000 0.722500 0.012000 0.011000
0 0.395500 0.151500 0.021000 0.020000
0 0.304000 0.471500 0.019000 0.022000
0 0.503000 0.462000 0.031000 0.031000
0 0.575500 0.387500 0.028000 0.026000
0 0.493500 0.448000 0.028000 0.019000
0 0.394000 0.434500 0.025000 0.025000
0 0.153000 0.519000 0.023000 0.019000
0 0.337000 0.570500 0.016000 0.019000
0 0.749500 0.435500 0.029000 0.024000
0 0.375500 0.477500 0.018000 0.018000
0 0.193500 0.353000 0.012000 0.012000
0 0.120000 0.434000 0.021000 0.021000
0 0.517000 0.811000 0.022000 0.028000
0 0.523500 0.521500 0.018000 0.012000
0 0.710000 0.466500 0.012000 0.014000
0 0.810500 0.234500 0.016000 0.020000
0 0.731500 0.178000 0.010000 0.012000
0 0.520500 0.507000 0.026000 0.024000
0 0.393000 0.540500 0.014000 0.012000
0 0.404500 0.888500 0.014000 0.018000
0 0.589000 0.193000 0.022000 0.018000
0 0.468500 0.576500 0.017000 0.017000
0 0.454250 0.343500 0.017500 0.016000
0 0.137500 0.391000 0.033000 0.034000
0 0.396000 0.163000 0.011000 0.015000
0 0.415500 0.190000 0.013000 0.014000
0 0.772000 0.815500 0.017000 0.025000
0 0.658000 0.841000 0.025000 0.026000
0 0.779000 0.463500 0.019000 0.019000
0 0.539500 0.467500 0.015000 0.020000
0 0.184000 0.681500 0.019000 0.021000
0 0.580500 0.412500 0.015000 0.017000
0 0.715000 0.794000 0.022000 0.022000
0 0.453000 0.471500 0.030000 0.024000
0 0.371500 0.630000 0.026000 0.023000
0 0.220500 0.588000 0.019000 0.025000
0 0.362000 0.648500 0.018000 0.018000
0 0.805000 0.632500 0.017000 0.015000
0 0.581500 0.504000 0.012000 0.016000
0 0.510500 0.439000 0.016000 0.017000
0 0.671500 0.384000 0.019000 0.019000
0 0.511000 0.364000 0.017000 0.016000
0 0.732500 0.627000 0.025000 0.026000
0 0.377000 0.652500 0.034000 0.028000
0 0.297500 0.259000 0.028000 0.028000
0 0.415500 0.580500 0.019000 0.020000
0 0.253000 0.224500 0.019000 0.023000
0 0.524500 0.297000 0.015000 0.017000
0 0.516000 0.693000 0.023000 0.025000
0 0.250000 0.659500 0.014000 0.014000
0 0.095000 0.492000 0.026000 0.020000
0 0.618500 0.881000 0.021000 0.030000
0 0.190000 0.501500 0.018000 0.018000
0 0.523500 0.451000 0.020000 0.020000
0 0.168000 0.689500 0.032000 0.034000
0 0.451500 0.640500 0.021000 0.023000
0 0.512500 0.575000 0.019000 0.017000
0 0.696500 0.209000 0.022000 0.021000
0 0.516500 0.531000 0.023000 0.022000
0 0.423500 0.837000 0.009000 0.011000
0 0.918500 0.517500 0.021000 0.017000
0 0.575000 0.378500 0.018000 0.016000
0 0.361000 0.257500 0.016000 0.015000
0 0.129500 0.538000 0.014000 0.010000
0 0.372500 0.533000 0.011000 0.012000
0 0.231500 0.545000 0.014000 0.013000
0 0.519500 0.481500 0.023000 0.022000
0 0.583000 0.357000 0.013000 0.016000
0 0.306500 0.344000 0.015000 0.012000
0 0.810500 0.460000 0.024000 0.024000
0 0.445000 0.468000 0.019000 0.021000
0 0.378500 0.156500 0.029000 0.035000
0 0.522500 0.345500 0.030000 0.030000
0 0.768500 0.193500 0.019000 0.025000
0 0.164500 0.632000 0.023000 0.022000
0 0.461500 0.190500 0.010000 0.010000
0 0.370500 0.644500 0.025000 0.025000
0 0.545500 0.085000 0.021000 0.020000
0 0.535500 0.448500 0.015000 0.022000
0 0.475500 0.490000 0.022000 0.019000
0 0.510500 0.425500 0.012000 0.013000
0 0.738500 0.571000 0.016000 0.013000
0 0.562000 0.280500 0.018000 0.019000
0 0.405000 0.750000 0.018000 0.018000
0 0.212500 0.681500 0.011000 0.012000
0 0.283500 0.379500 0.012000 0.010000
0 0.745500 0.187000 0.023000 0.022000
0 0.868000 0.444500 0.021000 0.027000
0 0.626500 0.128500 0.011000 0.016000
0 0.653500 0.305500 0.014000 0.015000
0 0.408500 0.760500 0.021000 0.018000
0 0.421000 0.306000 0.027000 0.018000
0 0.384500 0.427000 0.031000 0.022000
0 0.556000 0.582500 0.015000 0.015000
0 0.562500 0.496000 0.015000 0.017000
0 0.202500 0.513000 0.021000 0.022000
0 0.816000 0.388500 0.017000 0.015000
0 0.464000 0.493500 0.017000 0.016000
0 0.547000 0.485000 0.013000 0.023000
0 0.811500 0.773500 0.030000 0.031000
0 0.600000 0.378000 0.016000 0.017000
0 0.744500 0.372000 0.016000 0.019000
0 0.526500 0.494000 0.021000 0.023000
0 0.368000 0.699500 0.024000 0.028000
0 0.640000 0.460000 0.017000 0.017000
0 0.547500 0.155500 0.015000 0.016000
0 0.625500 0.870500 0.023000 0.026000
0 0.626500 0.615000 0.010000 0.012000
0 0.475500 0.537000 0.010000 0.013000
0 0.434500 0.467000 0.019000 0.015000
0 0.483500 0.272000 0.020000 0.019000
0 0.626500 0.232500 0.023000 0.020000
0 0.207500 0.671000 0.013000 0.012000
0 0.425500 0.398500 0.019000 0.028000
0 0.391000 0.177500 0.025000 0.022000
0 0.765500 0.372000 0.026000 0.027000
0 0.401500 0.504500 0.017000 0.015000
0 0.746500 0.530500 0.011000 0.011000
0 0.901500 0.413000 0.036000 0.035000
0 0.558500 0.616500 0.018000 0.021000
0 0.655000 0.531500 0.021000 0.026000
0 0.447000 0.121000 0.027000 0.034000
0 0.209500 0.506000 0.010000 0.010000
0 0.469500 0.475500 0.025000 0.028000
0 0.306000 0.236000 0.022000 0.026000
0 0.759000 0.538500 0.014000 0.014000
0 0.402500 0.873000 0.010000 0.011000
0 0.647500 0.121500 0.034000 0.032000
0 0.500500 0.549000 0.014000 0.010000
0 0.446000 0.637500 0.026000 0.020000
0 0.496000 0.910500 0.017000 0.025000
0 0.732000 0.314500 0.028000 0.026000
0 0.556500 0.725500 0.019000 0.018000
0 0.384500 0.411500 0.024000 0.025000
0 0.294000 0.575500 0.021000 0.021000
0 0.089500 0.506000 0.024000 0.028000
0 0.450000 0.387500 0.012000 0.011000
0 0.432500 0.493500 0.030000 0.029000
0 0.591250 0.466000 0.029500 0.025000
0 0.651500 0.751000 0.014000 0.015000
0 0.906500 0.540500 0.022000 0.021000
0 0.530000 0.567000 0.028000 0.024000
0 0.419000 0.281000 0.017000 0.020000
0 0.592000 0.764000 0.013000 0.009000
0 0.528500 0.764500 0.026000 0.017000
0 0.482500 0.889000 0.023000 0.026000
0 0.357500 0.354500 0.012000 0.013000
0 0.199500 0.444500 0.027000 0.025000
0 0.387500 0.648500 0.013000 0.018000
0 0.633500 0.487000 0.026000 0.027000
0 0.660500 0.492500 0.013000 0.012000
0 0.517500 0.786000 0.029000 0.028000
0 0.411000 0.532000 0.022000 0.017000
0 0.696500 0.822000 0.008000 0.008000
0 0.609000 0.121000 0.016000 0.015000
0 0.651000 0.598500 0.025000 0.023000
0 0.423500 0.713500 0.024000 0.034000
0 0.698500 0.368500 0.015000 0.014000
0 0.507000 0.566000 0.023000 0.024000
0 0.624500 0.620500 0.028000 0.026000
0 0.415000 0.346000 0.025000 0.028000
0 0.199000 0.312500 0.025000 0.023000
0 0.238500 0.425500 0.015000 0.014000
0 0.643500 0.398000 0.031000 0.029000
0 0.837000 0.684000 0.026000 0.024000
0 0.425000 0.391000 0.011000 0.016000
0 0.327000 0.800500 0.015000 0.016000
0 0.595500 0.447000 0.015000 0.013000
0 0.383500 0.556000 0.024000 0.024000
0 0.550500 0.399000 0.028000 0.024000
0 0.661500 0.658250 0.022000 0.029500
0 0.482000 0.123500 0.028000 0.027000
0 0.672500 0.487500 0.010000 0.013000
0 0.610500 0.777000 0.011000 0.011000
0 0.459250 0.521000 0.014500 0.012000
0 0.584000 0.554500 0.024000 0.026000
0 0.342500 0.266000 0.025000 0.022000
0 0.559000 0.566500 0.012000 0.016000
0 0.454000 0.461000 0.029000 0.027000
0 0.415000 0.485500 0.026000 0.027000
0 0.467000 0.500000 0.017000 0.016000
0 0.511000 0.546000 0.026000 0.027000
0 0.351000 0.612000 0.018000 0.018000
0 0.722000 0.249500 0.030000 0.030000
0 0.234000 0.403000 0.022000 0.023000
0 0.599500 0.520500 0.016000 0.017000
0 0.459000 0.548000 0.022000 0.025000
0 0.575000 0.543500 0.026000 0.026000
0 0.482000 0.867000 0.017000 0.021000
0 0.588000 0.329000 0.016000 0.018000
0 0.631500 0.712000 0.024000 0.023000
0 0.546500 0.237500 0.023000 0.034000
0 0.302500 0.482000 0.034000 0.027000
0 0.224500 0.556500 0.009000 0.010000
0 0.341000 0.309000 0.024000 0.026000
0 0.419500 0.603000 0.015000 0.019000
0 0.279500 0.849500 0.022000 0.025000
0 0.277500 0.464000 0.029000 0.021000
0 0.167000 0.352500 0.010000 0.009000
0 0.647500 0.381000 0.023000 0.023000
0 0.579500 0.674500 0.014000 0.019000
0 0.476500 0.471000 0.021000 0.016000
0 0.446000 0.777000 0.014000 0.018000
0 0.457000 0.578500 0.016000 0.017000
0 0.659000 0.597500 0.025000 0.029000
0 0.703500 0.611500 0.025000 0.018000
0 0.766000 0.369000 0.025000 0.031000
0 0.774000 0.651500 0.012000 0.013000
0 0.226500 0.279000 0.017000 0.016000
0 0.383000 0.336500 0.018000 0.018000
0 0.556000 0.249000 0.026000 0.031000
0 0.511000 0.513500 0.027000 0.033000
0 0.222000 0.298500 0.015000 0.014000
0 0.230000 0.520500 0.014000 0.016000
0 0.799500 0.244500 0.020000 0.022000
0 0.476500 0.480000 0.018000 0.021000
0 0.421000 0.751500 0.023000 0.016000
0 0.632500 0.443000 0.023000 0.024000
0 0.309000 0.329000 0.016000 0.017000
0 0.527000 0.560000 0.026000 0.026000
0 0.712000 0.492000 0.012000 0.015000
0 0.234000 0.810000 0.019000 0.014000
0 0.398000 0.606000 0.031000 0.031000
0 0.342000 0.245500 0.010000 0.011000
0 0.876250 0.627000 0.026500 0.018000
0 0.508000 0.489000 0.018000 0.018000
0 0.339000 0.457500 0.023000 0.024000
0 0.530000 0.796500 0.009000 0.014000
0 0.276000 0.480500 0.014000 0.016000
0 0.643000 0.494000 0.027000 0.022000
0 0.514500 0.377500 0.009000 0.008000
0 0.508000 0.556000 0.022000 0.027000
0 0.523000 0.391500 0.022000 0.020000
0 0.769000 0.618500 0.021000 0.028000
0 0.616000 0.723000 0.018000 0.021000
0 0.532500 0.183500 0.027000 0.020000
0 0.490500 0.339000 0.020000 0.015000
0 0.528000 0.887000 0.020000 0.017000
0 0.293500 0.376500 0.023000 0.023000
0 0.342500 0.507000 0.014000 0.012000
0 0.301500 0.745500 0.015000 0.014000
0 0.694000 0.480500 0.009000 0.012000
0 0.577500 0.327500 0.011000 0.008000
0 0.523500 0.431500 0.025000 0.026000
0 0.455500 0.506500 0.021000 0.018000
0 0.692000 0.353000 0.014000 0.015000
0 0.660500 0.882500 0.022000 0.019000
0 0.427500 0.447500 0.014000 0.013000
0 0.094000 0.564000 0.036000 0.035000
0 0.506000 0.236500 0.018000 0.018000
0 0.491500 0.631500 0.018000 0.018000
0 0.322000 0.778000 0.011000 0.012000
0 0.602500 0.555500 0.021000 0.020000
0 0.498000 0.197500 0.022000 0.024000
0 0.526500 0.814000 0.016000 0.021000
0 0.458500 0.240000 0.020000 0.019000
0 0.642500 0.157500 0.018000 0.015000
0 0.365500 0.886000 0.021000 0.022000
0 0.414500 0.703500 0.012000 0.017000
0 0.594000 0.676500 0.017000 0.020000
0 0.609500 0.890500 0.023000 0.023000
0 0.662500 0.136000 0.034000 0.032000
0 0.637000 0.368000 0.009000 0.010000
0 0.594500 0.771000 0.020000 0.017000
0 0.747500 0.774000 0.018000 0.013000
0 0.566000 0.557500 0.026000 0.026000
0 0.652500 0.249500 0.021000 0.023000
0 0.586000 0.385500 0.031000 0.028000
0 0.411000 0.727000 0.021000 0.022000
0 0.417000 0.273000 0.024000 0.023000
0 0.357500 0.417000 0.029000 0.026000
0 0.559500 0.607000 0.024000 0.022000
0 0.584000 0.860500 0.015000 0.013000
0 0.557500 0.684000 0.022000 0.016000
0 0.772000 0.493000 0.024000 0.033000
0 0.497000 0.509000 0.020000 0.029000
0 0.405000 0.770000 0.019000 0.021000
0 0.608000 0.417000 0.013000 0.013000
0 0.507500 0.827000 0.017000 0.018000
0 0.595500 0.886000 0.017000 0.022000
0 0.410500 0.519000 0.008000 0.013000
0 0.244500 0.365500 0.021000 0.024000
0 0.326500 0.453000 0.016000 0.017000
0 0.311000 0.271500 0.018000 0.014000
0 0.378000 0.542500 0.013000 0.014000
0 0.532500 0.445000 0.030000 0.026000
0 0.424000 0.413500 0.017000 0.028000
0 0.460000 0.551000 0.014000 0.013000
0 0.447000 0.399500 0.027000 0.022000
0 0.511000 0.501000 0.014000 0.014000
0 0.519500 0.595000 0.016000 0.014000
0 0.297500 0.627500 0.011000 0.010000
0 0.873000 0.308000 0.020000 0.016000
0 0.307500 0.163000 0.018000 0.018000
0 0.283500 0.758000 0.016000 0.016000
0 0.326500 0.753500 0.019000 0.024000
0 0.867000 0.543000 0.021000 0.011000
0 0.683500 0.339000 0.020000 0.014000
0 0.583000 0.192500 0.025000 0.025000
0 0.835500 0.517500 0.012000 0.012000
0 0.705000 0.137500 0.015000 0.019000
0 0.393500 0.572500 0.015000 0.012000
0 0.267500 0.325000 0.024000 0.021000
0 0.274500 0.520000 0.020000 0.018000
0 0.296500 0.206000 0.022000 0.028000
0 0.675500 0.140000 0.027000 0.031000
0 0.489500 0.496000 0.008000 0.009000
0 0.349000 0.636000 0.015000 0.017000
0 0.483000 0.184000 0.012000 0.016000
0 0.489500 0.176000 0.018000 0.017000
0 0.704000 0.675000 0.013000 0.016000
0 0.327500 0.266000 0.022000 0.022000
0 0.605000 0.202000 0.015000 0.021000
0 0.815500 0.322500 0.018000 0.016000
0 0.532000 0.414500 0.018000 0.017000
0 0.372000 0.624000 0.011000 0.010000
0 0.568500 0.437500 0.011000 0.010000
0 0.623500 0.789000 0.015000 0.015000
0 0.346000 0.529500 0.016000 0.018000
0 0.602000 0.503500 0.021000 0.021000
0 0.465500 0.442500 0.014000 0.018000
0 0.596500 0.410750 0.013000 0.017500
0 0.264000 0.382000 0.018000 0.016000
0 0.691500 0.281500 0.016000 0.022000
0 0.394500 0.111000 0.020000 0.023000
0 0.556500 0.191000 0.018000 0.010000
0 0.259000 0.756500 0.009000 0.009000
0 0.661500 0.753000 0.020000 0.020000
0 0.612000 0.370000 0.028000 0.025000
0 0.582000 0.829000 0.025000 0.018000
0 0.856000 0.694000 0.024000 0.015000
0 0.246500 0.265000 0.028000 0.032000
0 0.554000 0.397500 0.012000 0.009000
0 0.720000 0.459000 0.011000 0.010000
0 0.097000 0.518000 0.026000 0.021000
0 0.566000 0.275500 0.024000 0.035000
0 0.414500 0.472000 0.013000 0.014000
0 0.567500 0.534500 0.018000 0.017000
0 0.378000 0.730500 0.030000 0.029000
0 0.436000 0.598000 0.012000 0.013000
0 0.521500 0.540750 0.012000 0.014500
0 0.338000 0.799500 0.030000 0.030000
0 0.205500 0.467000 0.013000 0.019000
0 0.404500 0.721000 0.026000 0.021000
0 0.627000 0.876500 0.017000 0.018000
0 0.544000 0.557500 0.019000 0.015000
0 0.412500 0.217000 0.021000 0.024000
0 0.837500 0.732500 0.016000 0.017000
0 0.660500 0.641500 0.026000 0.024000
0 0.608000 0.715500 0.014000 0.015000
0 0.396000 0.201000 0.014000 0.015000
0 0.456000 0.327500 0.016000 0.013000
0 0.533500 0.522500 0.021000 0.022000
0 0.413000 0.375000 0.029000 0.024000
0 0.418000 0.565500 0.033000 0.033000
0 0.608000 0.202000 0.025000 0.029000
0 0.715000 0.649000 0.026000 0.027000
0 0.474000 0.327500 0.015000 0.013000
0 0.564000 0.334250 0.020000 0.029500
0 0.237000 0.291500 0.016000 0.015000
0 0.565000 0.480500 0.019000 0.017000
0 0.318000 0.587000 0.022000 0.021000
0 0.511000 0.431000 0.019000 0.019000
0 0.147000 0.509000 0.023000 0.024000
0 0.750000 0.217000 0.013000 0.014000
0 0.358500 0.151000 0.013000 0.010000
0 0.543500 0.452000 0.015000 0.015000
0 0.365500 0.355500 0.014000 0.015000
0 0.535000 0.413500 0.014000 0.014000
0 0.467500 0.388000 0.024000 0.029000
0 0.507500 0.580000 0.026000 0.027000
0 0.497000 0.498500 0.020000 0.017000
0 0.585500 0.405000 0.013000 0.016000
0 0.530500 0.296500 0.020000 0.022000
0 0.740500 0.207500 0.028000 0.027000
0 0.455000 0.386000 0.024000 0.024000
0 0.510500 0.478000 0.017000 0.016000
0 0.568500 0.160000 0.017000 0.021000
0 0.657500 0.203000 0.023000 0.020000
0 0.223000 0.469000 0.016000 0.019000
0 0.161500 0.328500 0.026000 0.027000
0 0.611500 0.150000 0.017000 0.015000
0 0.154000 0.630500 0.013000 0.013000
0 0.336250 0.341000 0.014500 0.012000
0 0.644000 0.295500 0.025000 0.023000
0 0.839500 0.364500 0.027000 0.022000
0 0.787500 0.441000 0.020000 0.025000
0 0.865500 0.307500 0.029000 0.028000
0 0.412000 0.462000 0.018000 0.024000
0 0.409500 0.256500 0.013000 0.017000
0 0.559000 0.511000 0.016000 0.016000
0 0.566000 0.097500 0.019000 0.021000
0 0.408500 0.602500 0.021000 0.020000
0 0.475000 0.308000 0.017000 0.015000
0 0.336000 0.552000 0.015000 0.015000
0 0.315000 0.825000 0.027000 0.023000
0 0.500000 0.579000 0.031000 0.031000
0 0.652000 0.696000 0.022000 0.020000
0 0.433500 0.250500 0.021000 0.027000
0 0.117500 0.476500 0.015000 0.015000
0 0.591000 0.617000 0.015000 0.015000
0 0.504500 0.448000 0.012000 0.015000
0 0.330000 0.313500 0.029000 0.031000
0 0.181500 0.453750 0.022000 0.029500
0 0.539000 0.732500 0.016000 0.011000
0 0.428000 0.665500 0.023000 0.020000
0 0.624000 0.487000 0.016000 0.019000
0 0.684500 0.404500 0.015000 0.011000
0 0.480500 0.512500 0.017000 0.022000
0 0.285000 0.530000 0.013000 0.011000
0 0.103500 0.637000 0.010000 0.011000
0 0.117500 0.488000 0.015000 0.012000
0 0.192000 0.320500 0.009000 0.013000
0 0.706000 0.316500 0.011000 0.011000
0 0.407000 0.834000 0.024000 0.024000
0 0.585500 0.892500 0.015000 0.017000
0 0.339500 0.402000 0.027000 0.022000
0 0.485000 0.385000 0.016000 0.019000
0 0.400500 0.790000 0.030000 0.029000
0 0.364500 0.237500 0.030000 0.034000
0 0.736500 0.224000 0.010000 0.015000
0 0.491500 0.497500 0.014000 0.013000
0 0.391500 0.127500 0.015000 0.017000
0 0.432000 0.402000 0.024000 0.023000
0 0.471000 0.871500 0.011000 0.011000
0 0.655500 0.349000 0.028000 0.028000
0 0.332500 0.470500 0.009000 0.010000
0 0.517000 0.455000 0.010000 0.009000
0 0.606000 0.618500 0.016000 0.017000
0 0.690500 0.270000 0.010000 0.014000
0 0.440000 0.370500 0.015000 0.018000
0 0.353000 0.386000 0.015000 0.015000
0 0.542000 0.611000 0.017000 0.020000
0 0.838000 0.621500 0.017000 0.016000
0 0.471000 0.191000 0.011000 0.011000
0 0.282500 0.196500 0.031000 0.026000
0 0.258000 0.237000 0.019000 0.018000
0 0.496500 0.533000 0.022000 0.018000
0 0.545000 0.738000 0.015000 0.019000
0 0.753500 0.587500 0.011000 0.015000
0 0.324000 0.410500 0.023000 0.017000
0 0.395500 0.718500 0.016000 0.015000
0 0.570500 0.412000 0.017000 0.013000
0 0.633000 0.393000 0.031000 0.023000
0 0.512000 0.883000 0.021000 0.024000
0 0.498500 0.521000 0.021000 0.023000
0 0.462500 0.700000 0.022000 0.019000
0 0.612500 0.410500 0.012000 0.011000
0 0.692500 0.422000 0.015000 0.022000
0 0.486500 0.226000 0.014000 0.016000
0 0.655500 0.415500 0.021000 0.028000
0 0.240500 0.274000 0.011000 0.010000
0 0.417000 0.639000 0.027000 0.021000
0 0.291000 0.460000 0.023000 0.017000
0 0.339000 0.879500 0.025000 0.026000
0 0.396500 0.371500 0.012000 0.013000
0 0.189500 0.559500 0.021000 0.022000
0 0.384500 0.401500 0.018000 0.018000
0 0.555500 0.425000 0.026000 0.024000
0 0.457500 0.821500 0.028000 0.024000
0 0.487000 0.503000 0.012000 0.022000
0 0.383000 0.594000 0.025000 0.023000
0 0.537000 0.472000 0.026000 0.018000
0 0.837500 0.472000 0.028000 0.029000
0 0.454500 0.441500 0.012000 0.013000
0 0.701000 0.217500 0.024000 0.021000
0 0.214000 0.595000 0.018000 0.016000
0 0.349500 0.713500 0.012000 0.010000
0 0.340500 0.431500 0.019000 0.017000
0 0.466000 0.673500 0.010000 0.010000
0 0.373500 0.495500 0.028000 0.018000
0 0.728000 0.572500 0.031000 0.025000
0 0.598500 0.465500 0.023000 0.027000
0 0.470000 0.483500 0.013000 0.012000
0 0.273500 0.794500 0.018000 0.022000
0 0.489000 0.523500 0.011000 0.011000
0 0.739500 0.523000 0.019000 0.013000
0 0.629500 0.385500 0.019000 0.021000
0 0.622500 0.518000 0.023000 0.025000
0 0.590500 0.524500 0.023000 0.030000
0 0.683000 0.527500 0.011000 0.013000
0 0.371500 0.620500 0.029000 0.019000
0 0.494500 0.188500 0.013000 0.014000
0 0.581000 0.372500 0.015000 0.016000
0 0.380500 0.760000 0.015000 0.012000
0 0.612000 0.302000 0.021000 0.021000
0 0.453000 0.783000 0.023000 0.021000