0 0.201000 0.553000 0.029000 0.031000
0 0.616000 0.244500 0.021000 0.022000
0 0.497500 0.304000 0.012000 0.013000
0 0.454000 0.525500 0.020000 0.021000
0 0.446000 0.652000 0.010000 0.014000
0 0.557500 0.574500 0.032000 0.027000
0 0.584500 0.630000 0.019000 0.017000
0 0.526000 0.309500 0.026000 0.026000
0 0.619500 0.151000 0.020000 0.020000
0 0.486500 0.728000 0.018000 0.018000
0 0.415500 0.687500 0.020000 0.019000
0 0.544500 0.855500 0.023000 0.022000
0 0.614500 0.559000 0.020000 0.016000
0 0.628500 0.437000 0.019000 0.019000
0 0.609500 0.363000 0.019000 0.019000
0 0.481500 0.425500 0.029000 0.032000
0 0.505000 0.492500 0.022000 0.026000
0 0.853500 0.643000 0.027000 0.025000
0 0.497000 0.526000 0.021000 0.016000
0 0.185000 0.564000 0.010000 0.009000
0 0.653500 0.858500 0.014000 0.010000
0 0.136500 0.485500 0.010000 0.014000
0 0.470000 0.629500 0.017000 0.012000
0 0.579500 0.709000 0.027000 0.027000
0 0.719000 0.493000 0.021000 0.016000
0 0.680500 0.644000 0.018000 0.014000
0 0.565000 0.821500 0.022000 0.021000
0 0.400000 0.593000 0.016000 0.019000
0 0.121500 0.629250 0.016000 0.020500
0 0.504500 0.512500 0.010000 0.011000
0 0.563000 0.733750 0.009000 0.011500
0 0.531500 0.602000 0.029000 0.028000
0 0.405500 0.456000 0.015000 0.012000
0 0.343500 0.347000 0.013000 0.015000
0 0.248000 0.220000 0.017000 0.017000
0 0.419500 0.455000 0.015000 0.017000
0 0.607000 0.190500 0.019000 0.025000
0 0.369000 0.713500 0.019000 0.028000
0 0.458000 0.591500 0.014000 0.019000
0 0.795000 0.762500 0.010000 0.010000
0 0.502500 0.676500 0.029000 0.031000
0 0.503500 0.498500 0.023000 0.019000
0 0.395000 0.496500 0.021000 0.030000
0 0.408000 0.493000 0.011000 0.017000
0 0.528000 0.579500 0.014000 0.017000
0 0.494000 0.501500 0.032000 0.020000
0 0.389000 0.240000 0.018000 0.014000
0 0.665250 0.242000 0.029500 0.022000
0 0.292000 0.462000 0.011000 0.014000
0 0.600000 0.267000 0.014000 0.009000
0 0.554500 0.291500 0.022000 0.015000
0 0.664500 0.550000 0.027000 0.026000
0 0.345000 0.459000 0.016000 0.018000
0 0.470500 0.419000 0.016000 0.016000
0 0.674500 0.588500 0.035000 0.026000
0 0.427500 0.726000 0.023000 0.024000
0 0.495500 0.452500 0.019000 0.016000
0 0.730500 0.768500 0.026000 0.026000
0 0.507500 0.877500 0.025000 0.027000
0 0.475000 0.563500 0.020000 0.019000
0 0.537000 0.500000 0.016000 0.021000
0 0.497500 0.580500 0.017000 0.019000
0 0.778500 0.719000 0.011000 0.011000
0 0.447500 0.205000 0.019000 0.016000
0 0.479500 0.507500 0.020000 0.016000
0 0.488500 0.448500 0.027000 0.023000
0 0.395000 0.326500 0.022000 0.015000
0 0.552500 0.528000 0.015000 0.015000
0 0.410000 0.446500 0.023000 0.022000
0 0.420500 0.620500 0.018000 0.018000
0 0.502500 0.705000 0.015000 0.012000
0 0.196000 0.349500 0.019000 0.018000
0 0.515500 0.694000 0.019000 0.018000
0 0.280500 0.418000 0.021000 0.022000
0 0.457000 0.421500 0.017000 0.025000
0 0.445000 0.748500 0.014000 0.013000
0 0.227000 0.815000 0.015000 0.012000
0 0.567000 0.384000 0.026000 0.021000
0 0.583500 0.849500 0.014000 0.013000
0 0.514500 0.198500 0.012000 0.016000
0 0.591000 0.308000 0.017000 0.013000
0 0.338000 0.669500 0.016000 0.017000
0 0.301000 0.472000 0.013000 0.013000
0 0.240000 0.222000 0.015000 0.013000
0 0.609500 0.415000 0.025000 0.026000
0 0.268500 0.515000 0.029000 0.028000
0 0.521500 0.781500 0.025000 0.025000
0 0.463500 0.442000 0.029000 0.021000
0 0.659000 0.130000 0.020000 0.021000
0 0.530500 0.590500 0.019000 0.017000
0 0.725000 0.525500 0.030000 0.029000
0 0.513500 0.393000 0.013000 0.013000
0 0.443250 0.840000 0.017500 0.012000
0 0.208000 0.407000 0.017000 0.015000
0 0.674000 0.202000 0.013000 0.011000
0 0.539250 0.652000 0.026500 0.021000
0 0.479500 0.320500 0.017000 0.017000
0 0.752500 0.369000 0.018000 0.014000
0 0.555500 0.444500 0.017000 0.013000
0 0.706500 0.379500 0.015000 0.013000
0 0.416500 0.504000 0.016000 0.016000
0 0.326000 0.604500 0.020000 0.018000
0 0.600500 0.550000 0.034000 0.026000
0 0.460500 0.532000 0.021000 0.018000
0 0.578000 0.593500 0.025000 0.024000
0 0.471000 0.869000 0.030000 0.028000
0 0.435000 0.910500 0.025000 0.029000
0 0.465000 0.219000 0.025000 0.023000
0 0.504000 0.596500 0.017000 0.016000
0 0.874000 0.324500 0.011000 0.011000
0 0.534000 0.816000 0.024000 0.020000
0 0.469500 0.645000 0.025000 0.028000
0 0.295000 0.454500 0.021000 0.021000
0 0.304000 0.271500 0.018000 0.020000
0 0.544000 0.516500 0.026000 0.029000
0 0.527500 0.432250 0.017000 0.023500
0 0.366000 0.663000 0.021000 0.023000
0 0.346000 0.246500 0.019000 0.021000
0 0.505500 0.488500 0.029000 0.021000
0 0.388500 0.864500 0.029000 0.032000
0 0.273000 0.771500 0.017000 0.025000
0 0.508500 0.313000 0.018000 0.019000
0 0.369000 0.477000 0.025000 0.024000
0 0.447500 0.516500 0.031000 0.027000
0 0.488000 0.363000 0.020000 0.019000
0 0.246500 0.497500 0.020000 0.021000
0 0.542000 0.397500 0.011000 0.012000
0 0.294500 0.682000 0.019000 0.021000
0 0.415500 0.316000 0.018000 0.018000
0 0.412000 0.137500 0.018000 0.020000
0 0.659000 0.724500 0.032000 0.030000
0 0.635000 0.419500 0.012000 0.014000
0 0.517500 0.216500 0.019000 0.019000
0 0.365000 0.394000 0.016000 0.018000
0 0.558500 0.910500 0.020000 0.030000
0 0.447500 0.193000 0.024000 0.027000
0 0.702000 0.288500 0.016000 0.017000
0 0.728500 0.827000 0.021000 0.020000
0 0.238000 0.513000 0.020000 0.019000
0 0.537500 0.866000 0.027000 0.021000
0 0.331500 0.759500 0.022000 0.023000
0 0.573000 0.749500 0.011000 0.012000
0 0.636000 0.792000 0.018000 0.024000
0 0.401000 0.376500 0.016000 0.012000
0 0.636500 0.848500 0.019000 0.028000
0 0.550000 0.166000 0.023000 0.022000
0 0.269000 0.394000 0.021000 0.022000
0 0.580000 0.575500 0.009000 0.009000
0 0.495500 0.535500 0.015000 0.016000
0 0.558000 0.500500 0.015000 0.016000
0 0.402000 0.401500 0.024000 0.029000
0 0.584500 0.356000 0.012000 0.011000
0 0.265500 0.676750 0.010000 0.014500
0 0.388500 0.417500 0.021000 0.019000
0 0.427500 0.351000 0.024000 0.026000
0 0.422250 0.538750 0.023500 0.022500
0 0.485500 0.382500 0.024000 0.029000
0 0.170000 0.494000 0.027000 0.028000
0 0.234000 0.546500 0.017000 0.014000
0 0.806500 0.312500 0.018000 0.015000
0 0.482000 0.485500 0.017000 0.018000
0 0.377000 0.452000 0.024000 0.021000
0 0.386000 0.545500 0.015000 0.015000
0 0.469000 0.503000 0.021000 0.017000
0 0.432500 0.763000 0.008000 0.011000
0 0.535500 0.523500 0.027000 0.027000
0 0.559000 0.604500 0.016000 0.016000
0 0.161000 0.570500 0.026000 0.030000
0 0.364500 0.230500 0.020000 0.021000
0 0.751000 0.834000 0.013000 0.016000
0 0.632000 0.406500 0.016000 0.011000
0 0.375000 0.360500 0.015000 0.015000
0 0.425500 0.737000 0.011000 0.015000
0 0.519500 0.502500 0.021000 0.017000
0 0.706000 0.666500 0.019000 0.024000
0 0.678500 0.502500 0.019000 0.018000
0 0.659500 0.634500 0.019000 0.020000
0 0.450500 0.746000 0.012000 0.012000
0 0.444500 0.860000 0.015000 0.015000
0 0.427000 0.284500 0.011000 0.012000
0 0.565000 0.698000 0.022000 0.020000
0 0.447500 0.566500 0.019000 0.018000
0 0.312000 0.537500 0.013000 0.015000
0 0.141000 0.287500 0.018000 0.020000
0 0.686000 0.359000 0.020000 0.022000
0 0.439500 0.531500 0.015000 0.015000
0 0.256000 0.209500 0.016000 0.022000
0 0.385000 0.764000 0.019000 0.018000
0 0.796500 0.578000 0.013000 0.017000
0 0.340000 0.560500 0.014000 0.016000
0 0.604000 0.814000 0.024000 0.029000
0 0.591000 0.562000 0.014000 0.013000
0 0.352000 0.260000 0.009000 0.013000
0 0.480000 0.628500 0.019000 0.015000
0 0.883000 0.474000 0.021000 0.020000
0 0.252000 0.244000 0.022000 0.020000
0 0.391000 0.676000 0.026000 0.023000
0 0.568500 0.525000 0.026000 0.025000
0 0.389500 0.380000 0.016000 0.016000
0 0.671500 0.348500 0.022000 0.022000
0 0.500500 0.466000 0.024000 0.018000
0 0.166000 0.460500 0.011000 0.012000
0 0.380000 0.107000 0.023000 0.025000
0 0.313500 0.597000 0.023000 0.023000
0 0.472000 0.446000 0.010000 0.010000
0 0.313500 0.780000 0.014000 0.016000
0 0.290500 0.434000 0.022000 0.019000
0 0.434000 0.296500 0.010000 0.013000
0 0.794500 0.237000 0.023000 0.032000
0 0.567000 0.434000 0.015000 0.011000
0 0.865500 0.318500 0.021000 0.026000
0 0.403000 0.502500 0.019000 0.015000
0 0.354500 0.710000 0.025000 0.026000
0 0.457500 0.490500 0.013000 0.016000
0 0.473500 0.411500 0.028000 0.023000
0 0.441000 0.354000 0.022000 0.023000
0 0.602000 0.869000 0.014000 0.014000
0 0.805000 0.591500 0.025000 0.027000
0 0.468000 0.552500 0.024000 0.028000
0 0.900250 0.389750 0.021500 0.020500
0 0.825500 0.295500 0.024000 0.025000
0 0.527000 0.384000 0.015000 0.016000
0 0.454500 0.120000 0.021000 0.022000
0 0.292750 0.511000 0.023500 0.016000
0 0.145000 0.524000 0.025000 0.021000
0 0.542000 0.698000 0.029000 0.026000
0 0.193000 0.414500 0.020000 0.023000
0 0.758500 0.314500 0.021000 0.024000
0 0.608000 0.663500 0.013000 0.013000
0 0.249500 0.312500 0.009000 0.011000
0 0.504500 0.418500 0.010000 0.010000
0 0.447500 0.460000 0.018000 0.017000
0 0.616000 0.818000 0.024000 0.017000
0 0.304000 0.579500 0.017000 0.014000
0 0.445000 0.385000 0.024000 0.018000
0 0.302000 0.631000 0.031000 0.022000
0 0.637500 0.640000 0.020000 0.020000
0 0.532000 0.415500 0.034000 0.032000
0 0.514000 0.153500 0.010000 0.013000
0 0.498500 0.284000 0.025000 0.020000
0 0.506500 0.334000 0.029000 0.021000
0 0.248000 0.548500 0.028000 0.027000
0 0.260000 0.668000 0.020000 0.017000
0 0.513500 0.623500 0.030000 0.028000
0 0.688500 0.745000 0.029000 0.029000
0 0.277500 0.349000 0.029000 0.025000
0 0.584000 0.652000 0.011000 0.011000
0 0.747000 0.779000 0.032000 0.033000
0 0.188000 0.241000 0.025000 0.027000
0 0.442500 0.489500 0.019000 0.021000
0 0.692750 0.561000 0.026500 0.018000
0 0.516000 0.457000 0.024000 0.019000
0 0.647500 0.250250 0.010000 0.014500
0 0.259000 0.231000 0.024000 0.024000
0 0.451000 0.227500 0.014000 0.014000
0 0.488000 0.305500 0.017000 0.018000
0 0.422000 0.466000 0.019000 0.020000
0 0.464000 0.377500 0.019000 0.020000
0 0.547500 0.596000 0.012000 0.012000
0 0.632500 0.281000 0.022000 0.022000
0 0.297500 0.271500 0.022000 0.027000
0 0.183500 0.696000 0.020000 0.021000
0 0.715000 0.469500 0.010000 0.014000
0 0.519500 0.570500 0.019000 0.020000
0 0.423500 0.362000 0.021000 0.024000
0 0.685000 0.272000 0.010000 0.011000
0 0.672000 0.476000 0.010000 0.011000
0 0.272000 0.313000 0.014000 0.017000
0 0.534000 0.641000 0.016000 0.015000
0 0.338000 0.509500 0.019000 0.019000
0 0.683000 0.502500 0.026000 0.026000
0 0.606000 0.434000 0.020000 0.023000
0 0.478500 0.556000 0.024000 0.023000
0 0.475500 0.544500 0.015000 0.023000
0 0.519000 0.869500 0.016000 0.015000
0 0.472500 0.198000 0.014000 0.014000
0 0.115000 0.487000 0.012000 0.013000
0 0.512000 0.473000 0.018000 0.019000
0 0.517000 0.354500 0.020000 0.018000
0 0.112000 0.600500 0.016000 0.015000
0 0.698000 0.669000 0.013000 0.013000
0 0.541000 0.292000 0.028000 0.032000
0 0.292500 0.751500 0.030000 0.031000
0 0.437500 0.624000 0.014000 0.010000
0 0.810000 0.363750 0.014000 0.017500
0 0.508000 0.554500 0.025000 0.033000
0 0.367500 0.450500 0.024000 0.026000
0 0.810500 0.571000 0.018000 0.025000
0 0.280000 0.433000 0.028000 0.018000
0 0.614500 0.489000 0.019000 0.014000
0 0.429000 0.565000 0.026000 0.029000
0 0.609000 0.324500 0.024000 0.022000
0 0.905500 0.500750 0.019000 0.026500
0 0.875500 0.549000 0.016000 0.013000
0 0.540000 0.308500 0.013000 0.015000
0 0.634500 0.489000 0.017000 0.022000
0 0.675500 0.556750 0.018000 0.026500
0 0.488000 0.520500 0.015000 0.015000
0 0.649000 0.490500 0.018000 0.013000
0 0.762000 0.271000 0.033000 0.028000
0 0.281500 0.668500 0.012000 0.011000
0 0.248000 0.468500 0.023000 0.026000
0 0.292000 0.349000 0.015000 0.015000
0 0.766000 0.362000 0.016000 0.009000
0 0.619000 0.648000 0.012000 0.014000
0 0.113500 0.557500 0.017000 0.021000
0 0.454000 0.645500 0.016000 0.018000
0 0.519500 0.401000 0.017000 0.022000
0 0.726000 0.592500 0.022000 0.021000
0 0.236000 0.492000 0.024000 0.023000
0 0.250500 0.237500 0.027000 0.026000
0 0.279500 0.710000 0.017000 0.017000
0 0.585500 0.280500 0.023000 0.023000
0 0.489000 0.380000 0.015000 0.017000
0 0.550000 0.252500 0.018000 0.019000
0 0.533000 0.484000 0.013000 0.012000
0 0.463500 0.428000 0.019000 0.024000
0 0.384500 0.191000 0.027000 0.028000
0 0.763000 0.236000 0.017000 0.015000
0 0.380000 0.100500 0.019000 0.018000
0 0.564500 0.449000 0.021000 0.021000
0 0.447500 0.475000 0.019000 0.018000
0 0.506000 0.685500 0.013000 0.012000
0 0.140000 0.622500 0.019000 0.027000
0 0.509000 0.505500 0.027000 0.027000
0 0.730000 0.299000 0.017000 0.019000
0 0.489500 0.510500 0.025000 0.023000
0 0.523500 0.444500 0.013000 0.013000
0 0.347000 0.652500 0.011000 0.010000
0 0.417500 0.600000 0.031000 0.031000
0 0.551500 0.279000 0.016000 0.013000
0 0.601000 0.587500 0.010000 0.010000
0 0.777000 0.766500 0.012000 0.011000
0 0.558500 0.852500 0.025000 0.019000
0 0.502500 0.458500 0.028000 0.022000
0 0.597500 0.428500 0.011000 0.012000
0 0.802500 0.505000 0.014000 0.014000
0 0.783000 0.317000 0.024000 0.019000
0 0.473500 0.615500 0.013000 0.016000
0 0.159000 0.605000 0.018000 0.016000
0 0.550500 0.613500 0.026000 0.025000
0 0.494000 0.525000 0.012000 0.011000
0 0.230000 0.572000 0.018000 0.024000
0 0.092000 0.505500 0.026000 0.023000
0 0.883500 0.655500 0.034000 0.031000
0 0.497000 0.520500 0.011000 0.013000
0 0.268500 0.241000 0.015000 0.014000
0 0.705500 0.738000 0.011000 0.012000
0 0.408500 0.269500 0.027000 0.021000
0 0.379000 0.511500 0.025000 0.025000
0 0.471000 0.491000 0.016000 0.016000
0 0.417500 0.740000 0.011000 0.015000
0 0.414000 0.587500 0.026000 0.029000
0 0.613000 0.215500 0.016000 0.019000
0 0.408500 0.338000 0.024000 0.023000
0 0.325000 0.472500 0.015000 0.009000
0 0.790000 0.539000 0.012000 0.015000
0 0.192500 0.319000 0.009000 0.009000
0 0.557000 0.580500 0.024000 0.029000
0 0.767500 0.545000 0.020000 0.018000
0 0.321500 0.788250 0.012000 0.017500
0 0.143000 0.533000 0.018000 0.017000
0 0.541500 0.433000 0.015000 0.014000
0 0.621000 0.447000 0.018000 0.018000
0 0.550500 0.749000 0.012000 0.013000
0 0.500000 0.319500 0.011000 0.012000
0 0.213500 0.345000 0.019000 0.020000
0 0.592000 0.866000 0.018000 0.018000
0 0.375000 0.402000 0.026000 0.025000
0 0.535000 0.425500 0.020000 0.016000
0 0.295500 0.282500 0.017000 0.022000
0 0.487500 0.619500 0.016000 0.018000
0 0.472000 0.454500 0.025000 0.026000
0 0.527500 0.548500 0.022000 0.030000
0 0.299500 0.730000 0.013000 0.011000
0 0.766500 0.425000 0.014000 0.013000
0 0.569500 0.647500 0.013000 0.014000
0 0.636000 0.592000 0.028000 0.023000
0 0.504500 0.269000 0.010000 0.012000
0 0.306500 0.661500 0.021000 0.021000
0 0.548000 0.412250 0.010000 0.011500
0 0.353500 0.602500 0.024000 0.026000
0 0.525000 0.722000 0.017000 0.019000
0 0.761000 0.610500 0.025000 0.028000
0 0.797000 0.680500 0.027000 0.028000
0 0.455000 0.578000 0.028000 0.021000
0 0.563500 0.355750 0.009000 0.011500
0 0.293500 0.541000 0.019000 0.021000
0 0.307000 0.649000 0.018000 0.015000
0 0.110000 0.396000 0.012000 0.013000
0 0.210500 0.437000 0.024000 0.019000
0 0.245000 0.719500 0.016000 0.021000
0 0.396000 0.613500 0.023000 0.023000
0 0.492000 0.713000 0.034000 0.030000
0 0.265000 0.658000 0.023000 0.023000
0 0.843000 0.671500 0.031000 0.033000
0 0.498000 0.246000 0.019000 0.019000
0 0.671000 0.428500 0.025000 0.030000
0 0.296500 0.589500 0.013000 0.012000
0 0.569500 0.620500 0.014000 0.015000
0 0.637500 0.376500 0.012000 0.013000
0 0.565000 0.575000 0.025000 0.030000
0 0.572000 0.457000 0.025000 0.034000
0 0.427500 0.647500 0.021000 0.015000
0 0.467000 0.435000 0.017000 0.016000
0 0.446000 0.525500 0.027000 0.029000
0 0.481500 0.142000 0.019000 0.018000
0 0.298500 0.556500 0.014000 0.014000
0 0.435000 0.515500 0.011000 0.009000
0 0.794000 0.494000 0.011000 0.012000
0 0.352500 0.460000 0.017000 0.017000
0 0.519500 0.906500 0.010000 0.010000
0 0.385500 0.474000 0.029000 0.030000
0 0.802000 0.668000 0.017000 0.012000
0 0.454000 0.501000 0.022000 0.021000
0 0.350000 0.641000 0.015000 0.014000
0 0.404500 0.797500 0.010000 0.015000
0 0.101500 0.420000 0.017000 0.017000
0 0.400500 0.465000 0.016000 0.015000
0 0.770500 0.381500 0.018000 0.018000
0 0.256500 0.631000 0.011000 0.014000
0 0.557000 0.345000 0.016000 0.016000
0 0.707500 0.551000 0.014000 0.016000
0 0.638500 0.884000 0.016000 0.017000
0 0.593000 0.507000 0.018000 0.014000
0 0.506500 0.480000 0.015000 0.017000
0 0.822000 0.359500 0.010000 0.013000
0 0.565000 0.489500 0.013000 0.019000
0 0.404500 0.813000 0.022000 0.018000
0 0.513000 0.468500 0.015000 0.020000
0 0.518000 0.494500 0.021000 0.024000
0 0.620000 0.677500 0.023000 0.024000
0 0.354000 0.338500 0.018000 0.022000
0 0.712500 0.782500 0.021000 0.019000
0 0.144500 0.479500 0.032000 0.034000
0 0.332500 0.497500 0.018000 0.023000
0 0.388000 0.645500 0.023000 0.030000
0 0.496000 0.570500 0.018000 0.024000
0 0.609500 0.565500 0.020000 0.023000
0 0.561500 0.554000 0.024000 0.021000
0 0.222000 0.703000 0.011000 0.011000
0 0.415500 0.809500 0.013000 0.015000
0 0.526000 0.747000 0.017000 0.018000
0 0.321000 0.448250 0.012000 0.011500