0 0.641000 0.421500 0.017000 0.018000
0 0.563000 0.426000 0.021000 0.015000
0 0.481500 0.492000 0.013000 0.012000
0 0.462500 0.600500 0.019000 0.019000
0 0.484500 0.601500 0.026000 0.026000
0 0.496000 0.365500 0.025000 0.031000
0 0.398500 0.364500 0.013000 0.014000
0 0.398000 0.214500 0.020000 0.023000
0 0.643500 0.731500 0.022000 0.022000
0 0.512000 0.545500 0.015000 0.013000
0 0.521000 0.486500 0.024000 0.022000
0 0.714500 0.538000 0.025000 0.017000
0 0.521000 0.353000 0.021000 0.021000
0 0.700500 0.783500 0.011000 0.011000
0 0.503750 0.504000 0.014500 0.011000
0 0.853000 0.560500 0.021000 0.020000
0 0.494500 0.534000 0.020000 0.019000
0 0.599500 0.589500 0.023000 0.020000
0 0.493000 0.631000 0.018000 0.018000
0 0.437500 0.504000 0.020000 0.024000
0 0.692000 0.528000 0.022000 0.019000
0 0.519500 0.581000 0.014000 0.018000
0 0.304500 0.548500 0.013000 0.013000
0 0.157000 0.665500 0.016000 0.016000
0 0.553500 0.562000 0.021000 0.026000
0 0.667000 0.262000 0.027000 0.028000
0 0.782000 0.728500 0.027000 0.033000
0 0.645500 0.395500 0.011000 0.015000
0 0.522000 0.499000 0.018000 0.020000
0 0.527750 0.546000 0.026500 0.021000
0 0.286500 0.574000 0.013000 0.011000
0 0.625500 0.220500 0.009000 0.014000
0 0.143000 0.546500 0.012000 0.015000
0 0.146000 0.570000 0.028000 0.023000
0 0.473500 0.509500 0.029000 0.025000
0 0.758750 0.304500 0.020500 0.014000
0 0.510500 0.500000 0.013000 0.012000
0 0.456000 0.476500 0.021000 0.025000
0 0.234000 0.602000 0.013000 0.015000
0 0.580000 0.897500 0.023000 0.023000
0 0.824500 0.506000 0.017000 0.017000
0 0.768500 0.484000 0.019000 0.019000
0 0.253000 0.761500 0.017000 0.020000
0 0.465500 0.499500 0.018000 0.020000
0 0.469000 0.568750 0.011000 0.011500
0 0.440500 0.799000 0.027000 0.030000
0 0.557000 0.608500 0.022000 0.028000
0 0.332000 0.611000 0.019000 0.019000
0 0.498500 0.667500 0.020000 0.024000
0 0.498000 0.418750 0.011000 0.014500
0 0.740500 0.773000 0.017000 0.015000
0 0.307000 0.520000 0.024000 0.020000
0 0.432000 0.661000 0.020000 0.028000
0 0.658500 0.283500 0.018000 0.015000
0 0.476000 0.481000 0.016000 0.013000
0 0.721000 0.811500 0.011000 0.012000
0 0.426000 0.241500 0.025000 0.025000
0 0.716500 0.245000 0.011000 0.009000
0 0.799000 0.671000 0.019000 0.019000
0 0.799500 0.728500 0.017000 0.010000
0 0.712000 0.565000 0.032000 0.034000
0 0.363000 0.339000 0.013000 0.012000
0 0.504500 0.495000 0.013000 0.018000
0 0.631500 0.841000 0.014000 0.013000
0 0.440000 0.616500 0.016000 0.025000
0 0.381500 0.744000 0.031000 0.028000
0 0.885500 0.464500 0.019000 0.020000
0 0.506000 0.389500 0.012000 0.012000
0 0.443000 0.526000 0.028000 0.026000
0 0.523500 0.578500 0.010000 0.013000
0 0.652500 0.299000 0.025000 0.030000
0 0.807000 0.546500 0.019000 0.026000
0 0.719000 0.817000 0.012000 0.012000
0 0.262500 0.291500 0.022000 0.020000
0 0.787000 0.667000 0.023000 0.013000
0 0.275500 0.315000 0.014000 0.017000
0 0.375000 0.612500 0.026000 0.032000
0 0.551500 0.432500 0.018000 0.020000
0 0.356500 0.489500 0.017000 0.018000
0 0.623000 0.656000 0.011000 0.013000
0 0.126000 0.316000 0.021000 0.020000
0 0.495000 0.505000 0.024000 0.027000
0 0.368000 0.541000 0.021000 0.023000
0 0.649500 0.605500 0.015000 0.020000
0 0.894500 0.384000 0.013000 0.018000
0 0.336500 0.819000 0.031000 0.022000
0 0.258000 0.469000 0.019000 0.018000
0 0.557000 0.335500 0.031000 0.030000
0 0.384500 0.441000 0.025000 0.021000
0 0.574500 0.498000 0.023000 0.020000
0 0.538500 0.490000 0.012000 0.014000
0 0.371500 0.766000 0.029000 0.026000
0 0.555000 0.536000 0.031000 0.030000
0 0.730500 0.581000 0.017000 0.024000
0 0.585500 0.520000 0.017000 0.017000
0 0.206500 0.552000 0.018000 0.018000
0 0.693000 0.713000 0.017000 0.015000
0 0.407000 0.249000 0.024000 0.028000
0 0.256500 0.368000 0.016000 0.015000
0 0.343000 0.324000 0.023000 0.024000
0 0.447500 0.602500 0.015000 0.013000
0 0.463000 0.482000 0.021000 0.024000
0 0.520000 0.417000 0.018000 0.019000
0 0.441000 0.844000 0.022000 0.031000
0 0.432000 0.367500 0.016000 0.015000
0 0.771500 0.337500 0.028000 0.022000
0 0.568500 0.515500 0.021000 0.029000
0 0.430500 0.322500 0.011000 0.014000
0 0.459000 0.689000 0.022000 0.022000
0 0.237000 0.325500 0.030000 0.027000
0 0.573000 0.779500 0.023000 0.023000
0 0.285500 0.523500 0.035000 0.031000
0 0.546500 0.757500 0.028000 0.024000
0 0.520500 0.443500 0.011000 0.010000
0 0.378500 0.580000 0.020000 0.021000
0 0.541000 0.455000 0.021000 0.020000
0 0.516500 0.365500 0.015000 0.021000
0 0.689000 0.447000 0.011000 0.009000
0 0.481500 0.544000 0.022000 0.023000
0 0.664000 0.327500 0.027000 0.026000
0 0.599500 0.693000 0.032000 0.032000
0 0.330000 0.709500 0.017000 0.015000
0 0.600500 0.392500 0.028000 0.022000
0 0.496500 0.493000 0.008000 0.010000
0 0.358500 0.754000 0.019000 0.027000
0 0.525500 0.486000 0.026000 0.022000
0 0.240000 0.787500 0.019000 0.016000
0 0.416000 0.159500 0.016000 0.019000
0 0.183500 0.593000 0.028000 0.019000
0 0.550500 0.528500 0.012000 0.012000
0 0.103000 0.531000 0.028000 0.019000
0 0.355000 0.107500 0.028000 0.021000
0 0.711500 0.599500 0.023000 0.024000
0 0.636000 0.280000 0.012000 0.014000
0 0.590000 0.286500 0.014000 0.017000
0 0.335500 0.431000 0.021000 0.027000
0 0.152000 0.440000 0.021000 0.017000
0 0.715500 0.205500 0.028000 0.022000
0 0.487000 0.622000 0.018000 0.018000
0 0.269500 0.217000 0.014000 0.014000
0 0.662000 0.563000 0.018000 0.016000
0 0.298500 0.730500 0.016000 0.013000
0 0.499500 0.497000 0.014000 0.017000
0 0.607000 0.103000 0.027000 0.018000
0 0.484500 0.562000 0.020000 0.020000
0 0.557000 0.742000 0.028000 0.025000
0 0.893000 0.425500 0.026000 0.021000
0 0.563500 0.629500 0.009000 0.012000
0 0.518500 0.524000 0.012000 0.013000
0 0.695750 0.762000 0.023500 0.016000
0 0.773500 0.252000 0.030000 0.030000
0 0.450500 0.873500 0.025000 0.022000
0 0.386000 0.498000 0.016000 0.016000
0 0.810500 0.283000 0.014000 0.013000
0 0.611000 0.728500 0.029000 0.019000
0 0.615500 0.232500 0.025000 0.021000
0 0.358500 0.719000 0.012000 0.013000
0 0.199500 0.389500 0.011000 0.011000
0 0.605500 0.285500 0.019000 0.020000
0 0.559000 0.228000 0.019000 0.018000
0 0.802500 0.315500 0.019000 0.022000
0 0.590500 0.529500 0.013000 0.014000
0 0.133500 0.340000 0.018000 0.023000
0 0.471500 0.760750 0.016000 0.020500
0 0.812500 0.415000 0.014000 0.013000
0 0.571500 0.552500 0.013000 0.013000
0 0.513000 0.449000 0.016000 0.014000
0 0.268500 0.269000 0.024000 0.019000
0 0.488500 0.654500 0.019000 0.017000
0 0.754500 0.272500 0.010000 0.012000
0 0.328500 0.549000 0.019000 0.016000
0 0.507500 0.476000 0.011000 0.012000
0 0.511500 0.185500 0.023000 0.026000
0 0.708000 0.193000 0.017000 0.016000
0 0.495500 0.406500 0.015000 0.014000
0 0.715000 0.616500 0.020000 0.035000
0 0.407500 0.186500 0.018000 0.018000
0 0.823000 0.615000 0.024000 0.024000
0 0.213000 0.267000 0.036000 0.027000
0 0.656500 0.664000 0.023000 0.026000
0 0.263000 0.250500 0.023000 0.022000
0 0.633000 0.475000 0.020000 0.019000
0 0.749000 0.794500 0.016000 0.024000
0 0.472000 0.454000 0.013000 0.011000
0 0.860000 0.615000 0.023000 0.019000
0 0.360500 0.357500 0.011000 0.016000
0 0.709000 0.633500 0.024000 0.020000
0 0.230500 0.183000 0.034000 0.025000
0 0.529500 0.170000 0.012000 0.010000
0 0.278000 0.358500 0.020000 0.023000
0 0.400000 0.505000 0.013000 0.013000
0 0.454500 0.447500 0.014000 0.013000
0 0.342000 0.213000 0.016000 0.017000
0 0.499500 0.558500 0.017000 0.021000
0 0.764000 0.330000 0.031000 0.019000
0 0.730500 0.305500 0.023000 0.028000
0 0.548500 0.331500 0.016000 0.018000
0 0.432000 0.679500 0.018000 0.021000
0 0.472000 0.602000 0.013000 0.013000
0 0.443000 0.400000 0.014000 0.010000
0 0.160000 0.681500 0.016000 0.013000
0 0.214000 0.657000 0.016000 0.015000
0 0.306000 0.675500 0.012000 0.012000
0 0.453000 0.496500 0.012000 0.013000
0 0.417500 0.512500 0.026000 0.029000
0 0.391500 0.524000 0.018000 0.022000
0 0.762500 0.246500 0.012000 0.013000
0 0.474000 0.497250 0.023000 0.026500
0 0.549500 0.340000 0.015000 0.014000
0 0.596500 0.468500 0.027000 0.019000
0 0.196000 0.723000 0.018000 0.017000
0 0.599500 0.223000 0.022000 0.022000
0 0.417000 0.487500 0.024000 0.027000
0 0.482000 0.359000 0.013000 0.011000
0 0.483000 0.701500 0.011000 0.010000
0 0.219500 0.396500 0.017000 0.018000
0 0.389500 0.417500 0.020000 0.021000
0 0.599500 0.553500 0.033000 0.018000
0 0.619500 0.804500 0.012000 0.014000
0 0.218500 0.607500 0.018000 0.017000
0 0.489500 0.493500 0.013000 0.009000
0 0.346500 0.771500 0.015000 0.012000
0 0.391500 0.466500 0.017000 0.020000
0 0.909000 0.549000 0.020000 0.020000
0 0.541000 0.909000 0.034000 0.033000
0 0.259000 0.565000 0.021000 0.026000
0 0.583000 0.214500 0.022000 0.016000
0 0.416000 0.103500 0.015000 0.013000
0 0.704000 0.674000 0.026000 0.025000
0 0.505000 0.440500 0.012000 0.011000
0 0.520000 0.911000 0.026000 0.022000
0 0.438250 0.494000 0.017500 0.013000
0 0.138500 0.359000 0.021000 0.020000
0 0.513000 0.355000 0.027000 0.029000
0 0.439500 0.650000 0.013000 0.012000
0 0.251000 0.649000 0.033000 0.027000
0 0.385000 0.347000 0.031000 0.030000
0 0.190500 0.262000 0.011000 0.013000
0 0.475500 0.555000 0.021000 0.014000
0 0.464000 0.430000 0.019000 0.020000
0 0.198000 0.733500 0.022000 0.024000
0 0.576000 0.268000 0.018000 0.022000
0 0.561500 0.488000 0.016000 0.017000
0 0.656500 0.656500 0.017000 0.011000
0 0.754500 0.830000 0.019000 0.017000
0 0.268500 0.616000 0.014000 0.015000
0 0.492500 0.805500 0.020000 0.015000
0 0.305500 0.654000 0.019000 0.020000
0 0.187500 0.559000 0.012000 0.010000
0 0.558500 0.780000 0.019000 0.028000
0 0.674000 0.535500 0.010000 0.008000
0 0.457500 0.815000 0.015000 0.014000
0 0.789500 0.586500 0.016000 0.016000
0 0.658000 0.514000 0.016000 0.012000
0 0.488000 0.533000 0.020000 0.016000
0 0.629250 0.525500 0.020500 0.016000
0 0.664000 0.780000 0.020000 0.017000
0 0.284500 0.191000 0.021000 0.023000
0 0.593000 0.354500 0.021000 0.024000
0 0.836500 0.313000 0.023000 0.023000
0 0.594000 0.752500 0.019000 0.020000
0 0.736000 0.710000 0.028000 0.029000
0 0.607500 0.476000 0.028000 0.029000
0 0.482000 0.094500 0.017000 0.015000
0 0.757000 0.361750 0.026000 0.029500
0 0.732000 0.676500 0.017000 0.017000
0 0.516000 0.874000 0.026000 0.025000
0 0.673000 0.525500 0.013000 0.020000
0 0.580000 0.339000 0.017000 0.016000
0 0.483500 0.832000 0.016000 0.016000
0 0.273500 0.540500 0.024000 0.026000
0 0.552500 0.458000 0.024000 0.024000
0 0.523500 0.533500 0.022000 0.019000
0 0.655500 0.462000 0.029000 0.024000
0 0.503500 0.445000 0.024000 0.027000
0 0.376500 0.332000 0.031000 0.032000
0 0.754000 0.339000 0.012000 0.015000
0 0.684000 0.545000 0.022000 0.028000
0 0.566000 0.500500 0.019000 0.019000
0 0.600500 0.514000 0.035000 0.032000
0 0.539000 0.519000 0.016000 0.023000
0 0.318000 0.735000 0.015000 0.016000
0 0.295500 0.421500 0.023000 0.020000
0 0.558000 0.590500 0.018000 0.013000
0 0.451000 0.179000 0.017000 0.017000
0 0.283000 0.454500 0.013000 0.011000
0 0.404500 0.268750 0.010000 0.014500
0 0.410000 0.355500 0.010000 0.012000
0 0.100000 0.420000 0.018000 0.018000
0 0.528000 0.516500 0.024000 0.017000
0 0.565000 0.674500 0.019000 0.021000
0 0.518000 0.507500 0.012000 0.012000
0 0.680000 0.637000 0.019000 0.025000
0 0.100000 0.455000 0.016000 0.016000
0 0.483000 0.251000 0.016000 0.019000
0 0.370000 0.644000 0.022000 0.027000
0 0.411500 0.295000 0.012000 0.014000
0 0.332500 0.805500 0.021000 0.022000
0 0.288000 0.331000 0.032000 0.023000
0 0.376500 0.695500 0.012000 0.011000
0 0.365500 0.747500 0.012000 0.009000
0 0.364500 0.607000 0.024000 0.016000
0 0.603000 0.414500 0.031000 0.030000
0 0.696000 0.773500 0.012000 0.013000
0 0.463500 0.446500 0.017000 0.018000
0 0.659500 0.170000 0.019000 0.022000
0 0.610500 0.687500 0.023000 0.023000
0 0.517500 0.906000 0.017000 0.020000
0 0.762500 0.756500 0.020000 0.015000
0 0.601500 0.436250 0.014000 0.014500
0 0.641500 0.480000 0.013000 0.017000
0 0.635000 0.427500 0.014000 0.010000
0 0.537500 0.480500 0.019000 0.019000
0 0.641000 0.268000 0.014000 0.012000
0 0.453000 0.522500 0.020000 0.022000
0 0.453000 0.543500 0.019000 0.014000
0 0.583000 0.293000 0.027000 0.029000
0 0.515000 0.493000 0.019000 0.026000
0 0.409000 0.291500 0.009000 0.009000
0 0.561500 0.638000 0.012000 0.011000
0 0.663500 0.133000 0.014000 0.020000
0 0.294500 0.532000 0.021000 0.021000
0 0.354000 0.675000 0.026000 0.023000
0 0.494500 0.601000 0.024000 0.025000
0 0.551000 0.825500 0.026000 0.028000
0 0.402000 0.411500 0.022000 0.018000
0 0.528500 0.450000 0.028000 0.028000
0 0.565000 0.311000 0.023000 0.018000
0 0.429000 0.389000 0.013000 0.013000
0 0.828000 0.291000 0.024000 0.025000
0 0.735000 0.627000 0.021000 0.022000
0 0.418000 0.580500 0.011000 0.012000
0 0.251500 0.406000 0.013000 0.012000
0 0.338000 0.640000 0.014000 0.011000
0 0.468500 0.391500 0.018000 0.017000
0 0.241500 0.527500 0.023000 0.022000
0 0.643500 0.526000 0.011000 0.012000
0 0.662000 0.272000 0.019000 0.016000
0 0.669500 0.821000 0.022000 0.023000
0 0.659000 0.521000 0.022000 0.022000
0 0.458000 0.824000 0.028000 0.028000
0 0.730500 0.694000 0.010000 0.011000
0 0.191000 0.679500 0.010000 0.009000
0 0.351000 0.623500 0.018000 0.022000
0 0.398000 0.602000 0.020000 0.019000
0 0.499500 0.446000 0.026000 0.023000
0 0.674000 0.201000 0.013000 0.012000
0 0.198000 0.246500 0.024000 0.025000
0 0.456000 0.628500 0.022000 0.019000
0 0.160500 0.298500 0.019000 0.020000
0 0.175500 0.740000 0.034000 0.023000
0 0.353000 0.660000 0.016000 0.015000
0 0.435000 0.738000 0.023000 0.018000
0 0.617500 0.460500 0.010000 0.012000
0 0.682500 0.396000 0.011000 0.011000
0 0.218000 0.416000 0.021000 0.021000
0 0.281000 0.745000 0.019000 0.018000
0 0.275000 0.227000 0.013000 0.009000
0 0.431500 0.530000 0.024000 0.024000
0 0.439500 0.366000 0.020000 0.027000
0 0.739000 0.351500 0.013000 0.012000
0 0.357500 0.242000 0.023000 0.022000
0 0.615000 0.307500 0.030000 0.028000
0 0.492500 0.413500 0.018000 0.018000
0 0.430000 0.622500 0.020000 0.024000
0 0.469500 0.467500 0.018000 0.016000
0 0.377500 0.507000 0.026000 0.027000
0 0.793750 0.689000 0.026500 0.028000
0 0.421500 0.551500 0.012000 0.011000
0 0.486500 0.910000 0.015000 0.018000
0 0.668000 0.512500 0.012000 0.009000
0 0.389500 0.701500 0.022000 0.022000
0 0.665000 0.546500 0.016000 0.011000
0 0.213500 0.496000 0.017000 0.018000
0 0.258000 0.505000 0.029000 0.016000
0 0.516000 0.328500 0.021000 0.025000
0 0.555000 0.150000 0.020000 0.022000
0 0.403500 0.744000 0.027000 0.026000
0 0.754500 0.431000 0.029000 0.024000
0 0.359000 0.540500 0.022000 0.019000
0 0.533000 0.566500 0.017000 0.015000
0 0.536000 0.423500 0.027000 0.030000
0 0.787000 0.614000 0.020000 0.019000
0 0.655750 0.546500 0.014500 0.010000
0 0.463000 0.540000 0.021000 0.022000
0 0.117000 0.632000 0.016000 0.011000
0 0.364500 0.789000 0.019000 0.013000
0 0.331000 0.167000 0.013000 0.019000
0 0.327500 0.563000 0.016000 0.012000
0 0.585500 0.716000 0.022000 0.025000
0 0.135500 0.468000 0.019000 0.025000
0 0.792000 0.533000 0.022000 0.018000
0 0.451500 0.865500 0.012000 0.017000
0 0.506500 0.670500 0.018000 0.018000
0 0.201000 0.287500 0.020000 0.028000
0 0.543000 0.540500 0.033000 0.027000
0 0.582000 0.397000 0.032000 0.032000
0 0.764500 0.821000 0.020000 0.013000
0 0.370500 0.304000 0.018000 0.013000
0 0.416500 0.341000 0.019000 0.020000
0 0.287500 0.507500 0.026000 0.024000
0 0.412500 0.531500 0.025000 0.025000
0 0.666000 0.723000 0.026000 0.027000
0 0.412250 0.786500 0.020500 0.019000
0 0.818000 0.519500 0.020000 0.021000
0 0.087500 0.571000 0.013000 0.016000
0 0.490500 0.524000 0.029000 0.026000
0 0.451500 0.448000 0.017000 0.021000
0 0.459000 0.841500 0.021000 0.018000
0 0.716500 0.415500 0.019000 0.028000
0 0.307500 0.226500 0.014000 0.018000
0 0.597000 0.546500 0.015000 0.013000
0 0.564500 0.448500 0.015000 0.017000
0 0.524500 0.479000 0.012000 0.009000
0 0.481500 0.516500 0.027000 0.025000
0 0.208500 0.752500 0.010000 0.013000
0 0.472500 0.412500 0.020000 0.022000
0 0.501500 0.818500 0.025000 0.032000
0 0.155000 0.718500 0.015000 0.015000
0 0.588500 0.504500 0.022000 0.019000
0 0.323500 0.622500 0.021000 0.022000
0 0.606000 0.568500 0.028000 0.019000
0 0.503500 0.610500 0.015000 0.009000
0 0.274500 0.558500 0.020000 0.019000
0 0.273500 0.148250 0.020000 0.023500
0 0.669500 0.614000 0.015000 0.010000
0 0.540500 0.442500 0.016000 0.021000
0 0.353500 0.406000 0.016000 0.016000
0 0.332000 0.842500 0.024000 0.021000
0 0.631500 0.278000 0.022000 0.022000
0 0.365000 0.567000 0.013000 0.014000
0 0.439000 0.105500 0.027000 0.021000
0 0.520500 0.626500 0.020000 0.023000
0 0.465000 0.492500 0.017000 0.019000
0 0.464500 0.660500 0.021000 0.022000
0 0.568000 0.593000 0.009000 0.017000
0 0.667500 0.275000 0.029000 0.030000
0 0.844500 0.437000 0.025000 0.021000
0 0.702500 0.585000 0.024000 0.025000
0 0.515500 0.697000 0.012000 0.016000
0 0.336000 0.460000 0.021000 0.018000
0 0.893500 0.444500 0.018000 0.016000
0 0.644000 0.315500 0.026000 0.021000
0 0.656500 0.468000 0.020000 0.019000
0 0.579500 0.478000 0.020000 0.024000
0 0.847500 0.395000 0.022000 0.022000
0 0.319500 0.675500 0.025000 0.023000
0 0.585000 0.601000 0.028000 0.028000
0 0.509000 0.612000 0.023000 0.025000
0 0.309500 0.213000 0.032000 0.029000
0 0.801500 0.524500 0.018000 0.020000
0 0.717000 0.722500 0.022000 0.028000
0 0.470500 0.531500 0.010000 0.015000
0 0.568500 0.196500 0.014000 0.014000
0 0.409500 0.503500 0.019000 0.028000
0 0.819000 0.656000 0.032000 0.020000
0 0.534500 0.473500 0.019000 0.021000
0 0.573000 0.490500 0.023000 0.027000
0 0.597500 0.638500 0.022000 0.022000
0 0.577000 0.830500 0.016000 0.012000
0 0.814000 0.267500 0.014000 0.016000
0 0.281000 0.296500 0.018000 0.018000
0 0.572000 0.098500 0.012000 0.016000
0 0.635000 0.144000 0.021000 0.021000
0 0.479000 0.315000 0.018000 0.018000
0 0.260500 0.428000 0.023000 0.026000
0 0.693500 0.426000 0.017000 0.016000
0 0.455000 0.193000 0.009000 0.012000
0 0.144500 0.397000 0.021000 0.016000
0 0.456500 0.553000 0.027000 0.023000
0 0.532500 0.400000 0.014000 0.013000
0 0.487000 0.551500 0.024000 0.026000
0 0.647500 0.122000 0.015000 0.014000
0 0.796000 0.501000 0.010000 0.012000
0 0.504500 0.559750 0.021000 0.026500
0 0.803000 0.373500 0.029000 0.026000
0 0.544000 0.570000 0.018000 0.022000
0 0.387000 0.307500 0.019000 0.017000
0 0.386000 0.381500 0.017000 0.018000
0 0.844000 0.356000 0.014000 0.013000
0 0.557000 0.704500 0.010000 0.011000
0 0.230000 0.720000 0.017000 0.025000
0 0.446000 0.454000 0.014000 0.012000
0 0.874500 0.479000 0.023000 0.028000
0 0.754500 0.408500 0.023000 0.016000
0 0.288000 0.709000 0.022000 0.020000
0 0.434500 0.378500 0.025000 0.023000
0 0.356500 0.569500 0.024000 0.025000
0 0.655000 0.195500 0.018000 0.016000
0 0.478500 0.875000 0.029000 0.027000
0 0.440000 0.326500 0.025000 0.025000
0 0.388500 0.264500 0.015000 0.015000
0 0.235500 0.655500 0.023000 0.024000