0 0.318500 0.192000 0.031000 0.021000
0 0.519500 0.466000 0.026000 0.019000
0 0.690500 0.595500 0.028000 0.025000
0 0.514000 0.511500 0.016000 0.011000
0 0.221500 0.800500 0.012000 0.011000
0 0.554000 0.594000 0.025000 0.019000
0 0.471000 0.255000 0.026000 0.022000
0 0.620500 0.101500 0.021000 0.023000
0 0.458500 0.884250 0.011000 0.014500
0 0.763500 0.686000 0.018000 0.017000
0 0.210000 0.231000 0.022000 0.027000
0 0.493500 0.523500 0.013000 0.012000
0 0.524000 0.455000 0.026000 0.025000
0 0.440000 0.525500 0.014000 0.017000
0 0.626000 0.187500 0.018000 0.024000
0 0.658500 0.873500 0.016000 0.016000
0 0.373000 0.431000 0.016000 0.014000
0 0.589500 0.299500 0.011000 0.013000
0 0.528000 0.498500 0.017000 0.015000
0 0.493500 0.465500 0.013000 0.019000
0 0.490750 0.557500 0.026500 0.024000
0 0.791500 0.309000 0.022000 0.020000
0 0.507500 0.446000 0.015000 0.018000
0 0.549500 0.338000 0.021000 0.019000
0 0.527500 0.835000 0.016000 0.021000
0 0.392500 0.667000 0.023000 0.023000
0 0.105500 0.556500 0.027000 0.031000
0 0.478500 0.291500 0.031000 0.022000
0 0.498250 0.496500 0.023500 0.016000
0 0.441500 0.209000 0.025000 0.024000
0 0.348000 0.516000 0.013000 0.016000
0 0.182000 0.563500 0.025000 0.025000
0 0.743000 0.731000 0.012000 0.013000
0 0.466000 0.710000 0.024000 0.025000
0 0.530500 0.270000 0.018000 0.022000
0 0.585000 0.159500 0.017000 0.018000
0 0.793000 0.700500 0.013000 0.012000
0 0.547000 0.328500 0.028000 0.031000
0 0.602000 0.375000 0.012000 0.014000
0 0.644250 0.178500 0.023500 0.017000
0 0.358500 0.883750 0.013000 0.017500
0 0.420000 0.569000 0.014000 0.016000
0 0.554000 0.246000 0.028000 0.028000
0 0.263000 0.181000 0.025000 0.024000
0 0.655000 0.562500 0.020000 0.024000
0 0.538000 0.270500 0.015000 0.013000
0 0.637000 0.388500 0.019000 0.028000
0 0.176000 0.297000 0.018000 0.017000
0 0.410500 0.327000 0.019000 0.021000
0 0.590000 0.565000 0.020000 0.017000
0 0.693000 0.535500 0.030000 0.022000
0 0.489500 0.493000 0.023000 0.021000
0 0.405500 0.568000 0.024000 0.023000
0 0.372500 0.519000 0.016000 0.015000
0 0.562000 0.888000 0.021000 0.017000
0 0.439000 0.873000 0.018000 0.021000
0 0.620500 0.273000 0.023000 0.025000
0 0.460000 0.602500 0.027000 0.023000
0 0.612000 0.599000 0.011000 0.009000
0 0.482500 0.514000 0.021000 0.021000
0 0.491500 0.446000 0.022000 0.021000
0 0.411000 0.644500 0.018000 0.017000
0 0.403000 0.483500 0.010000 0.010000
0 0.405000 0.290500 0.021000 0.028000
0 0.473000 0.591500 0.027000 0.030000
0 0.118500 0.473500 0.013000 0.013000
0 0.435500 0.441500 0.013000 0.013000
0 0.491500 0.543500 0.013000 0.013000
0 0.484500 0.597500 0.018000 0.018000
0 0.148500 0.339000 0.029000 0.026000
0 0.530500 0.569000 0.024000 0.023000
0 0.770500 0.274500 0.022000 0.025000
0 0.517500 0.840000 0.010000 0.014000
0 0.169000 0.417000 0.027000 0.019000
0 0.579500 0.381500 0.019000 0.020000
0 0.290500 0.452500 0.025000 0.021000
0 0.517000 0.572000 0.013000 0.013000
0 0.508000 0.533000 0.024000 0.017000
0 0.305500 0.639000 0.017000 0.023000
0 0.599000 0.279500 0.017000 0.019000
0 0.528500 0.182000 0.016000 0.015000
0 0.366500 0.601000 0.017000 0.019000
0 0.425000 0.538500 0.014000 0.014000
0 0.709500 0.732500 0.025000 0.017000
0 0.843000 0.514500 0.015000 0.010000
0 0.459000 0.579000 0.015000 0.017000
0 0.301000 0.614000 0.022000 0.023000
0 0.507500 0.477000 0.016000 0.022000
0 0.252500 0.488500 0.018000 0.013000
0 0.445500 0.419500 0.024000 0.024000
0 0.229500 0.724000 0.030000 0.034000
0 0.493500 0.433000 0.015000 0.022000
0 0.394500 0.843500 0.011000 0.013000
0 0.273000 0.814500 0.014000 0.016000
0 0.526500 0.477000 0.017000 0.023000
0 0.640500 0.585000 0.016000 0.017000
0 0.366000 0.528000 0.018000 0.019000
0 0.511000 0.864000 0.024000 0.023000
0 0.537000 0.572500 0.018000 0.023000
0 0.735000 0.547500 0.017000 0.016000
0 0.312500 0.392000 0.024000 0.017000
0 0.452000 0.801000 0.015000 0.014000
0 0.839500 0.594500 0.023000 0.022000
0 0.193000 0.547000 0.020000 0.018000
0 0.427000 0.465500 0.013000 0.012000
0 0.881250 0.576000 0.020500 0.014000
0 0.357500 0.618500 0.032000 0.026000
0 0.137000 0.313500 0.024000 0.025000
0 0.447000 0.098000 0.027000 0.027000
0 0.731000 0.613000 0.027000 0.026000
0 0.198500 0.638500 0.020000 0.019000
0 0.251500 0.383500 0.019000 0.018000
0 0.640500 0.848000 0.017000 0.016000
0 0.285000 0.226500 0.028000 0.025000
0 0.432000 0.353000 0.018000 0.020000
0 0.467500 0.561000 0.021000 0.021000
0 0.356000 0.288000 0.024000 0.018000
0 0.486500 0.429000 0.024000 0.024000
0 0.141000 0.429500 0.021000 0.021000
0 0.545000 0.449000 0.034000 0.031000
0 0.333500 0.879000 0.015000 0.022000
0 0.231000 0.219000 0.014000 0.017000
0 0.413000 0.359500 0.025000 0.022000
0 0.246000 0.587500 0.020000 0.023000
0 0.413000 0.635000 0.016000 0.015000
0 0.799500 0.362500 0.021000 0.021000
0 0.472500 0.551500 0.016000 0.018000
0 0.707000 0.470500 0.036000 0.036000
0 0.713000 0.849000 0.015000 0.014000
0 0.518000 0.444000 0.022000 0.020000
0 0.467500 0.740500 0.011000 0.014000
0 0.288000 0.775000 0.019000 0.019000
0 0.598500 0.446500 0.030000 0.026000
0 0.807000 0.665000 0.022000 0.018000
0 0.305000 0.439500 0.018000 0.020000
0 0.728000 0.646500 0.019000 0.015000
0 0.333500 0.206500 0.027000 0.028000
0 0.366000 0.554500 0.021000 0.026000
0 0.313500 0.646500 0.015000 0.014000
0 0.564000 0.338000 0.013000 0.014000
0 0.873500 0.531000 0.015000 0.014000
0 0.633500 0.208500 0.016000 0.017000
0 0.580000 0.514500 0.018000 0.026000
0 0.621000 0.476000 0.013000 0.011000
0 0.347500 0.477500 0.017000 0.017000
0 0.276500 0.342500 0.020000 0.018000
0 0.694000 0.827000 0.011000 0.011000
0 0.329500 0.665500 0.029000 0.019000
0 0.382000 0.529000 0.022000 0.024000
0 0.612000 0.710500 0.012000 0.016000
0 0.632000 0.834500 0.029000 0.021000
0 0.525000 0.817500 0.017000 0.017000
0 0.701000 0.661000 0.023000 0.021000
0 0.381500 0.485500 0.028000 0.028000
0 0.839500 0.629000 0.016000 0.020000
0 0.327000 0.451500 0.018000 0.016000
0 0.299500 0.861500 0.019000 0.018000
0 0.561500 0.418500 0.028000 0.028000
0 0.521500 0.617500 0.025000 0.021000
0 0.888000 0.521000 0.021000 0.026000
0 0.320500 0.497000 0.023000 0.032000
0 0.597000 0.266000 0.031000 0.025000
0 0.519000 0.511000 0.022000 0.019000
0 0.474500 0.404500 0.026000 0.026000
0 0.556500 0.281500 0.020000 0.021000
0 0.893500 0.405500 0.017000 0.018000
0 0.393000 0.482500 0.028000 0.022000
0 0.492000 0.152500 0.023000 0.022000
0 0.582000 0.242000 0.028000 0.028000
0 0.351500 0.444500 0.032000 0.030000
0 0.473000 0.486000 0.026000 0.021000
0 0.608000 0.885000 0.012000 0.014000
0 0.372500 0.357500 0.023000 0.029000
0 0.484500 0.612500 0.016000 0.015000
0 0.281000 0.395000 0.020000 0.020000
0 0.554500 0.518000 0.017000 0.016000
0 0.375500 0.656500 0.018000 0.017000
0 0.284500 0.358000 0.026000 0.024000
0 0.302000 0.583500 0.021000 0.020000
0 0.156000 0.617000 0.018000 0.019000
0 0.570500 0.497000 0.019000 0.019000
0 0.142500 0.622000 0.021000 0.022000
0 0.395000 0.379000 0.027000 0.035000
0 0.490500 0.879000 0.023000 0.026000
0 0.617500 0.490000 0.016000 0.018000
0 0.523500 0.189000 0.011000 0.013000
0 0.492000 0.719000 0.013000 0.016000
0 0.639000 0.510000 0.020000 0.019000
0 0.546000 0.492000 0.021000 0.028000
0 0.291000 0.847000 0.026000 0.025000
0 0.532000 0.437500 0.019000 0.021000
0 0.722500 0.667000 0.016000 0.016000
0 0.499000 0.832500 0.010000 0.010000
0 0.729000 0.324500 0.014000 0.018000
0 0.681000 0.765000 0.027000 0.034000
0 0.541000 0.352500 0.018000 0.018000
0 0.734500 0.257000 0.011000 0.009000
0 0.793500 0.402000 0.016000 0.011000
0 0.484000 0.420000 0.015000 0.014000
0 0.322500 0.555000 0.015000 0.013000
0 0.443000 0.669000 0.012000 0.013000
0 0.507000 0.495000 0.019000 0.025000
0 0.365500 0.381000 0.021000 0.022000
0 0.602500 0.341000 0.025000 0.020000
0 0.570000 0.397500 0.022000 0.028000
0 0.548500 0.788000 0.019000 0.023000
0 0.472500 0.475000 0.028000 0.032000
0 0.709500 0.205500 0.011000 0.011000
0 0.489500 0.506000 0.021000 0.023000
0 0.299250 0.751750 0.024500 0.024500
0 0.315000 0.292000 0.021000 0.020000
0 0.451500 0.467000 0.020000 0.024000
0 0.829500 0.518000 0.009000 0.013000
0 0.660500 0.652500 0.016000 0.013000
0 0.581500 0.523500 0.015000 0.018000
0 0.397500 0.525500 0.019000 0.019000
0 0.664000 0.450500 0.012000 0.016000
0 0.850000 0.726500 0.021000 0.019000
0 0.406000 0.456000 0.014000 0.019000
0 0.381500 0.652000 0.023000 0.027000
0 0.463500 0.512500 0.015000 0.019000
0 0.563500 0.478500 0.023000 0.019000
0 0.344000 0.633000 0.022000 0.024000
0 0.513000 0.457500 0.014000 0.012000
0 0.295500 0.475500 0.022000 0.023000
0 0.396000 0.507500 0.014000 0.015000
0 0.686000 0.470000 0.013000 0.016000
0 0.605500 0.846500 0.022000 0.020000
0 0.186000 0.677000 0.019000 0.015000
0 0.772500 0.470000 0.024000 0.029000
0 0.486500 0.621000 0.020000 0.019000
0 0.594500 0.607000 0.022000 0.015000
0 0.281500 0.558000 0.019000 0.020000
0 0.383500 0.705000 0.016000 0.015000
0 0.739500 0.628500 0.016000 0.019000
0 0.573000 0.223500 0.035000 0.029000
0 0.298000 0.382000 0.027000 0.021000
0 0.425500 0.396500 0.017000 0.017000
0 0.477500 0.266500 0.012000 0.012000
0 0.440500 0.317000 0.018000 0.012000
0 0.753500 0.261500 0.025000 0.022000
0 0.555500 0.386000 0.019000 0.021000
0 0.350000 0.611000 0.014000 0.013000
0 0.515500 0.480500 0.016000 0.016000
0 0.151500 0.292500 0.027000 0.026000
0 0.783000 0.590500 0.013000 0.016000
0 0.474000 0.388500 0.023000 0.020000
0 0.467500 0.372500 0.015000 0.016000
0 0.134000 0.401000 0.024000 0.031000
0 0.461750 0.126500 0.020500 0.014000
0 0.458500 0.409000 0.022000 0.022000
0 0.590000 0.592500 0.027000 0.023000
0 0.729500 0.582500 0.013000 0.011000
0 0.509500 0.564500 0.014000 0.015000
0 0.210500 0.550500 0.021000 0.019000
0 0.522500 0.341000 0.014000 0.015000
0 0.145000 0.399000 0.016000 0.024000
0 0.462500 0.342000 0.019000 0.019000
0 0.364500 0.334000 0.016000 0.019000
0 0.711500 0.530000 0.022000 0.024000
0 0.412000 0.419250 0.018000 0.026500
0 0.703000 0.635500 0.016000 0.022000
0 0.704500 0.497000 0.032000 0.023000
0 0.093500 0.459500 0.012000 0.013000
0 0.254500 0.227000 0.024000 0.024000
0 0.481500 0.491000 0.026000 0.028000
0 0.764500 0.295500 0.014000 0.013000
0 0.367000 0.800250 0.021000 0.029500
0 0.491500 0.294500 0.022000 0.025000
0 0.583500 0.544000 0.017000 0.016000
0 0.373000 0.592000 0.024000 0.018000
0 0.707000 0.817000 0.016000 0.016000
0 0.406000 0.234000 0.025000 0.025000
0 0.823000 0.493000 0.014000 0.014000
0 0.320500 0.614500 0.029000 0.030000
0 0.523000 0.724500 0.023000 0.024000
0 0.401000 0.423500 0.033000 0.033000
0 0.196000 0.744500 0.028000 0.030000
0 0.432000 0.546000 0.026000 0.025000
0 0.465000 0.487500 0.013000 0.013000
0 0.217500 0.656500 0.015000 0.011000
0 0.830000 0.331000 0.022000 0.018000
0 0.839500 0.727000 0.012000 0.012000
0 0.718000 0.169500 0.020000 0.020000
0 0.567000 0.623500 0.021000 0.020000
0 0.328500 0.654000 0.020000 0.021000
0 0.498000 0.102000 0.019000 0.016000
0 0.503500 0.500000 0.024000 0.025000
0 0.327000 0.610500 0.013000 0.017000
0 0.548000 0.600000 0.010000 0.013000
0 0.589000 0.283500 0.021000 0.021000
0 0.160000 0.670500 0.021000 0.022000
0 0.511500 0.358000 0.032000 0.033000
0 0.604500 0.255500 0.012000 0.013000
0 0.488000 0.638000 0.023000 0.021000
0 0.581000 0.416000 0.014000 0.014000
0 0.369000 0.865000 0.011000 0.010000
0 0.222500 0.449500 0.017000 0.019000
0 0.452000 0.513000 0.019000 0.030000
0 0.456000 0.733500 0.015000 0.017000
0 0.852000 0.528500 0.014000 0.012000
0 0.655500 0.487500 0.012000 0.013000
0 0.258500 0.564000 0.020000 0.026000
0 0.541500 0.507500 0.032000 0.020000
0 0.479500 0.494500 0.022000 0.023000
0 0.399000 0.574500 0.024000 0.022000
0 0.209000 0.476500 0.015000 0.012000
0 0.268000 0.473000 0.024000 0.023000
0 0.642000 0.693000 0.016000 0.016000
0 0.617000 0.109500 0.036000 0.030000
0 0.671000 0.731500 0.012000 0.012000
0 0.352750 0.727250 0.021500 0.021500
0 0.629500 0.444750 0.008000 0.011500
0 0.524500 0.390500 0.028000 0.027000
0 0.257000 0.505000 0.015000 0.012000
0 0.709500 0.315000 0.027000 0.025000
0 0.597000 0.383500 0.021000 0.022000
0 0.816500 0.473000 0.019000 0.022000
0 0.668500 0.720500 0.028000 0.030000
0 0.562000 0.589500 0.011000 0.012000
0 0.589500 0.435000 0.015000 0.010000
0 0.500000 0.498000 0.027000 0.024000
0 0.521500 0.434000 0.025000 0.025000
0 0.361500 0.615000 0.021000 0.023000
0 0.284000 0.661500 0.017000 0.014000
0 0.564000 0.453500 0.016000 0.015000
0 0.684000 0.750250 0.009000 0.011500
0 0.329500 0.363500 0.018000 0.014000
0 0.449000 0.406500 0.016000 0.017000
0 0.769000 0.515500 0.029000 0.022000
0 0.520500 0.420500 0.023000 0.020000
0 0.725000 0.613500 0.020000 0.022000
0 0.622500 0.628500 0.020000 0.015000
0 0.642000 0.489500 0.016000 0.017000
0 0.646500 0.324500 0.017000 0.020000
0 0.884000 0.501000 0.017000 0.014000
0 0.434000 0.905500 0.013000 0.015000
0 0.184000 0.391500 0.031000 0.030000
0 0.557000 0.546500 0.016000 0.020000
0 0.516000 0.630500 0.013000 0.015000
0 0.575500 0.475500 0.013000 0.013000
0 0.333000 0.334000 0.012000 0.017000
0 0.450250 0.430000 0.014500 0.010000
0 0.227000 0.699000 0.010000 0.013000
0 0.216500 0.608500 0.019000 0.020000
0 0.225000 0.493500 0.014000 0.013000
0 0.525000 0.371000 0.029000 0.023000
0 0.499500 0.471000 0.031000 0.025000
0 0.340500 0.456000 0.009000 0.009000
0 0.777000 0.249000 0.017000 0.014000
0 0.478500 0.470000 0.022000 0.023000
0 0.545000 0.533500 0.017000 0.017000
0 0.490500 0.582500 0.015000 0.014000
0 0.430000 0.835000 0.027000 0.020000
0 0.404000 0.398500 0.020000 0.023000
0 0.563500 0.468000 0.021000 0.028000
0 0.540000 0.652000 0.017000 0.024000
0 0.602500 0.512500 0.017000 0.017000
0 0.522500 0.673000 0.034000 0.035000
0 0.479500 0.200500 0.018000 0.018000
0 0.544500 0.478500 0.018000 0.015000
0 0.361000 0.490500 0.019000 0.016000
0 0.823500 0.420000 0.019000 0.021000
0 0.335000 0.480000 0.016000 0.015000
0 0.662500 0.857500 0.020000 0.019000
0 0.389500 0.306000 0.011000 0.012000
0 0.457500 0.417500 0.016000 0.016000
0 0.286000 0.157000 0.018000 0.019000
0 0.669000 0.386500 0.018000 0.022000
0 0.403500 0.549000 0.029000 0.034000
0 0.664000 0.141000 0.032000 0.032000
0 0.534500 0.403000 0.028000 0.025000
0 0.279500 0.831500 0.033000 0.032000
0 0.587000 0.619500 0.014000 0.017000
0 0.577000 0.181000 0.011000 0.010000
0 0.565500 0.409500 0.013000 0.013000
0 0.317500 0.789000 0.016000 0.013000
0 0.437500 0.559500 0.010000 0.011000
0 0.468000 0.495000 0.023000 0.023000
0 0.794000 0.513000 0.013000 0.014000
0 0.360500 0.235500 0.015000 0.014000
0 0.567000 0.431000 0.026000 0.020000
0 0.584000 0.145500 0.018000 0.014000
0 0.496500 0.506000 0.017000 0.017000
0 0.497000 0.552500 0.031000 0.031000
0 0.231000 0.286500 0.028000 0.028000
0 0.268000 0.701000 0.017000 0.016000
0 0.117000 0.402000 0.011000 0.012000
0 0.220000 0.368500 0.011000 0.011000
0 0.516000 0.364000 0.015000 0.014000
0 0.442000 0.513500 0.013000 0.014000
0 0.543500 0.520500 0.016000 0.012000
0 0.457000 0.916000 0.025000 0.027000
0 0.761000 0.443500 0.012000 0.014000
0 0.878500 0.401500 0.016000 0.014000
0 0.475500 0.386500 0.010000 0.010000
0 0.270500 0.210000 0.023000 0.017000
0 0.325500 0.126000 0.023000 0.025000
0 0.672000 0.526000 0.017000 0.019000
0 0.578000 0.832000 0.013000 0.014000
0 0.740000 0.758000 0.014000 0.019000
0 0.392500 0.718500 0.017000 0.017000
0 0.721000 0.677500 0.011000 0.015000
0 0.437500 0.498000 0.021000 0.025000
0 0.652500 0.613500 0.018000 0.022000
0 0.878500 0.362000 0.024000 0.024000
0 0.292500 0.467000 0.029000 0.030000
0 0.679500 0.516500 0.027000 0.029000
0 0.583500 0.411000 0.017000 0.018000
0 0.777000 0.512000 0.023000 0.024000
0 0.481500 0.811000 0.018000 0.021000
0 0.668000 0.884500 0.017000 0.018000
0 0.508000 0.673500 0.025000 0.021000
0 0.616000 0.479000 0.013000 0.014000
0 0.565000 0.394500 0.017000 0.018000
0 0.375500 0.538500 0.009000 0.011000
0 0.578000 0.554000 0.011000 0.016000
0 0.807000 0.407500 0.023000 0.013000
0 0.443000 0.491000 0.024000 0.022000
0 0.415000 0.553000 0.021000 0.023000
0 0.537500 0.487000 0.012000 0.010000
0 0.131000 0.626500 0.011000 0.008000
0 0.474500 0.242500 0.017000 0.016000
0 0.675500 0.551000 0.013000 0.021000
0 0.846500 0.558500 0.023000 0.024000
0 0.524000 0.777000 0.020000 0.021000
0 0.549000 0.565500 0.023000 0.013000
0 0.368500 0.825000 0.029000 0.029000
0 0.739000 0.305500 0.013000 0.011000
0 0.386500 0.120000 0.016000 0.020000
0 0.505000 0.895000 0.021000 0.018000
0 0.400000 0.616500 0.029000 0.022000
0 0.561000 0.548500 0.020000 0.021000
0 0.344000 0.725500 0.014000 0.021000
0 0.480000 0.588000 0.019000 0.015000
0 0.364500 0.398500 0.009000 0.015000
0 0.261500 0.828000 0.018000 0.016000
0 0.561000 0.503000 0.019000 0.020000
0 0.434500 0.475500 0.021000 0.015000
0 0.639500 0.779500 0.025000 0.026000
0 0.492500 0.481500 0.014000 0.015000
0 0.534500 0.784500 0.014000 0.013000
0 0.533000 0.313000 0.022000 0.017000
0 0.332000 0.246500 0.011000 0.011000
0 0.843000 0.661500 0.021000 0.022000
0 0.333500 0.575000 0.026000 0.026000
0 0.335500 0.266000 0.016000 0.010000
0 0.790000 0.369000 0.014000 0.015000
0 0.508500 0.328750 0.018000 0.020500
0 0.157500 0.434500 0.029000 0.025000
0 0.528500 0.491500 0.016000 0.012000
0 0.457500 0.521500 0.022000 0.026000
0 0.217000 0.344000 0.015000 0.016000
0 0.588500 0.499000 0.013000 0.012000
0 0.587500 0.877500 0.023000 0.020000
0 0.501000 0.576500 0.014000 0.017000
0 0.568000 0.771000 0.018000 0.014000
0 0.596000 0.364500 0.025000 0.018000
0 0.614500 0.521000 0.023000 0.023000
0 0.349500 0.767000 0.016000 0.011000
0 0.434000 0.800000 0.011000 0.011000
0 0.256500 0.593500 0.023000 0.023000
0 0.447000 0.218000 0.023000 0.023000
0 0.581000 0.312500 0.021000 0.018000
0 0.447750 0.622250 0.020500 0.021500
0 0.304500 0.323000 0.014000 0.014000
0 0.372500 0.782500 0.019000 0.019000
0 0.390000 0.824500 0.017000 0.016000
0 0.550000 0.458500 0.030000 0.031000
0 0.515000 0.445000 0.031000 0.023000
0 0.699500 0.650500 0.013000 0.013000
0 0.276500 0.223000 0.021000 0.025000
0 0.494000 0.326500 0.028000 0.027000
0 0.509500 0.486000 0.034000 0.032000
0 0.812500 0.239000 0.018000 0.019000
0 0.559000 0.669500 0.016000 0.016000
0 0.575000 0.660500 0.031000 0.028000
0 0.700500 0.303000 0.025000 0.031000
0 0.620000 0.366000 0.019000 0.020000
0 0.331500 0.155500 0.015000 0.012000
0 0.578000 0.565500 0.023000 0.020000
0 0.514500 0.416000 0.009000 0.013000
0 0.608000 0.865000 0.016000 0.014000
0 0.749250 0.423000 0.023500 0.016000
0 0.092000 0.424000 0.030000 0.022000
0 0.232500 0.613500 0.008000 0.013000
0 0.156500 0.721500 0.015000 0.014000
0 0.739500 0.527000 0.017000 0.014000
0 0.412000 0.348000 0.026000 0.024000
0 0.608000 0.794500 0.027000 0.029000
0 0.265000 0.258000 0.024000 0.019000
0 0.197500 0.591000 0.022000 0.024000
0 0.483750 0.417250 0.026500 0.027500
0 0.511000 0.874500 0.015000 0.010000
0 0.691000 0.292000 0.021000 0.019000
0 0.613000 0.206000 0.030000 0.027000
0 0.541500 0.418500 0.018000 0.013000
0 0.745500 0.578000 0.011000 0.013000
0 0.518000 0.578500 0.016000 0.014000
0 0.412500 0.378000 0.019000 0.015000
0 0.401500 0.591000 0.015000 0.018000
0 0.562500 0.436750 0.014000 0.017500
0 0.901500 0.442500 0.020000 0.025000
0 0.478000 0.298500 0.022000 0.020000
0 0.806000 0.571000 0.016000 0.011000
0 0.376500 0.611000 0.016000 0.015000
0 0.468000 0.492500 0.018000 0.016000
0 0.158500 0.376500 0.030000 0.031000
0 0.652500 0.866000 0.014000 0.022000
0 0.417000 0.216500 0.032000 0.029000
0 0.794000 0.614500 0.012000 0.013000
0 0.774500 0.340000 0.019000 0.015000
0 0.539250 0.291000 0.011500 0.012000
0 0.422000 0.471500 0.016000 0.022000
0 0.176000 0.733500 0.011000 0.014000
0 0.561000 0.568000 0.021000 0.030000
0 0.207000 0.779500 0.012000 0.013000
0 0.366500 0.409000 0.017000 0.020000
0 0.563000 0.104000 0.016000 0.015000
0 0.568000 0.380500 0.028000 0.031000
0 0.428500 0.402000 0.019000 0.013000
0 0.733000 0.384000 0.029000 0.028000
0 0.355500 0.151500 0.017000 0.016000
0 0.635000 0.104000 0.026000 0.029000
0 0.374000 0.672500 0.033000 0.031000
0 0.443000 0.671500 0.017000 0.025000
0 0.555500 0.087500 0.020000 0.021000
0 0.414000 0.889000 0.019000 0.021000
0 0.399000 0.678500 0.017000 0.020000
0 0.899000 0.621500 0.028000 0.019000
0 0.873500 0.575000 0.013000 0.019000
0 0.375500 0.510500 0.023000 0.020000
0 0.239500 0.511500 0.021000 0.015000
0 0.333500 0.376500 0.017000 0.018000
0 0.634250 0.569500 0.020500 0.015000
0 0.698000 0.261000 0.020000 0.025000
0 0.589000 0.342500 0.025000 0.022000
0 0.584000 0.333500 0.015000 0.013000
0 0.909500 0.523000 0.011000 0.012000
0 0.436000 0.180000 0.012000 0.009000
0 0.317000 0.627000 0.013000 0.011000
0 0.766000 0.738500 0.021000 0.023000