0 0.278000 0.488500 0.024000 0.017000
0 0.227000 0.501000 0.027000 0.022000
0 0.639500 0.429500 0.029000 0.030000
0 0.538500 0.210000 0.031000 0.023000
0 0.174500 0.311000 0.019000 0.019000
0 0.477000 0.543500 0.022000 0.021000
0 0.612500 0.653000 0.028000 0.027000
0 0.518000 0.556500 0.025000 0.030000
0 0.477000 0.226500 0.014000 0.013000
0 0.752000 0.760000 0.030000 0.021000
0 0.436000 0.568500 0.014000 0.017000
0 0.333000 0.679500 0.027000 0.021000
0 0.205000 0.623000 0.017000 0.016000
0 0.682500 0.458500 0.012000 0.011000
0 0.723000 0.535500 0.030000 0.025000
0 0.627750 0.852000 0.020500 0.015000
0 0.271000 0.355500 0.024000 0.020000
0 0.459500 0.483000 0.018000 0.026000
0 0.715000 0.856500 0.022000 0.032000
0 0.411000 0.501500 0.018000 0.025000
0 0.729000 0.237500 0.015000 0.014000
0 0.496500 0.509750 0.019000 0.023500
0 0.553000 0.466500 0.022000 0.021000
0 0.587000 0.367500 0.022000 0.021000
0 0.598500 0.404000 0.013000 0.014000
0 0.460000 0.265500 0.019000 0.029000
0 0.797500 0.546500 0.015000 0.014000
0 0.578000 0.236000 0.015000 0.014000
0 0.539500 0.347000 0.026000 0.022000
0 0.498500 0.476000 0.028000 0.029000
0 0.707500 0.654500 0.011000 0.011000
0 0.427500 0.343500 0.031000 0.027000
0 0.250500 0.651750 0.023000 0.026500
0 0.308500 0.457000 0.010000 0.012000
0 0.293000 0.622500 0.023000 0.027000
0 0.362000 0.332000 0.019000 0.018000
0 0.503000 0.487000 0.010000 0.011000
0 0.261500 0.711500 0.034000 0.034000
0 0.250500 0.229500 0.018000 0.020000
0 0.259500 0.611500 0.024000 0.016000
0 0.464000 0.706000 0.014000 0.011000
0 0.121000 0.383500 0.024000 0.027000
0 0.552500 0.385500 0.014000 0.013000
0 0.527500 0.555000 0.022000 0.019000
0 0.796000 0.525500 0.014000 0.012000
0 0.660500 0.414000 0.016000 0.015000
0 0.594000 0.538250 0.014000 0.020500
0 0.200500 0.496000 0.025000 0.024000
0 0.890500 0.380000 0.011000 0.012000
0 0.424000 0.286500 0.021000 0.024000
0 0.101500 0.571000 0.019000 0.018000
0 0.109500 0.622500 0.014000 0.013000
0 0.521500 0.502000 0.028000 0.027000
0 0.524500 0.447000 0.029000 0.027000
0 0.319000 0.531250 0.023000 0.026500
0 0.803000 0.357000 0.020000 0.017000
0 0.810500 0.740000 0.021000 0.018000
0 0.441500 0.561500 0.023000 0.020000
0 0.252250 0.458000 0.014500 0.011000
0 0.544500 0.225500 0.025000 0.022000
0 0.466000 0.439000 0.016000 0.016000
0 0.583500 0.273500 0.015000 0.017000
0 0.521000 0.691500 0.023000 0.027000
0 0.658500 0.340000 0.019000 0.024000
0 0.786500 0.409000 0.019000 0.020000
0 0.649500 0.745000 0.020000 0.019000
0 0.533500 0.808000 0.033000 0.032000
0 0.159500 0.353000 0.019000 0.018000
0 0.402000 0.529500 0.025000 0.021000
0 0.528000 0.604500 0.011000 0.019000
0 0.272500 0.848000 0.026000 0.023000
0 0.353000 0.672000 0.018000 0.017000
0 0.457000 0.273500 0.009000 0.010000
0 0.561000 0.642500 0.012000 0.014000
0 0.532500 0.221500 0.011000 0.014000
0 0.442500 0.372000 0.011000 0.013000
0 0.707000 0.423500 0.012000 0.011000
0 0.477000 0.517000 0.023000 0.021000
0 0.615500 0.274500 0.010000 0.012000
0 0.609000 0.278500 0.015000 0.016000
0 0.584000 0.416000 0.024000 0.024000
0 0.672500 0.174500 0.022000 0.030000
0 0.414000 0.310500 0.013000 0.014000
0 0.764000 0.824000 0.034000 0.034000
0 0.147500 0.414500 0.032000 0.028000
0 0.456000 0.784000 0.015000 0.015000
0 0.541000 0.830000 0.021000 0.021000
0 0.156500 0.414000 0.023000 0.019000
0 0.782500 0.578000 0.021000 0.025000
0 0.267750 0.761500 0.029500 0.021000
0 0.910000 0.421500 0.010000 0.012000
0 0.593000 0.350000 0.023000 0.029000
0 0.148500 0.301000 0.031000 0.025000
0 0.524000 0.486500 0.009000 0.010000
0 0.488000 0.529000 0.013000 0.015000
0 0.340500 0.853500 0.029000 0.025000
0 0.377500 0.529000 0.015000 0.015000
0 0.427000 0.868500 0.020000 0.019000
0 0.638750 0.511500 0.014500 0.010000
0 0.511500 0.659500 0.016000 0.017000
0 0.331500 0.462500 0.028000 0.026000
0 0.409000 0.672000 0.015000 0.013000
0 0.722000 0.201000 0.019000 0.022000
0 0.292500 0.191000 0.019000 0.022000
0 0.377000 0.335500 0.018000 0.017000
0 0.439500 0.283500 0.011000 0.015000
0 0.488000 0.593500 0.021000 0.021000
0 0.114000 0.599000 0.032000 0.034000
0 0.361000 0.407500 0.026000 0.023000
0 0.600500 0.746000 0.022000 0.021000
0 0.676500 0.285000 0.034000 0.024000
0 0.572000 0.722000 0.018000 0.011000
0 0.469500 0.191500 0.021000 0.024000
0 0.398000 0.336000 0.015000 0.013000
0 0.118500 0.657500 0.021000 0.022000
0 0.539500 0.575000 0.020000 0.021000
0 0.594500 0.811500 0.022000 0.023000
0 0.658500 0.591000 0.029000 0.022000
0 0.563000 0.490000 0.018000 0.017000
0 0.424000 0.847500 0.022000 0.023000
0 0.432250 0.475500 0.020500 0.014000
0 0.515500 0.594000 0.017000 0.016000
0 0.670500 0.746000 0.015000 0.015000
0 0.524000 0.701500 0.034000 0.032000
0 0.854500 0.572000 0.026000 0.024000
0 0.501000 0.544500 0.032000 0.030000
0 0.344000 0.223000 0.012000 0.012000
0 0.159500 0.606500 0.008000 0.012000
0 0.611500 0.356000 0.028000 0.033000
0 0.745500 0.358500 0.022000 0.027000
0 0.410500 0.715500 0.014000 0.015000
0 0.630500 0.661500 0.028000 0.033000
0 0.443000 0.166500 0.030000 0.031000
0 0.543000 0.564500 0.018000 0.025000
0 0.419000 0.568000 0.030000 0.027000
0 0.284000 0.557500 0.013000 0.012000
0 0.588500 0.299000 0.014000 0.017000
0 0.657000 0.583000 0.018000 0.024000
0 0.567000 0.150000 0.016000 0.016000
0 0.185000 0.517500 0.013000 0.012000
0 0.625000 0.567000 0.018000 0.023000
0 0.728500 0.270000 0.023000 0.023000
0 0.537000 0.308000 0.014000 0.014000
0 0.603000 0.347500 0.027000 0.022000
0 0.206000 0.324500 0.018000 0.019000
0 0.597000 0.465500 0.021000 0.015000
0 0.489500 0.814000 0.016000 0.016000
0 0.505000 0.515500 0.017000 0.014000
0 0.237500 0.738500 0.024000 0.024000
0 0.480000 0.444500 0.010000 0.008000
0 0.402500 0.578500 0.022000 0.030000
0 0.270000 0.406500 0.022000 0.030000
0 0.828000 0.319000 0.019000 0.019000
0 0.491000 0.509000 0.026000 0.022000
0 0.143500 0.657000 0.021000 0.033000
0 0.489000 0.539500 0.014000 0.017000
0 0.265500 0.541000 0.031000 0.024000
0 0.667000 0.124500 0.019000 0.014000
0 0.116500 0.443000 0.024000 0.034000
0 0.183000 0.535500 0.016000 0.022000
0 0.447500 0.655000 0.011000 0.010000
0 0.516500 0.544000 0.010000 0.010000
0 0.534500 0.393000 0.023000 0.014000
0 0.599500 0.494000 0.020000 0.019000
0 0.741000 0.438000 0.012000 0.014000
0 0.643500 0.441000 0.013000 0.011000
0 0.579000 0.544000 0.024000 0.022000
0 0.493000 0.339000 0.016000 0.017000
0 0.622500 0.310500 0.023000 0.027000
0 0.510000 0.573500 0.015000 0.015000
0 0.604500 0.480500 0.025000 0.030000
0 0.276500 0.764000 0.020000 0.020000
0 0.763000 0.657000 0.017000 0.017000
0 0.477500 0.463500 0.023000 0.026000
0 0.510000 0.741000 0.027000 0.020000
0 0.656500 0.201000 0.012000 0.014000
0 0.765500 0.628500 0.015000 0.015000
0 0.584000 0.694500 0.021000 0.020000
0 0.482000 0.851500 0.029000 0.033000
0 0.674500 0.561000 0.022000 0.020000
0 0.560500 0.355500 0.027000 0.025000
0 0.417000 0.466500 0.032000 0.035000
0 0.569500 0.534000 0.017000 0.020000
0 0.535000 0.489500 0.016000 0.015000
0 0.689750 0.418500 0.023500 0.017000
0 0.495000 0.842000 0.026000 0.031000
0 0.242500 0.629000 0.015000 0.013000
0 0.222000 0.386000 0.031000 0.021000
0 0.685500 0.225500 0.016000 0.016000
0 0.519500 0.631000 0.018000 0.024000
0 0.445750 0.176500 0.014500 0.010000
0 0.587500 0.759500 0.013000 0.012000
0 0.753500 0.643500 0.023000 0.028000
0 0.546500 0.494000 0.022000 0.027000
0 0.902500 0.472500 0.022000 0.017000
0 0.435500 0.156000 0.024000 0.030000
0 0.518000 0.493500 0.027000 0.026000
0 0.520500 0.458000 0.014000 0.014000
0 0.377000 0.810500 0.014000 0.014000
0 0.391000 0.591500 0.019000 0.019000
0 0.791500 0.598500 0.013000 0.014000
0 0.535500 0.546500 0.018000 0.019000
0 0.770000 0.405500 0.036000 0.023000
0 0.561000 0.619500 0.015000 0.019000
0 0.453000 0.454500 0.021000 0.026000
0 0.673000 0.187500 0.020000 0.022000
0 0.267000 0.300000 0.013000 0.012000
0 0.590500 0.176000 0.012000 0.011000
0 0.647000 0.706500 0.016000 0.015000
0 0.632500 0.562500 0.020000 0.022000
0 0.731000 0.328000 0.012000 0.015000
0 0.371000 0.503000 0.025000 0.018000
0 0.148500 0.637000 0.019000 0.018000
0 0.377500 0.753500 0.022000 0.022000
0 0.598500 0.572000 0.010000 0.013000
0 0.410000 0.473000 0.018000 0.019000
0 0.319000 0.507750 0.019000 0.026500
0 0.494500 0.498000 0.019000 0.021000
0 0.424500 0.824000 0.023000 0.023000
0 0.226750 0.348000 0.026500 0.018000
0 0.401000 0.661000 0.025000 0.031000
0 0.526000 0.400500 0.016000 0.015000
0 0.712000 0.437500 0.023000 0.032000
0 0.866500 0.323500 0.009000 0.014000
0 0.201000 0.395000 0.013000 0.012000
0 0.228000 0.747500 0.013000 0.013000
0 0.590000 0.403500 0.021000 0.020000
0 0.438000 0.197000 0.024000 0.026000
0 0.660500 0.570000 0.011000 0.011000
0 0.573000 0.330000 0.018000 0.018000
0 0.357500 0.258500 0.013000 0.015000
0 0.393000 0.429500 0.017000 0.021000
0 0.732000 0.546500 0.012000 0.011000
0 0.430500 0.296500 0.013000 0.013000
0 0.452000 0.572500 0.013000 0.016000
0 0.732000 0.471000 0.017000 0.023000
0 0.704500 0.449500 0.019000 0.019000
0 0.741500 0.274500 0.028000 0.022000
0 0.657500 0.381500 0.018000 0.018000
0 0.125000 0.425000 0.029000 0.022000
0 0.291000 0.558500 0.023000 0.025000
0 0.833000 0.740500 0.019000 0.024000
0 0.523500 0.204000 0.015000 0.019000
0 0.422500 0.437000 0.024000 0.027000
0 0.580500 0.472000 0.028000 0.019000
0 0.515500 0.806000 0.020000 0.029000
0 0.455500 0.124500 0.024000 0.021000
0 0.116500 0.666500 0.025000 0.022000
0 0.462500 0.834500 0.017000 0.017000
0 0.483500 0.451500 0.019000 0.020000
0 0.565000 0.540000 0.030000 0.031000
0 0.510500 0.377000 0.026000 0.024000
0 0.722000 0.310000 0.023000 0.023000
0 0.630500 0.653000 0.014000 0.015000
0 0.553500 0.460500 0.015000 0.014000
0 0.550500 0.772500 0.027000 0.027000
0 0.452500 0.498500 0.029000 0.029000
0 0.711500 0.408500 0.011000 0.016000
0 0.290000 0.685000 0.028000 0.022000
0 0.861000 0.412000 0.019000 0.012000
0 0.410500 0.456500 0.022000 0.023000
0 0.354000 0.576500 0.020000 0.022000
0 0.441500 0.342500 0.026000 0.016000
0 0.195500 0.505000 0.014000 0.017000
0 0.303000 0.838000 0.025000 0.021000
0 0.612000 0.553000 0.016000 0.021000
0 0.626000 0.317500 0.016000 0.022000
0 0.228000 0.559500 0.022000 0.022000
0 0.271000 0.607500 0.023000 0.019000
0 0.257000 0.449500 0.009000 0.010000
0 0.568500 0.199000 0.015000 0.014000
0 0.364000 0.492500 0.029000 0.033000
0 0.441500 0.499000 0.014000 0.013000
0 0.292500 0.236500 0.033000 0.027000
0 0.338500 0.443000 0.010000 0.010000
0 0.668000 0.199000 0.023000 0.024000
0 0.348000 0.498000 0.026000 0.025000
0 0.346500 0.547000 0.017000 0.015000
0 0.499500 0.508000 0.010000 0.012000
0 0.718500 0.777000 0.016000 0.023000
0 0.718500 0.204000 0.019000 0.014000
0 0.457500 0.457750 0.017000 0.020500
0 0.608000 0.730500 0.014000 0.016000
0 0.585500 0.536000 0.017000 0.022000
0 0.271000 0.566500 0.020000 0.020000
0 0.234500 0.525500 0.015000 0.016000
0 0.862500 0.309500 0.016000 0.017000
0 0.445500 0.422000 0.012000 0.012000
0 0.536500 0.606500 0.023000 0.019000
0 0.480000 0.558500 0.023000 0.023000
0 0.174500 0.379000 0.013000 0.012000
0 0.262000 0.278000 0.015000 0.011000
0 0.563500 0.391000 0.017000 0.022000
0 0.502500 0.663500 0.032000 0.031000
0 0.527000 0.528000 0.026000 0.027000
0 0.215500 0.216500 0.016000 0.018000
0 0.727000 0.368500 0.021000 0.031000
0 0.240000 0.639500 0.022000 0.025000
0 0.552000 0.577500 0.015000 0.016000
0 0.881500 0.540500 0.019000 0.020000
0 0.626500 0.772500 0.017000 0.022000
0 0.235000 0.495500 0.015000 0.015000
0 0.765500 0.456500 0.020000 0.018000
0 0.134000 0.517000 0.012000 0.014000
0 0.227000 0.673500 0.023000 0.023000
0 0.534000 0.641500 0.024000 0.025000
0 0.656000 0.483000 0.018000 0.021000
0 0.489500 0.219500 0.023000 0.022000
0 0.609000 0.632000 0.017000 0.021000
0 0.393000 0.684000 0.025000 0.026000
0 0.163250 0.449000 0.014500 0.010000
0 0.809500 0.586000 0.012000 0.010000
0 0.096500 0.601500 0.018000 0.014000
0 0.373000 0.382000 0.026000 0.026000
0 0.761500 0.690500 0.033000 0.026000
0 0.556000 0.115500 0.024000 0.028000
0 0.431000 0.266500 0.012000 0.013000
0 0.547000 0.281000 0.012000 0.016000
0 0.191000 0.262500 0.018000 0.019000
0 0.514500 0.499500 0.030000 0.030000
0 0.501000 0.089500 0.022000 0.020000
0 0.607500 0.506000 0.011000 0.008000
0 0.763500 0.569500 0.024000 0.023000
0 0.437000 0.271000 0.017000 0.012000
0 0.537500 0.623000 0.030000 0.030000
0 0.545000 0.465500 0.033000 0.029000
0 0.488000 0.375000 0.028000 0.027000
0 0.493000 0.828500 0.026000 0.028000
0 0.444000 0.691000 0.020000 0.011000
0 0.449000 0.802000 0.011000 0.009000
0 0.773500 0.337000 0.011000 0.013000
0 0.505500 0.503500 0.025000 0.026000
0 0.764500 0.679500 0.015000 0.009000
0 0.681500 0.489500 0.018000 0.014000
0 0.551000 0.915000 0.024000 0.029000
0 0.829500 0.724000 0.022000 0.021000
0 0.418500 0.402500 0.017000 0.015000
0 0.193500 0.245500 0.019000 0.019000
0 0.479000 0.526000 0.023000 0.021000
0 0.320500 0.351000 0.024000 0.021000
0 0.410500 0.228000 0.017000 0.017000
0 0.468000 0.757000 0.021000 0.019000
0 0.574500 0.737500 0.025000 0.024000
0 0.295500 0.674000 0.018000 0.017000
0 0.477500 0.315000 0.017000 0.013000
0 0.428000 0.364500 0.031000 0.020000
0 0.564500 0.376500 0.022000 0.022000
0 0.650000 0.528000 0.024000 0.019000
0 0.539500 0.743500 0.018000 0.020000
0 0.809000 0.370000 0.021000 0.022000
0 0.201500 0.554500 0.015000 0.017000
0 0.658750 0.512000 0.014500 0.011000
0 0.397500 0.217500 0.012000 0.012000
0 0.280500 0.740500 0.023000 0.024000
0 0.302000 0.300000 0.021000 0.020000
0 0.468500 0.873500 0.022000 0.025000
0 0.507000 0.494000 0.017000 0.021000
0 0.445000 0.319000 0.019000 0.020000
0 0.696000 0.659500 0.023000 0.031000
0 0.535000 0.513000 0.020000 0.022000
0 0.487000 0.864500 0.022000 0.017000
0 0.830000 0.580000 0.025000 0.027000
0 0.615000 0.588000 0.018000 0.020000
0 0.264000 0.726000 0.009000 0.010000
0 0.357500 0.643500 0.019000 0.011000
0 0.895000 0.393000 0.025000 0.022000
0 0.195000 0.380500 0.023000 0.023000
0 0.385500 0.510000 0.011000 0.008000
0 0.249500 0.352000 0.010000 0.012000
0 0.373000 0.434000 0.015000 0.012000
0 0.481500 0.535500 0.021000 0.020000
0 0.885000 0.631500 0.022000 0.017000
0 0.500000 0.499500 0.028000 0.025000
0 0.484000 0.477500 0.025000 0.026000
0 0.747500 0.388000 0.025000 0.025000
0 0.473500 0.554500 0.019000 0.019000
0 0.881000 0.332000 0.028000 0.027000
0 0.419000 0.372500 0.017000 0.014000
0 0.221000 0.780000 0.024000 0.022000
0 0.532500 0.562500 0.013000 0.012000
0 0.579500 0.113500 0.017000 0.018000
0 0.661000 0.696000 0.029000 0.027000
0 0.863500 0.567500 0.010000 0.012000
0 0.579000 0.402500 0.016000 0.016000
0 0.495500 0.461500 0.021000 0.026000
0 0.250500 0.718000 0.012000 0.016000
0 0.471500 0.486500 0.013000 0.013000
0 0.631500 0.191250 0.013000 0.017500
0 0.822500 0.427000 0.032000 0.021000
0 0.288000 0.523500 0.022000 0.023000
0 0.677500 0.575500 0.022000 0.017000
0 0.575000 0.450500 0.017000 0.019000
0 0.565000 0.408000 0.018000 0.021000
0 0.653500 0.209000 0.021000 0.016000
0 0.507000 0.461000 0.016000 0.020000
0 0.360000 0.554500 0.011000 0.010000
0 0.710500 0.380500 0.017000 0.018000
0 0.218500 0.252500 0.030000 0.029000
0 0.583500 0.181500 0.023000 0.021000
0 0.487500 0.511000 0.029000 0.022000
0 0.344250 0.537500 0.029500 0.021000
0 0.432000 0.349250 0.019000 0.026500
0 0.579500 0.802500 0.011000 0.012000
0 0.472500 0.426500 0.022000 0.015000
0 0.572000 0.175500 0.022000 0.019000
0 0.436000 0.597000 0.026000 0.024000
0 0.548000 0.411500 0.022000 0.019000
0 0.322000 0.672500 0.013000 0.013000
0 0.462500 0.638000 0.021000 0.019000
0 0.448000 0.610500 0.022000 0.019000