0 0.723000 0.824500 0.018000 0.021000
0 0.837500 0.367000 0.019000 0.018000
0 0.244500 0.372500 0.016000 0.010000
0 0.482500 0.501500 0.013000 0.011000
0 0.500500 0.499000 0.020000 0.026000
0 0.642500 0.546500 0.017000 0.017000
0 0.521000 0.459000 0.009000 0.012000
0 0.273500 0.348500 0.023000 0.023000
0 0.686000 0.817000 0.010000 0.013000
0 0.180000 0.542500 0.024000 0.024000
0 0.355500 0.491000 0.020000 0.019000
0 0.371500 0.557000 0.023000 0.023000
0 0.507500 0.496000 0.018000 0.019000
0 0.713500 0.819500 0.019000 0.024000
0 0.498500 0.487000 0.013000 0.013000
0 0.554000 0.853000 0.023000 0.021000
0 0.095500 0.476000 0.010000 0.010000
0 0.297500 0.573000 0.010000 0.013000
0 0.393500 0.727500 0.022000 0.020000
0 0.851500 0.651000 0.012000 0.013000
0 0.790500 0.744500 0.019000 0.017000
0 0.453500 0.468000 0.024000 0.033000
0 0.207500 0.385000 0.027000 0.017000
0 0.527500 0.894500 0.017000 0.025000
0 0.424750 0.430000 0.026500 0.019000
0 0.780500 0.600000 0.014000 0.013000
0 0.228000 0.426500 0.022000 0.024000
0 0.425000 0.846500 0.014000 0.012000
0 0.389500 0.405500 0.024000 0.024000
0 0.343500 0.597500 0.024000 0.024000
0 0.297000 0.672500 0.017000 0.024000
0 0.178500 0.463500 0.016000 0.014000
0 0.732000 0.680000 0.015000 0.012000
0 0.767000 0.596500 0.020000 0.019000
0 0.249000 0.542000 0.013000 0.010000
0 0.672000 0.597500 0.014000 0.018000
0 0.442500 0.430500 0.020000 0.021000
0 0.622500 0.140500 0.032000 0.029000
0 0.136000 0.552000 0.026000 0.025000
0 0.397000 0.656500 0.029000 0.024000
0 0.452250 0.493750 0.022500 0.021500
0 0.513500 0.233500 0.024000 0.027000
0 0.718000 0.297000 0.016000 0.012000
0 0.714500 0.380500 0.028000 0.025000
0 0.401500 0.555500 0.016000 0.021000
0 0.727000 0.313000 0.019000 0.019000
0 0.452000 0.435000 0.015000 0.011000
0 0.722000 0.334000 0.011000 0.010000
0 0.473500 0.602500 0.015000 0.019000
0 0.191000 0.514500 0.020000 0.023000
0 0.492500 0.302500 0.023000 0.023000
0 0.285000 0.354000 0.016000 0.012000
0 0.721000 0.678000 0.016000 0.014000
0 0.796500 0.697500 0.016000 0.015000
0 0.695000 0.414000 0.016000 0.018000
0 0.341000 0.689000 0.020000 0.018000
0 0.496000 0.511500 0.016000 0.019000
0 0.396000 0.420500 0.014000 0.011000
0 0.787500 0.365000 0.019000 0.026000
0 0.845500 0.690000 0.019000 0.015000
0 0.275000 0.314500 0.031000 0.032000
0 0.329000 0.313500 0.018000 0.023000
0 0.471500 0.409000 0.015000 0.015000
0 0.405000 0.718500 0.014000 0.012000
0 0.129500 0.531000 0.022000 0.024000
0 0.225500 0.572000 0.011000 0.016000
0 0.346500 0.201000 0.013000 0.010000
0 0.597000 0.382500 0.027000 0.025000
0 0.500500 0.341000 0.028000 0.030000
0 0.420000 0.545500 0.029000 0.019000
0 0.459000 0.441000 0.031000 0.032000
0 0.675000 0.178000 0.022000 0.019000
0 0.276500 0.465000 0.029000 0.034000
0 0.466000 0.530000 0.019000 0.018000
0 0.507000 0.503000 0.012000 0.013000
0 0.754500 0.781000 0.028000 0.027000
0 0.777000 0.769000 0.017000 0.015000
0 0.441500 0.519500 0.020000 0.027000
0 0.499000 0.328500 0.022000 0.022000
0 0.624000 0.754500 0.024000 0.032000
0 0.215750 0.580000 0.011500 0.009000
0 0.442500 0.090000 0.021000 0.028000
0 0.254500 0.326500 0.014000 0.015000
0 0.448000 0.231000 0.015000 0.015000
0 0.576500 0.459000 0.018000 0.014000
0 0.098000 0.497500 0.019000 0.019000
0 0.726000 0.761000 0.022000 0.031000
0 0.406500 0.462500 0.014000 0.011000
0 0.400000 0.883000 0.016000 0.014000
0 0.314500 0.624000 0.032000 0.031000
0 0.637500 0.356500 0.014000 0.016000
0 0.479000 0.589500 0.025000 0.030000
0 0.657000 0.512000 0.015000 0.014000
0 0.509500 0.414000 0.028000 0.027000
0 0.408500 0.397000 0.026000 0.025000
0 0.497500 0.543000 0.027000 0.024000
0 0.476000 0.400000 0.016000 0.021000
0 0.340000 0.320000 0.014000 0.017000
0 0.129000 0.601000 0.015000 0.016000
0 0.187000 0.539000 0.019000 0.016000
0 0.295500 0.315000 0.023000 0.024000
0 0.383000 0.379000 0.017000 0.016000
0 0.411000 0.666000 0.012000 0.013000
0 0.648500 0.827500 0.016000 0.016000
0 0.290500 0.534500 0.025000 0.035000
0 0.334500 0.408500 0.013000 0.018000
0 0.576500 0.515500 0.027000 0.022000
0 0.550500 0.157500 0.021000 0.023000
0 0.747000 0.259500 0.024000 0.028000
0 0.288500 0.381500 0.015000 0.018000
0 0.720000 0.450500 0.028000 0.027000
0 0.316500 0.760000 0.016000 0.019000
0 0.530500 0.834500 0.025000 0.028000
0 0.597500 0.629500 0.016000 0.018000
0 0.624000 0.687000 0.012000 0.015000
0 0.718000 0.360000 0.019000 0.018000
0 0.574500 0.360000 0.018000 0.020000
0 0.649500 0.799000 0.021000 0.022000
0 0.352000 0.565000 0.016000 0.014000
0 0.442000 0.456500 0.022000 0.027000
0 0.494500 0.588000 0.012000 0.011000
0 0.493000 0.504000 0.022000 0.026000
0 0.517000 0.666000 0.025000 0.025000
0 0.610500 0.440000 0.009000 0.009000
0 0.472000 0.386000 0.015000 0.014000
0 0.536500 0.420500 0.023000 0.023000
0 0.505500 0.524000 0.018000 0.017000
0 0.567000 0.420000 0.021000 0.021000
0 0.294500 0.364000 0.012000 0.016000
0 0.633500 0.545500 0.031000 0.029000
0 0.550500 0.427500 0.015000 0.015000
0 0.504500 0.562500 0.013000 0.014000
0 0.384000 0.564500 0.015000 0.018000
0 0.368000 0.816500 0.019000 0.022000
0 0.631500 0.793000 0.026000 0.026000
0 0.650000 0.448500 0.019000 0.015000
0 0.397500 0.572500 0.024000 0.024000
0 0.426500 0.400000 0.014000 0.013000
0 0.560500 0.681000 0.018000 0.020000
0 0.486000 0.131000 0.020000 0.018000
0 0.635000 0.227500 0.015000 0.020000
0 0.312000 0.449000 0.028000 0.027000
0 0.389500 0.372000 0.027000 0.031000
0 0.736000 0.228500 0.020000 0.018000
0 0.812500 0.663250 0.016000 0.023500
0 0.122500 0.440000 0.013000 0.010000
0 0.465500 0.566500 0.028000 0.025000
0 0.187250 0.494500 0.023500 0.019000
0 0.508000 0.715500 0.009000 0.011000
0 0.412000 0.677000 0.029000 0.029000
0 0.272000 0.406500 0.021000 0.019000
0 0.476000 0.514000 0.021000 0.020000
0 0.722500 0.784000 0.020000 0.018000
0 0.556500 0.613000 0.021000 0.020000
0 0.615500 0.448500 0.023000 0.023000
0 0.585000 0.539500 0.013000 0.023000
0 0.552000 0.405500 0.012000 0.013000
0 0.471500 0.092500 0.031000 0.030000
0 0.502500 0.546000 0.019000 0.017000
0 0.515500 0.505000 0.019000 0.016000
0 0.254500 0.397000 0.020000 0.026000
0 0.740000 0.224000 0.013000 0.014000
0 0.543000 0.282000 0.013000 0.013000
0 0.489000 0.490000 0.014000 0.016000
0 0.568000 0.819500 0.017000 0.017000
0 0.442500 0.863500 0.018000 0.014000
0 0.489000 0.429500 0.008000 0.009000
0 0.836500 0.260000 0.013000 0.016000
0 0.447000 0.519500 0.017000 0.014000
0 0.426500 0.267500 0.015000 0.013000
0 0.468500 0.668500 0.023000 0.018000
0 0.490500 0.569000 0.013000 0.012000
0 0.389000 0.266000 0.016000 0.016000
0 0.113500 0.585000 0.025000 0.030000
0 0.662500 0.722000 0.021000 0.021000
0 0.337500 0.239000 0.015000 0.024000
0 0.751000 0.711500 0.023000 0.031000
0 0.826500 0.273500 0.027000 0.025000
0 0.715000 0.329500 0.024000 0.018000
0 0.427500 0.685000 0.008000 0.013000
0 0.484000 0.235000 0.025000 0.026000
0 0.423500 0.693500 0.009000 0.009000
0 0.414000 0.255500 0.012000 0.012000
0 0.602000 0.595500 0.021000 0.025000
0 0.401000 0.361500 0.015000 0.016000
0 0.421500 0.489500 0.012000 0.015000
0 0.296000 0.530500 0.027000 0.031000
0 0.497500 0.421000 0.013000 0.012000
0 0.762000 0.175500 0.027000 0.024000
0 0.832000 0.368000 0.024000 0.019000
0 0.678000 0.555500 0.021000 0.031000
0 0.593000 0.771500 0.023000 0.028000
0 0.694000 0.538500 0.017000 0.015000
0 0.583500 0.648500 0.013000 0.011000
0 0.557500 0.568500 0.021000 0.018000
0 0.677500 0.727500 0.015000 0.017000
0 0.299000 0.581000 0.029000 0.028000
0 0.539500 0.468000 0.027000 0.027000
0 0.191000 0.554500 0.015000 0.011000
0 0.389000 0.587500 0.013000 0.012000
0 0.488500 0.517500 0.015000 0.011000
0 0.480500 0.895000 0.016000 0.016000
0 0.576000 0.477000 0.028000 0.022000
0 0.458000 0.373000 0.017000 0.021000
0 0.687000 0.370000 0.012000 0.022000
0 0.393500 0.900000 0.017000 0.022000
0 0.269000 0.781500 0.019000 0.018000
0 0.665000 0.851500 0.024000 0.019000
0 0.449500 0.905000 0.025000 0.019000
0 0.641500 0.642500 0.015000 0.014000
0 0.308000 0.242000 0.016000 0.019000
0 0.778500 0.697500 0.022000 0.017000
0 0.311500 0.462500 0.023000 0.024000
0 0.478000 0.529000 0.019000 0.016000
0 0.568500 0.480000 0.018000 0.021000
0 0.316500 0.304000 0.020000 0.019000
0 0.567500 0.771000 0.012000 0.012000
0 0.325000 0.428000 0.025000 0.018000
0 0.284000 0.180000 0.010000 0.014000
0 0.506500 0.567000 0.019000 0.020000
0 0.458500 0.526000 0.019000 0.032000
0 0.379000 0.263000 0.022000 0.013000
0 0.338000 0.821500 0.022000 0.024000
0 0.556500 0.411000 0.012000 0.013000
0 0.660750 0.523500 0.029500 0.024000
0 0.770000 0.415000 0.016000 0.024000
0 0.268500 0.239500 0.027000 0.025000
0 0.199000 0.408500 0.028000 0.022000
0 0.332500 0.445000 0.023000 0.022000
0 0.690000 0.127500 0.017000 0.021000
0 0.864000 0.366000 0.027000 0.027000
0 0.305000 0.467500 0.024000 0.025000
0 0.307500 0.414000 0.018000 0.018000
0 0.498000 0.373000 0.014000 0.013000
0 0.312000 0.431000 0.014000 0.021000
0 0.875000 0.673500 0.016000 0.018000
0 0.565000 0.555000 0.013000 0.014000
0 0.477000 0.782000 0.016000 0.019000
0 0.448000 0.540000 0.016000 0.019000
0 0.389000 0.692500 0.020000 0.018000
0 0.096500 0.596500 0.023000 0.022000
0 0.625500 0.377500 0.014000 0.017000
0 0.541500 0.560500 0.016000 0.016000
0 0.558500 0.537000 0.026000 0.025000
0 0.735000 0.299000 0.022000 0.016000
0 0.478500 0.443500 0.025000 0.027000
0 0.620000 0.219500 0.032000 0.033000
0 0.473000 0.654500 0.013000 0.019000
0 0.302000 0.501500 0.026000 0.027000
0 0.152000 0.401500 0.018000 0.020000
0 0.383000 0.625500 0.020000 0.016000
0 0.381000 0.390000 0.013000 0.010000
0 0.590500 0.135000 0.022000 0.023000
0 0.411500 0.376000 0.026000 0.020000
0 0.338500 0.464500 0.020000 0.023000
0 0.359000 0.153500 0.021000 0.021000
0 0.660000 0.490000 0.028000 0.023000
0 0.562000 0.248000 0.011000 0.016000
0 0.522000 0.233500 0.033000 0.033000
0 0.552500 0.503000 0.030000 0.028000
0 0.481000 0.462500 0.009000 0.010000
0 0.495500 0.495000 0.017000 0.015000
0 0.471500 0.636500 0.016000 0.014000
0 0.734500 0.670000 0.029000 0.027000
0 0.110500 0.387000 0.018000 0.015000
0 0.329500 0.410000 0.022000 0.025000
0 0.473000 0.790000 0.018000 0.018000
0 0.597000 0.717000 0.013000 0.013000
0 0.563000 0.469000 0.009000 0.013000
0 0.800500 0.235000 0.021000 0.022000
0 0.277500 0.161000 0.008000 0.008000
0 0.496250 0.794000 0.023500 0.016000
0 0.420500 0.557500 0.023000 0.024000
0 0.104500 0.538000 0.016000 0.014000
0 0.664000 0.626000 0.012000 0.014000
0 0.522000 0.471500 0.009000 0.009000
0 0.369500 0.204000 0.018000 0.014000
0 0.442000 0.661500 0.023000 0.021000
0 0.682000 0.613500 0.032000 0.029000
0 0.469500 0.499500 0.018000 0.014000
0 0.377500 0.388500 0.030000 0.028000
0 0.504000 0.403500 0.021000 0.023000
0 0.828000 0.685750 0.015000 0.020500
0 0.490000 0.495500 0.030000 0.030000
0 0.797000 0.504500 0.020000 0.017000
0 0.480000 0.678000 0.010000 0.009000
0 0.571500 0.302500 0.029000 0.030000
0 0.669500 0.317500 0.017000 0.017000
0 0.465000 0.630500 0.015000 0.012000
0 0.661500 0.441500 0.019000 0.026000
0 0.540000 0.511500 0.018000 0.015000
0 0.411000 0.204000 0.019000 0.023000
0 0.764500 0.351500 0.011000 0.010000
0 0.763500 0.479000 0.023000 0.018000
0 0.568000 0.568000 0.020000 0.014000
0 0.518500 0.370000 0.023000 0.024000
0 0.385000 0.532000 0.026000 0.027000
0 0.604500 0.487500 0.018000 0.017000
0 0.220000 0.674500 0.020000 0.023000
0 0.604500 0.448000 0.017000 0.014000
0 0.410500 0.500500 0.015000 0.015000
0 0.507500 0.618500 0.009000 0.010000
0 0.691000 0.563500 0.030000 0.030000
0 0.909000 0.458000 0.020000 0.017000
0 0.502500 0.285000 0.021000 0.023000
0 0.194500 0.332000 0.026000 0.024000
0 0.552000 0.183500 0.021000 0.027000
0 0.779000 0.517000 0.016000 0.015000
0 0.610000 0.678500 0.026000 0.027000
0 0.527500 0.487500 0.017000 0.025000
0 0.729500 0.703000 0.022000 0.020000
0 0.409500 0.246500 0.027000 0.024000
0 0.602500 0.604000 0.018000 0.020000
0 0.166000 0.399000 0.026000 0.022000
0 0.429500 0.459000 0.024000 0.024000
0 0.515500 0.687000 0.026000 0.026000
0 0.881500 0.491000 0.016000 0.018000
0 0.186500 0.286000 0.017000 0.010000
0 0.623500 0.201000 0.021000 0.017000
0 0.698000 0.219500 0.015000 0.020000
0 0.167000 0.513000 0.016000 0.014000
0 0.413000 0.327500 0.026000 0.022000
0 0.250500 0.639500 0.015000 0.015000
0 0.504500 0.749000 0.016000 0.016000
0 0.679000 0.489500 0.020000 0.018000
0 0.455000 0.484500 0.018000 0.018000
0 0.633500 0.384000 0.018000 0.018000
0 0.312500 0.862500 0.024000 0.029000
0 0.128000 0.509000 0.017000 0.019000
0 0.373000 0.363000 0.030000 0.026000
0 0.858500 0.589000 0.017000 0.018000
0 0.495250 0.479500 0.023500 0.016000
0 0.533500 0.451500 0.022000 0.019000
0 0.490500 0.770500 0.019000 0.019000
0 0.347500 0.808500 0.010000 0.015000
0 0.658500 0.648000 0.029000 0.027000
0 0.571500 0.329500 0.013000 0.011000
0 0.416000 0.521500 0.023000 0.024000
0 0.251500 0.703500 0.024000 0.023000
0 0.190500 0.579000 0.023000 0.023000
0 0.359000 0.616000 0.027000 0.033000
0 0.367500 0.625500 0.014000 0.015000
0 0.413000 0.343500 0.015000 0.017000
0 0.428500 0.787500 0.027000 0.025000
0 0.605000 0.724000 0.023000 0.016000
0 0.505000 0.584500 0.019000 0.023000
0 0.211000 0.419500 0.015000 0.013000
0 0.226000 0.625000 0.013000 0.013000
0 0.545000 0.171000 0.019000 0.019000
0 0.581000 0.186000 0.013000 0.014000
0 0.177000 0.595500 0.017000 0.020000
0 0.520500 0.587500 0.028000 0.027000
0 0.252000 0.695000 0.024000 0.024000
0 0.585000 0.552500 0.017000 0.012000
0 0.825500 0.290000 0.010000 0.013000
0 0.151000 0.669000 0.024000 0.022000
0 0.195500 0.623500 0.014000 0.013000
0 0.358000 0.420000 0.014000 0.013000
0 0.290500 0.645000 0.028000 0.030000
0 0.690000 0.675500 0.015000 0.014000
0 0.622500 0.484000 0.032000 0.025000
0 0.353500 0.217500 0.030000 0.027000
0 0.734750 0.291000 0.014500 0.012000
0 0.656500 0.824500 0.030000 0.022000
0 0.297000 0.800000 0.017000 0.014000
0 0.425500 0.567500 0.025000 0.024000
0 0.668500 0.582500 0.020000 0.020000
0 0.512000 0.481500 0.014000 0.013000
0 0.563000 0.181500 0.010000 0.009000
0 0.365500 0.556500 0.026000 0.023000
0 0.656000 0.397500 0.023000 0.024000
0 0.164500 0.738000 0.017000 0.016000
0 0.457000 0.637500 0.028000 0.028000
0 0.398500 0.219500 0.026000 0.028000
0 0.498000 0.503500 0.011000 0.011000
0 0.439000 0.577000 0.015000 0.014000
0 0.172500 0.273500 0.017000 0.022000
0 0.413500 0.434500 0.022000 0.023000
0 0.348000 0.357000 0.025000 0.020000
0 0.605000 0.628500 0.019000 0.016000
0 0.697500 0.589000 0.019000 0.018000
0 0.615000 0.876500 0.009000 0.009000
0 0.625000 0.581000 0.021000 0.019000
0 0.626750 0.631000 0.017500 0.014000
0 0.302500 0.685000 0.018000 0.027000
0 0.559000 0.353500 0.031000 0.028000
0 0.704000 0.570500 0.020000 0.026000
0 0.456500 0.518500 0.014000 0.014000
0 0.776500 0.241000 0.010000 0.009000
0 0.253500 0.731000 0.021000 0.025000
0 0.297500 0.760000 0.024000 0.025000
0 0.508000 0.314000 0.026000 0.025000
0 0.589500 0.472000 0.014000 0.014000
0 0.320500 0.270000 0.013000 0.011000
0 0.360000 0.526500 0.026000 0.026000
0 0.145000 0.528500 0.021000 0.024000
0 0.547500 0.585500 0.022000 0.022000
0 0.195000 0.707000 0.015000 0.012000
0 0.427500 0.249000 0.021000 0.020000
0 0.505500 0.891000 0.016000 0.016000
0 0.747000 0.294500 0.023000 0.022000
0 0.623000 0.738500 0.015000 0.020000
0 0.397000 0.527000 0.012000 0.012000
0 0.601500 0.298500 0.017000 0.027000
0 0.743500 0.307000 0.011000 0.011000
0 0.172500 0.322500 0.033000 0.034000
0 0.489500 0.680500 0.018000 0.017000
0 0.624500 0.291500 0.018000 0.017000
0 0.755000 0.548500 0.016000 0.021000
0 0.525000 0.902500 0.017000 0.017000
0 0.435000 0.655500 0.021000 0.021000
0 0.304000 0.713500 0.015000 0.016000
0 0.550000 0.385500 0.030000 0.030000
0 0.732000 0.424000 0.025000 0.031000
0 0.590500 0.740000 0.023000 0.028000
0 0.419000 0.388000 0.023000 0.025000
0 0.465500 0.493500 0.028000 0.026000
0 0.498000 0.462500 0.034000 0.029000
0 0.436500 0.505000 0.018000 0.015000
0 0.849000 0.623500 0.011000 0.011000
0 0.387500 0.363000 0.019000 0.022000
0 0.418500 0.372500 0.028000 0.027000
0 0.367000 0.173000 0.022000 0.021000
0 0.490000 0.500500 0.017000 0.017000
0 0.199000 0.732500 0.023000 0.020000
0 0.670000 0.518500 0.028000 0.020000
0 0.712500 0.436000 0.021000 0.022000
0 0.406000 0.301000 0.018000 0.015000
0 0.458500 0.217000 0.027000 0.025000
0 0.459250 0.546500 0.020500 0.018000
0 0.786000 0.294500 0.031000 0.023000
0 0.697000 0.724000 0.025000 0.021000
0 0.609500 0.772500 0.026000 0.025000
0 0.614000 0.636000 0.029000 0.026000
0 0.633500 0.830500 0.010000 0.013000
0 0.474500 0.565500 0.031000 0.030000
0 0.504000 0.088500 0.024000 0.017000
0 0.572500 0.150500 0.011000 0.017000
0 0.427000 0.578000 0.018000 0.016000
0 0.612000 0.373000 0.019000 0.020000
0 0.176500 0.723500 0.033000 0.032000
0 0.438000 0.250000 0.017000 0.029000
0 0.601500 0.463000 0.009000 0.013000
0 0.385500 0.522500 0.019000 0.019000
0 0.797500 0.615000 0.026000 0.025000
0 0.543500 0.254000 0.011000 0.012000
0 0.476000 0.415000 0.028000 0.026000
0 0.418500 0.182000 0.011000 0.011000
0 0.619500 0.614500 0.021000 0.025000
0 0.266500 0.663500 0.019000 0.021000
0 0.807500 0.465000 0.015000 0.016000
0 0.648500 0.592000 0.024000 0.025000
0 0.405000 0.167000 0.033000 0.035000
0 0.593500 0.409500 0.016000 0.024000
0 0.125000 0.650500 0.025000 0.023000
0 0.452500 0.399500 0.022000 0.021000
0 0.336000 0.482000 0.017000 0.020000
0 0.473500 0.594000 0.018000 0.021000
0 0.742500 0.271500 0.018000 0.018000
0 0.795000 0.341000 0.024000 0.023000
0 0.569000 0.132500 0.015000 0.015000
0 0.396000 0.513000 0.020000 0.019000
0 0.599000 0.563500 0.023000 0.023000
0 0.403000 0.221000 0.010000 0.012000
0 0.472500 0.694000 0.011000 0.012000
0 0.622000 0.605500 0.027000 0.025000
0 0.804500 0.573500 0.019000 0.025000
0 0.336000 0.335500 0.013000 0.015000
0 0.563500 0.500500 0.014000 0.019000
0 0.538500 0.828000 0.015000 0.019000
0 0.444000 0.439000 0.022000 0.022000
0 0.649000 0.491500 0.027000 0.025000
0 0.123500 0.327500 0.028000 0.018000
0 0.182500 0.505000 0.011000 0.016000
0 0.782000 0.384000 0.020000 0.018000
0 0.164250 0.540500 0.032500 0.022000
0 0.728000 0.477500 0.018000 0.018000
0 0.493750 0.184500 0.017500 0.012000
0 0.303500 0.263500 0.029000 0.029000
0 0.431000 0.472000 0.027000 0.025000
0 0.374000 0.868500 0.013000 0.012000
0 0.813000 0.362000 0.015000 0.020000
0 0.447000 0.503000 0.017000 0.014000
0 0.576500 0.395000 0.012000 0.010000
0 0.693500 0.681000 0.010000 0.014000
0 0.503000 0.434000 0.027000 0.027000
0 0.424500 0.583000 0.012000 0.018000
0 0.449500 0.601500 0.027000 0.025000
0 0.419000 0.435500 0.017000 0.023000
0 0.530000 0.500500 0.021000 0.017000
0 0.418500 0.398000 0.022000 0.021000
0 0.570500 0.866500 0.026000 0.015000
0 0.311500 0.248500 0.015000 0.020000
0 0.541500 0.485000 0.017000 0.016000
0 0.415000 0.846000 0.027000 0.027000
0 0.320500 0.123500 0.023000 0.021000
0 0.593000 0.307500 0.014000 0.012000
0 0.353500 0.413500 0.021000 0.028000
0 0.607500 0.854500 0.018000 0.022000
0 0.519000 0.462000 0.021000 0.018000
0 0.233500 0.529500 0.018000 0.017000
0 0.320500 0.714500 0.012000 0.011000
0 0.550000 0.569500 0.019000 0.019000
0 0.874000 0.481000 0.025000 0.028000
0 0.280500 0.308500 0.010000 0.011000
0 0.102500 0.621000 0.019000 0.017000
0 0.447500 0.473000 0.023000 0.023000
0 0.555000 0.861000 0.017000 0.018000
0 0.592000 0.601500 0.033000 0.031000
0 0.600000 0.428500 0.018000 0.024000
0 0.674500 0.850000 0.026000 0.026000
0 0.471500 0.459500 0.020000 0.019000
0 0.392750 0.101500 0.014500 0.011000
0 0.441500 0.188000 0.025000 0.015000
0 0.761000 0.506500 0.020000 0.021000
0 0.482000 0.493500 0.017000 0.017000
0 0.599000 0.533500 0.018000 0.019000
0 0.600500 0.699000 0.017000 0.016000
0 0.494000 0.274500 0.016000 0.016000
0 0.461000 0.657500 0.022000 0.020000
0 0.467500 0.375000 0.021000 0.021000
0 0.533000 0.660500 0.023000 0.022000
0 0.552000 0.545000 0.022000 0.018000
0 0.774500 0.223000 0.020000 0.022000
0 0.458000 0.389000 0.009000 0.013000
0 0.573500 0.469250 0.020000 0.023500
0 0.568500 0.519000 0.016000 0.022000
0 0.645500 0.560500 0.021000 0.020000
0 0.424000 0.110500 0.014000 0.011000
0 0.684000 0.481500 0.012000 0.012000
0 0.726500 0.509000 0.011000 0.010000
0 0.638500 0.432500 0.015000 0.011000
0 0.752000 0.723000 0.013000 0.012000
0 0.495500 0.661000 0.021000 0.021000
0 0.655500 0.416500 0.014000 0.014000
0 0.317500 0.636500 0.017000 0.015000
0 0.583000 0.786000 0.027000 0.027000
0 0.429000 0.451500 0.029000 0.029000
0 0.493500 0.231000 0.030000 0.034000
0 0.386000 0.861000 0.034000 0.035000
0 0.137000 0.510500 0.016000 0.022000
0 0.443500 0.305000 0.030000 0.029000
0 0.495000 0.470500 0.022000 0.021000
0 0.572000 0.607500 0.009000 0.009000
0 0.591500 0.419500 0.023000 0.026000
0 0.702000 0.276000 0.023000 0.024000