0 0.450500 0.874500 0.031000 0.029000
0 0.291000 0.790000 0.016000 0.016000
0 0.186000 0.607000 0.023000 0.024000
0 0.531000 0.625500 0.020000 0.015000
0 0.409000 0.848500 0.016000 0.016000
0 0.805000 0.353750 0.018000 0.023500
0 0.434500 0.521500 0.019000 0.019000
0 0.538000 0.767000 0.016000 0.013000
0 0.524500 0.579000 0.022000 0.022000
0 0.727500 0.736000 0.028000 0.019000
0 0.452000 0.810500 0.016000 0.022000
0 0.431500 0.143500 0.012000 0.013000
0 0.622500 0.605000 0.015000 0.014000
0 0.485500 0.520000 0.017000 0.016000
0 0.473500 0.512000 0.016000 0.014000
0 0.440000 0.587000 0.025000 0.021000
0 0.461000 0.476000 0.035000 0.035000
0 0.863500 0.309000 0.015000 0.021000
0 0.402000 0.443500 0.021000 0.020000
0 0.256500 0.748500 0.028000 0.024000
0 0.765000 0.304500 0.012000 0.009000
0 0.521500 0.352000 0.013000 0.013000
0 0.443000 0.483500 0.020000 0.018000
0 0.421500 0.411500 0.021000 0.023000
0 0.375500 0.407500 0.019000 0.019000
0 0.600000 0.217000 0.021000 0.022000
0 0.434500 0.406500 0.018000 0.017000
0 0.460500 0.658000 0.022000 0.020000
0 0.693500 0.553000 0.019000 0.020000
0 0.398000 0.428000 0.022000 0.021000
0 0.465000 0.223500 0.016000 0.013000
0 0.365500 0.414500 0.022000 0.022000
0 0.432500 0.529000 0.030000 0.031000
0 0.441000 0.303000 0.024000 0.024000
0 0.219000 0.428500 0.012000 0.013000
0 0.171000 0.560250 0.008000 0.011500
0 0.407500 0.494500 0.017000 0.021000
0 0.884000 0.612000 0.011000 0.013000
0 0.704500 0.654500 0.018000 0.023000
0 0.750500 0.541500 0.023000 0.025000
0 0.551500 0.538000 0.023000 0.026000
0 0.449000 0.559500 0.031000 0.030000
0 0.511000 0.503000 0.033000 0.024000
0 0.753000 0.511000 0.021000 0.026000
0 0.448500 0.566000 0.025000 0.022000
0 0.500000 0.499500 0.016000 0.012000
0 0.291000 0.540000 0.011000 0.012000
0 0.484000 0.422500 0.028000 0.025000
0 0.350000 0.581500 0.019000 0.017000
0 0.769750 0.538000 0.011500 0.009000
0 0.743000 0.690000 0.031000 0.029000
0 0.459000 0.699000 0.027000 0.025000
0 0.829000 0.506000 0.024000 0.016000
0 0.485000 0.319000 0.012000 0.013000
0 0.567500 0.910000 0.026000 0.027000
0 0.431000 0.543500 0.019000 0.021000
0 0.470500 0.622500 0.023000 0.028000
0 0.343000 0.548000 0.030000 0.029000
0 0.562500 0.433000 0.024000 0.020000
0 0.357500 0.442000 0.016000 0.010000
0 0.527500 0.269500 0.016000 0.016000
0 0.803500 0.650500 0.028000 0.029000
0 0.753000 0.434500 0.023000 0.022000
0 0.657000 0.755000 0.019000 0.022000
0 0.567500 0.113000 0.027000 0.032000
0 0.641000 0.411500 0.013000 0.010000
0 0.471000 0.322500 0.021000 0.015000
0 0.512500 0.392500 0.023000 0.027000
0 0.634000 0.407000 0.015000 0.017000
0 0.532750 0.700500 0.029500 0.021000
0 0.799000 0.737500 0.025000 0.025000
0 0.423000 0.489000 0.016000 0.018000
0 0.553500 0.481000 0.015000 0.014000
0 0.809000 0.520000 0.024000 0.029000
0 0.798500 0.449000 0.014000 0.014000
0 0.780500 0.391000 0.022000 0.019000
0 0.775250 0.404250 0.023500 0.024500
0 0.410500 0.481000 0.018000 0.019000
0 0.678000 0.429000 0.013000 0.015000
0 0.267500 0.402500 0.021000 0.016000
0 0.663500 0.386000 0.013000 0.015000
0 0.910500 0.427000 0.015000 0.015000
0 0.739000 0.393500 0.020000 0.021000
0 0.645500 0.783000 0.029000 0.028000
0 0.636500 0.210500 0.016000 0.017000
0 0.228500 0.432000 0.020000 0.015000
0 0.359000 0.421500 0.018000 0.018000
0 0.805500 0.397500 0.013000 0.015000
0 0.807000 0.556000 0.018000 0.019000
0 0.407500 0.406500 0.013000 0.013000
0 0.671000 0.449500 0.017000 0.021000
0 0.580500 0.425500 0.011000 0.012000
0 0.458000 0.494500 0.015000 0.018000
0 0.478500 0.250000 0.023000 0.019000
0 0.424500 0.568500 0.018000 0.011000
0 0.863000 0.633750 0.010000 0.014500
0 0.590000 0.463500 0.036000 0.036000
0 0.636500 0.482500 0.015000 0.013000
0 0.815000 0.370000 0.024000 0.024000
0 0.740500 0.663000 0.016000 0.016000
0 0.491000 0.382500 0.010000 0.010000
0 0.525500 0.325000 0.032000 0.030000
0 0.536500 0.544500 0.011000 0.009000
0 0.256500 0.341500 0.029000 0.027000
0 0.408500 0.557000 0.010000 0.010000
0 0.167000 0.665000 0.028000 0.027000
0 0.626000 0.242500 0.019000 0.014000
0 0.731500 0.727000 0.036000 0.029000
0 0.357500 0.285500 0.012000 0.014000
0 0.500500 0.527000 0.021000 0.024000
0 0.279000 0.849500 0.018000 0.014000
0 0.606500 0.698500 0.008000 0.014000
0 0.711500 0.740500 0.013000 0.009000
0 0.467000 0.329500 0.026000 0.024000
0 0.559500 0.633500 0.012000 0.012000
0 0.738500 0.604500 0.017000 0.017000
0 0.508500 0.833500 0.019000 0.026000
0 0.334000 0.291500 0.009000 0.013000
0 0.701500 0.753000 0.029000 0.028000
0 0.551500 0.631000 0.018000 0.016000
0 0.436500 0.093000 0.022000 0.022000
0 0.186000 0.254500 0.027000 0.029000
0 0.430000 0.610000 0.026000 0.027000
0 0.511500 0.527500 0.021000 0.022000
0 0.412500 0.576000 0.013000 0.013000
0 0.541000 0.274000 0.022000 0.019000
0 0.540500 0.584000 0.026000 0.022000
0 0.573500 0.515000 0.020000 0.017000
0 0.398500 0.210000 0.013000 0.015000
0 0.429500 0.596500 0.023000 0.019000
0 0.738500 0.532500 0.018000 0.018000
0 0.738500 0.771000 0.028000 0.024000
0 0.505000 0.505000 0.008000 0.013000
0 0.540000 0.378500 0.018000 0.026000
0 0.213000 0.462000 0.025000 0.029000
0 0.455500 0.379500 0.026000 0.025000
0 0.322000 0.558500 0.022000 0.021000
0 0.372500 0.633500 0.012000 0.016000
0 0.511500 0.801000 0.013000 0.021000
0 0.559000 0.473500 0.020000 0.025000
0 0.469000 0.695500 0.020000 0.020000
0 0.401000 0.386000 0.017000 0.017000
0 0.552000 0.450500 0.019000 0.018000
0 0.903000 0.474000 0.020000 0.028000
0 0.521500 0.599000 0.023000 0.020000
0 0.842000 0.724500 0.015000 0.013000
0 0.710000 0.427500 0.022000 0.029000
0 0.368500 0.502500 0.014000 0.018000
0 0.331500 0.363500 0.013000 0.018000
0 0.668500 0.478500 0.022000 0.019000
0 0.216500 0.419500 0.019000 0.018000
0 0.624500 0.644500 0.023000 0.027000
0 0.495000 0.532500 0.024000 0.026000
0 0.645000 0.496000 0.016000 0.013000
0 0.552000 0.755500 0.026000 0.023000
0 0.210000 0.754000 0.020000 0.020000
0 0.142500 0.444000 0.024000 0.019000
0 0.447500 0.403000 0.013000 0.013000
0 0.263000 0.327000 0.023000 0.029000
0 0.581000 0.555000 0.018000 0.024000
0 0.441000 0.619500 0.015000 0.018000
0 0.593000 0.504000 0.021000 0.030000
0 0.794000 0.295500 0.017000 0.017000
0 0.684500 0.135500 0.024000 0.019000
0 0.640500 0.792500 0.018000 0.019000
0 0.574500 0.678000 0.017000 0.020000
0 0.454500 0.683000 0.015000 0.016000
0 0.374000 0.419000 0.026000 0.027000
0 0.694500 0.639000 0.017000 0.015000
0 0.314500 0.562000 0.015000 0.013000
0 0.477500 0.530000 0.022000 0.028000
0 0.866500 0.549500 0.009000 0.010000
0 0.728000 0.714000 0.021000 0.021000
0 0.437500 0.387500 0.027000 0.022000
0 0.496000 0.490000 0.029000 0.024000
0 0.296000 0.531000 0.027000 0.021000
0 0.562000 0.510000 0.017000 0.018000
0 0.636500 0.542500 0.010000 0.014000
0 0.471000 0.782000 0.011000 0.016000
0 0.547000 0.570000 0.019000 0.020000
0 0.440500 0.642500 0.023000 0.029000
0 0.529500 0.474500 0.014000 0.014000
0 0.462250 0.438000 0.011500 0.011000
0 0.306500 0.276500 0.021000 0.022000
0 0.322500 0.261500 0.032000 0.031000
0 0.622500 0.627000 0.015000 0.017000
0 0.569000 0.545500 0.011000 0.010000
0 0.219000 0.679000 0.022000 0.022000
0 0.433000 0.839500 0.016000 0.013000
0 0.451500 0.349000 0.017000 0.015000
0 0.223000 0.265500 0.018000 0.020000
0 0.155500 0.686000 0.021000 0.024000
0 0.538000 0.523000 0.025000 0.023000
0 0.296000 0.179000 0.014000 0.017000
0 0.441000 0.357000 0.012000 0.016000
0 0.522500 0.466000 0.012000 0.017000
0 0.288000 0.359500 0.026000 0.021000
0 0.660500 0.630500 0.023000 0.029000
0 0.653500 0.797500 0.013000 0.018000
0 0.560250 0.806500 0.029500 0.021000
0 0.724500 0.366000 0.030000 0.026000
0 0.675000 0.696000 0.034000 0.035000
0 0.563500 0.658000 0.023000 0.028000
0 0.518000 0.385000 0.012000 0.011000
0 0.471500 0.823000 0.019000 0.025000
0 0.713500 0.829000 0.024000 0.023000
0 0.542500 0.649500 0.017000 0.025000
0 0.550500 0.553500 0.013000 0.016000
0 0.534000 0.647000 0.015000 0.017000
0 0.126000 0.564000 0.020000 0.024000
0 0.548500 0.244500 0.010000 0.014000
0 0.120500 0.495500 0.022000 0.022000
0 0.535500 0.567000 0.021000 0.020000
0 0.513000 0.501000 0.034000 0.036000
0 0.582000 0.505500 0.022000 0.024000
0 0.272000 0.580500 0.020000 0.022000
0 0.447000 0.308500 0.028000 0.033000
0 0.705500 0.573500 0.011000 0.011000
0 0.513000 0.335500 0.023000 0.022000
0 0.438000 0.220500 0.030000 0.030000
0 0.314500 0.281000 0.021000 0.018000
0 0.271500 0.273500 0.010000 0.014000
0 0.505500 0.747500 0.024000 0.022000
0 0.437000 0.416000 0.022000 0.018000
0 0.680500 0.664500 0.031000 0.017000
0 0.250000 0.433000 0.009000 0.008000
0 0.661500 0.515000 0.022000 0.023000
0 0.626000 0.456000 0.027000 0.021000
0 0.831500 0.651500 0.014000 0.011000
0 0.559500 0.863500 0.015000 0.016000
0 0.360500 0.415000 0.016000 0.015000
0 0.621500 0.851500 0.032000 0.032000
0 0.173500 0.481000 0.021000 0.019000
0 0.292000 0.409500 0.027000 0.024000
0 0.504500 0.340500 0.018000 0.021000
0 0.493000 0.441500 0.025000 0.029000
0 0.526500 0.586500 0.029000 0.030000
0 0.497000 0.504500 0.023000 0.034000
0 0.670500 0.712000 0.016000 0.022000
0 0.830500 0.489000 0.024000 0.029000
0 0.536000 0.536000 0.014000 0.012000
0 0.445500 0.377000 0.035000 0.021000
0 0.164000 0.291000 0.009000 0.013000
0 0.514500 0.781000 0.024000 0.026000
0 0.446500 0.490000 0.013000 0.014000
0 0.548500 0.472500 0.025000 0.018000
0 0.773000 0.738500 0.014000 0.011000
0 0.265500 0.282500 0.009000 0.011000
0 0.408500 0.244000 0.022000 0.024000
0 0.579000 0.215500 0.020000 0.019000
0 0.699000 0.421000 0.015000 0.012000
0 0.484500 0.496000 0.010000 0.011000
0 0.681000 0.320000 0.015000 0.017000
0 0.281500 0.449500 0.027000 0.024000
0 0.733000 0.466500 0.014000 0.021000
0 0.675000 0.156500 0.021000 0.020000
0 0.715500 0.468000 0.017000 0.018000
0 0.278250 0.433000 0.026500 0.021000
0 0.721500 0.551500 0.020000 0.019000
0 0.491000 0.514000 0.015000 0.014000
0 0.368000 0.614500 0.031000 0.034000
0 0.284000 0.859000 0.017000 0.016000
0 0.500000 0.094000 0.029000 0.023000
0 0.682000 0.606500 0.018000 0.022000
0 0.655500 0.492500 0.024000 0.031000
0 0.335500 0.582500 0.019000 0.020000
0 0.781000 0.573500 0.018000 0.020000
0 0.504000 0.479000 0.029000 0.022000
0 0.387500 0.444500 0.015000 0.017000
0 0.593500 0.487000 0.014000 0.009000
0 0.650500 0.353500 0.034000 0.026000
0 0.505000 0.494500 0.012000 0.013000
0 0.230500 0.550000 0.026000 0.027000
0 0.720000 0.594500 0.016000 0.021000
0 0.466000 0.299000 0.026000 0.025000
0 0.247500 0.483000 0.012000 0.010000
0 0.115500 0.467000 0.019000 0.021000
0 0.140500 0.607000 0.028000 0.016000
0 0.374000 0.719000 0.022000 0.022000
0 0.614000 0.517500 0.022000 0.021000
0 0.592000 0.493500 0.012000 0.011000
0 0.136000 0.524500 0.022000 0.020000
0 0.368500 0.457500 0.029000 0.028000
0 0.582500 0.382000 0.018000 0.018000
0 0.162000 0.324000 0.017000 0.018000
0 0.171000 0.543500 0.026000 0.026000
0 0.268000 0.645000 0.014000 0.015000
0 0.882500 0.640500 0.016000 0.019000
0 0.699500 0.596000 0.024000 0.021000
0 0.113000 0.354000 0.019000 0.017000
0 0.395500 0.792000 0.019000 0.017000
0 0.265000 0.496500 0.016000 0.020000
0 0.495000 0.499500 0.015000 0.014000
0 0.723000 0.684000 0.020000 0.020000
0 0.193500 0.329500 0.031000 0.031000
0 0.778500 0.190500 0.015000 0.014000
0 0.694500 0.205500 0.010000 0.012000
0 0.141000 0.323500 0.026000 0.027000
0 0.399000 0.285000 0.013000 0.020000
0 0.375000 0.574500 0.026000 0.025000
0 0.469000 0.356500 0.014000 0.019000
0 0.379500 0.190500 0.020000 0.021000
0 0.479000 0.591500 0.012000 0.012000
0 0.500000 0.509500 0.023000 0.018000
0 0.614000 0.643500 0.028000 0.019000
0 0.342500 0.576000 0.027000 0.023000
0 0.162000 0.607000 0.029000 0.035000
0 0.739500 0.290000 0.019000 0.023000
0 0.243000 0.725500 0.026000 0.020000
0 0.513500 0.513000 0.011000 0.013000
0 0.349000 0.888000 0.029000 0.022000
0 0.557000 0.572500 0.013000 0.013000
0 0.742000 0.363500 0.010000 0.014000
0 0.538500 0.505500 0.016000 0.015000
0 0.172500 0.718000 0.023000 0.022000
0 0.481000 0.399000 0.029000 0.028000
0 0.510500 0.413500 0.020000 0.015000
0 0.533500 0.606500 0.013000 0.012000
0 0.433000 0.494500 0.012000 0.017000
0 0.535000 0.439500 0.012000 0.012000
0 0.346000 0.589000 0.015000 0.016000
0 0.776000 0.461000 0.021000 0.023000
0 0.506000 0.365500 0.019000 0.016000
0 0.369500 0.486500 0.015000 0.015000
0 0.600500 0.611000 0.026000 0.032000
0 0.517500 0.397000 0.018000 0.018000
0 0.527500 0.480500 0.012000 0.013000
0 0.536000 0.555000 0.020000 0.020000
0 0.555000 0.498500 0.026000 0.021000
0 0.464000 0.544000 0.021000 0.022000
0 0.759000 0.549500 0.020000 0.015000
0 0.518500 0.151500 0.011000 0.015000
0 0.413500 0.562000 0.012000 0.012000
0 0.468000 0.494000 0.023000 0.023000
0 0.405500 0.818000 0.033000 0.033000
0 0.445500 0.419000 0.017000 0.019000
0 0.424000 0.222500 0.030000 0.023000
0 0.410000 0.460500 0.026000 0.016000
0 0.326500 0.159500 0.017000 0.018000
0 0.756000 0.463000 0.030000 0.021000
0 0.832500 0.688000 0.017000 0.020000
0 0.774000 0.754000 0.026000 0.019000
0 0.482500 0.099000 0.015000 0.012000
0 0.507500 0.797000 0.014000 0.010000
0 0.475500 0.471000 0.018000 0.018000
0 0.240500 0.295500 0.011000 0.014000
0 0.379500 0.555500 0.014000 0.016000
0 0.615500 0.418500 0.031000 0.027000
0 0.254000 0.698500 0.033000 0.027000
0 0.770000 0.658500 0.012000 0.012000
0 0.616000 0.153500 0.011000 0.010000
0 0.509000 0.548500 0.014000 0.014000
0 0.382000 0.679000 0.027000 0.021000
0 0.792000 0.778500 0.024000 0.023000
0 0.529000 0.493000 0.018000 0.023000
0 0.209000 0.351500 0.012000 0.018000
0 0.517000 0.569500 0.022000 0.020000
0 0.795250 0.431500 0.029500 0.026000
0 0.706000 0.279000 0.017000 0.018000
0 0.632000 0.361500 0.013000 0.019000
0 0.604000 0.602000 0.016000 0.011000
0 0.697500 0.468000 0.013000 0.014000
0 0.580000 0.647000 0.019000 0.019000
0 0.461000 0.600500 0.026000 0.022000
0 0.126500 0.545750 0.019000 0.026500
0 0.723000 0.149000 0.018000 0.025000
0 0.413500 0.693000 0.017000 0.018000
0 0.564000 0.314000 0.023000 0.022000
0 0.459500 0.533500 0.028000 0.027000
0 0.550000 0.640500 0.014000 0.014000
0 0.173500 0.512000 0.018000 0.018000
0 0.444500 0.747000 0.018000 0.018000
0 0.288000 0.476000 0.021000 0.021000
0 0.215000 0.334500 0.022000 0.025000
0 0.441500 0.534000 0.024000 0.016000
0 0.624500 0.710500 0.028000 0.033000
0 0.654500 0.184000 0.011000 0.011000
0 0.089000 0.533500 0.013000 0.013000
0 0.253500 0.397000 0.022000 0.023000
0 0.291500 0.698500 0.018000 0.019000
0 0.210500 0.402000 0.015000 0.015000
0 0.740000 0.510500 0.026000 0.018000
0 0.355500 0.584000 0.012000 0.009000
0 0.784500 0.552000 0.017000 0.017000
0 0.475500 0.504500 0.030000 0.030000
0 0.327000 0.590000 0.021000 0.022000
0 0.445000 0.509000 0.024000 0.025000
0 0.417000 0.251750 0.010000 0.014500
0 0.513000 0.509000 0.014000 0.020000
0 0.486500 0.471000 0.011000 0.011000
0 0.392000 0.375500 0.021000 0.020000
0 0.560000 0.431000 0.019000 0.016000
0 0.369000 0.443000 0.009000 0.010000
0 0.612500 0.459000 0.027000 0.027000
0 0.472500 0.451500 0.018000 0.014000
0 0.321000 0.246500 0.011000 0.016000
0 0.645500 0.375500 0.020000 0.017000
0 0.204000 0.661500 0.019000 0.023000
0 0.377000 0.273500 0.009000 0.016000
0 0.891000 0.529500 0.015000 0.016000
0 0.652000 0.222000 0.017000 0.016000
0 0.461500 0.427500 0.021000 0.022000
0 0.451500 0.387500 0.023000 0.024000
0 0.234500 0.347000 0.034000 0.028000
0 0.425500 0.426500 0.023000 0.021000
0 0.540500 0.485000 0.018000 0.018000
0 0.634500 0.291500 0.021000 0.027000
0 0.522000 0.545000 0.026000 0.018000
0 0.093000 0.464500 0.031000 0.025000
0 0.598500 0.516500 0.011000 0.012000
0 0.798000 0.238000 0.024000 0.025000
0 0.468000 0.434000 0.016000 0.018000
0 0.169500 0.377500 0.015000 0.013000
0 0.452000 0.735000 0.012000 0.010000
0 0.540500 0.783000 0.015000 0.013000
0 0.454500 0.574000 0.021000 0.018000
0 0.133500 0.413500 0.015000 0.011000
0 0.499000 0.494000 0.017000 0.015000
0 0.331000 0.706000 0.029000 0.028000
0 0.467000 0.307500 0.019000 0.015000
0 0.326500 0.828500 0.023000 0.023000
0 0.792500 0.428500 0.023000 0.022000
0 0.474000 0.497500 0.031000 0.030000
0 0.558500 0.555000 0.017000 0.018000
0 0.556500 0.262000 0.013000 0.015000
0 0.536500 0.797000 0.020000 0.016000
0 0.263000 0.350000 0.012000 0.016000
0 0.900500 0.540500 0.023000 0.020000
0 0.554000 0.718000 0.014000 0.018000
0 0.716000 0.342500 0.015000 0.017000
0 0.611000 0.581000 0.029000 0.029000
0 0.586500 0.453500 0.024000 0.029000
0 0.499500 0.391000 0.026000 0.025000
0 0.313000 0.387000 0.017000 0.017000
0 0.574000 0.502500 0.013000 0.014000
0 0.305000 0.507500 0.017000 0.016000
0 0.896500 0.400500 0.028000 0.031000
0 0.517500 0.359500 0.015000 0.016000
0 0.344500 0.534000 0.013000 0.012000
0 0.113500 0.350500 0.026000 0.023000
0 0.404000 0.260500 0.023000 0.018000
0 0.504500 0.825000 0.023000 0.020000
0 0.536500 0.669000 0.021000 0.020000
0 0.517500 0.836250 0.014000 0.017500
0 0.484500 0.479500 0.018000 0.020000
0 0.216500 0.253000 0.025000 0.030000
0 0.494000 0.391000 0.014000 0.015000
0 0.202000 0.250000 0.011000 0.011000
0 0.570000 0.693500 0.012000 0.013000
0 0.543000 0.800500 0.016000 0.015000
0 0.618500 0.270000 0.024000 0.023000
0 0.403500 0.128500 0.011000 0.011000
0 0.709000 0.406500 0.011000 0.016000
0 0.536000 0.405500 0.023000 0.026000
0 0.538000 0.295000 0.021000 0.031000
0 0.686000 0.337000 0.016000 0.018000
0 0.405000 0.805500 0.021000 0.027000
0 0.809500 0.599500 0.030000 0.027000
0 0.500500 0.637500 0.030000 0.034000
0 0.259000 0.479500 0.018000 0.022000
0 0.509000 0.471000 0.020000 0.019000
0 0.487000 0.111000 0.023000 0.016000
0 0.582000 0.535000 0.019000 0.020000
0 0.323000 0.478500 0.013000 0.014000
0 0.579000 0.442500 0.027000 0.033000
0 0.523000 0.503000 0.022000 0.021000
0 0.597000 0.412000 0.014000 0.012000
0 0.436500 0.820000 0.025000 0.021000
0 0.276000 0.441500 0.012000 0.009000
0 0.233500 0.615000 0.017000 0.022000
0 0.395500 0.872500 0.021000 0.019000
0 0.397500 0.135500 0.023000 0.022000
0 0.901000 0.612000 0.023000 0.026000
0 0.598500 0.321500 0.025000 0.018000
0 0.613500 0.787000 0.031000 0.027000
0 0.738000 0.585500 0.023000 0.025000
0 0.225750 0.345000 0.026500 0.019000
0 0.793000 0.684000 0.018000 0.022000
0 0.682500 0.549500 0.018000 0.020000
0 0.325000 0.534500 0.030000 0.026000
0 0.368000 0.368500 0.014000 0.020000
0 0.370500 0.346000 0.031000 0.024000
0 0.613500 0.427000 0.015000 0.023000
0 0.284750 0.237000 0.023500 0.023000
0 0.179500 0.687500 0.029000 0.023000
0 0.477000 0.270500 0.016000 0.018000
0 0.151500 0.651000 0.016000 0.011000
0 0.518500 0.485500 0.019000 0.019000
0 0.092000 0.507000 0.021000 0.028000
0 0.485500 0.390000 0.013000 0.014000
0 0.256500 0.537500 0.023000 0.025000
0 0.714000 0.584500 0.017000 0.015000
0 0.792000 0.268500 0.026000 0.020000
0 0.411000 0.570500 0.010000 0.010000
0 0.495500 0.582000 0.027000 0.026000
0 0.141500 0.304500 0.024000 0.021000
0 0.494000 0.570500 0.030000 0.030000
0 0.206500 0.624000 0.019000 0.020000
0 0.492000 0.541500 0.025000 0.031000
0 0.271750 0.202500 0.026500 0.020000
0 0.669000 0.379000 0.025000 0.022000
0 0.173000 0.453500 0.022000 0.015000
0 0.576500 0.380000 0.034000 0.034000
0 0.544000 0.404500 0.013000 0.010000
0 0.590000 0.426000 0.018000 0.020000
0 0.819500 0.670000 0.014000 0.019000
0 0.492500 0.616500 0.014000 0.021000
0 0.567000 0.820000 0.018000 0.017000
0 0.485500 0.504500 0.017000 0.022000
0 0.127000 0.511000 0.022000 0.019000
0 0.288500 0.491000 0.016000 0.017000
0 0.863000 0.520500 0.016000 0.016000
0 0.580000 0.483500 0.015000 0.015000
0 0.284000 0.416500 0.030000 0.031000
0 0.547500 0.392000 0.020000 0.018000
0 0.512250 0.124500 0.011500 0.009000
0 0.297500 0.460500 0.013000 0.014000
0 0.673500 0.690000 0.033000 0.034000
0 0.805000 0.386500 0.018000 0.020000
0 0.428000 0.307000 0.010000 0.016000
0 0.610000 0.182000 0.011000 0.013000
0 0.439000 0.504000 0.022000 0.023000
0 0.622500 0.492000 0.023000 0.023000
0 0.489500 0.526000 0.030000 0.029000
0 0.448000 0.347000 0.022000 0.029000
0 0.385500 0.284500 0.026000 0.027000
0 0.470000 0.595000 0.015000 0.015000
0 0.745500 0.825500 0.021000 0.015000
0 0.181000 0.601000 0.022000 0.019000
0 0.880750 0.463000 0.017500 0.015000
0 0.466000 0.600000 0.016000 0.016000
0 0.296500 0.717500 0.015000 0.016000
0 0.654750 0.527000 0.026500 0.018000
0 0.390500 0.638500 0.010000 0.014000
0 0.630500 0.488500 0.016000 0.017000
0 0.516000 0.430000 0.025000 0.017000
0 0.477500 0.443500 0.016000 0.015000
0 0.756500 0.658500 0.024000 0.024000
0 0.474500 0.206000 0.024000 0.024000
0 0.470500 0.510000 0.018000 0.020000
0 0.654000 0.384500 0.012000 0.014000
0 0.355500 0.669000 0.013000 0.012000
0 0.538500 0.324500 0.016000 0.018000
0 0.435500 0.835000 0.011000 0.014000
0 0.683500 0.809500 0.021000 0.020000
0 0.591500 0.569000 0.023000 0.020000
0 0.309000 0.483000 0.013000 0.012000
0 0.527000 0.446500 0.013000 0.017000
0 0.741000 0.631000 0.012000 0.011000
0 0.666000 0.671000 0.011000 0.011000
0 0.904500 0.400500 0.014000 0.016000
0 0.381500 0.416000 0.011000 0.015000
0 0.507500 0.158000 0.019000 0.011000
0 0.326500 0.467500 0.020000 0.024000
0 0.623500 0.223000 0.017000 0.016000
0 0.267000 0.742000 0.016000 0.020000
0 0.657000 0.697500 0.022000 0.024000
0 0.194500 0.482500 0.018000 0.016000
0 0.501000 0.621500 0.023000 0.017000
0 0.705000 0.636500 0.024000 0.021000
0 0.570500 0.446000 0.026000 0.020000
0 0.635000 0.187000 0.023000 0.022000
0 0.389500 0.673500 0.026000 0.024000
0 0.458500 0.650500 0.026000 0.027000
0 0.624000 0.565000 0.023000 0.025000
0 0.545000 0.479500 0.022000 0.023000
0 0.747000 0.525500 0.012000 0.012000
0 0.710000 0.672500 0.012000 0.013000
0 0.461500 0.718000 0.018000 0.024000
0 0.554000 0.088500 0.015000 0.015000
0 0.544500 0.358000 0.029000 0.023000
0 0.870000 0.422500 0.026000 0.031000
0 0.790000 0.449000 0.021000 0.021000
0 0.511500 0.662000 0.035000 0.020000
0 0.388500 0.462500 0.009000 0.012000
0 0.462000 0.212500 0.029000 0.031000
0 0.164500 0.484000 0.021000 0.024000
0 0.761000 0.404500 0.019000 0.016000
0 0.130000 0.574500 0.020000 0.021000
0 0.428000 0.481000 0.027000 0.028000
0 0.266000 0.251500 0.014000 0.015000
0 0.566000 0.486000 0.009000 0.008000
0 0.329000 0.154000 0.030000 0.033000
0 0.571000 0.175500 0.013000 0.015000
0 0.888500 0.505000 0.018000 0.019000
0 0.746000 0.229500 0.026000 0.024000
0 0.452000 0.891000 0.010000 0.011000
0 0.580500 0.615500 0.015000 0.016000
0 0.453000 0.142000 0.018000 0.017000
0 0.117000 0.609500 0.023000 0.021000
0 0.523000 0.801000 0.014000 0.018000
0 0.532500 0.576000 0.021000 0.016000
0 0.682500 0.650500 0.020000 0.018000
0 0.455500 0.092500 0.011000 0.013000
0 0.254500 0.222500 0.026000 0.025000
0 0.346500 0.268000 0.028000 0.028000
0 0.205000 0.421500 0.026000 0.020000
0 0.548000 0.689500 0.019000 0.017000
0 0.297000 0.370500 0.011000 0.010000
0 0.443500 0.329500 0.027000 0.024000
0 0.363750 0.600000 0.029500 0.025000