0 0.501500 0.486500 0.009000 0.010000
0 0.570000 0.187000 0.019000 0.020000
0 0.419000 0.541000 0.011000 0.011000
0 0.340000 0.476000 0.023000 0.025000
0 0.611250 0.590500 0.026500 0.018000
0 0.710000 0.293500 0.029000 0.024000
0 0.264000 0.811250 0.014000 0.014500
0 0.524250 0.479000 0.014500 0.010000
0 0.666500 0.404500 0.030000 0.021000
0 0.442000 0.394000 0.028000 0.025000
0 0.325000 0.356500 0.020000 0.023000
0 0.596000 0.709500 0.019000 0.020000
0 0.519500 0.207000 0.026000 0.021000
0 0.547000 0.371000 0.015000 0.020000
0 0.586000 0.586000 0.015000 0.014000
0 0.309000 0.674000 0.012000 0.011000
0 0.502000 0.509500 0.025000 0.030000
0 0.486000 0.525500 0.026000 0.024000
0 0.199500 0.231500 0.017000 0.017000
0 0.327500 0.199000 0.020000 0.029000
0 0.258500 0.575000 0.030000 0.029000
0 0.710000 0.314000 0.013000 0.015000
0 0.293000 0.617500 0.024000 0.024000
0 0.341500 0.526500 0.029000 0.025000
0 0.400500 0.364000 0.013000 0.013000
0 0.545500 0.346500 0.024000 0.018000
0 0.155000 0.607500 0.012000 0.012000
0 0.652000 0.534500 0.016000 0.016000
0 0.134500 0.517000 0.009000 0.009000
0 0.155500 0.309000 0.018000 0.024000
0 0.380000 0.814000 0.017000 0.016000
0 0.512000 0.633500 0.014000 0.017000
0 0.495500 0.461500 0.014000 0.013000
0 0.869500 0.523000 0.024000 0.025000
0 0.373000 0.803000 0.012000 0.011000
0 0.289000 0.534000 0.020000 0.019000
0 0.238500 0.518500 0.019000 0.019000
0 0.633500 0.581500 0.032000 0.017000
0 0.470500 0.451000 0.027000 0.026000
0 0.485500 0.504500 0.018000 0.018000
0 0.344500 0.197500 0.014000 0.014000
0 0.777500 0.194500 0.026000 0.016000
0 0.514000 0.518000 0.011000 0.010000
0 0.402500 0.691500 0.024000 0.023000
0 0.721000 0.399000 0.020000 0.016000
0 0.309500 0.788000 0.016000 0.015000
0 0.735000 0.616000 0.016000 0.015000
0 0.696500 0.364500 0.027000 0.027000
0 0.522500 0.498500 0.025000 0.024000
0 0.275250 0.682000 0.017500 0.014000
0 0.548500 0.810500 0.016000 0.016000
0 0.186500 0.681000 0.018000 0.017000
0 0.515000 0.484500 0.030000 0.029000
0 0.331000 0.376000 0.028000 0.024000
0 0.620500 0.500500 0.017000 0.024000
0 0.330000 0.566000 0.024000 0.018000
0 0.544500 0.506000 0.019000 0.020000
0 0.443500 0.484500 0.027000 0.024000
0 0.570000 0.617500 0.017000 0.018000
0 0.178000 0.658500 0.031000 0.031000
0 0.121500 0.484000 0.016000 0.019000
0 0.504500 0.466000 0.010000 0.010000
0 0.796500 0.704000 0.012000 0.011000
0 0.738000 0.419000 0.027000 0.023000
0 0.247000 0.677000 0.014000 0.016000
0 0.505500 0.474500 0.025000 0.026000
0 0.444500 0.550000 0.017000 0.016000
0 0.483000 0.316000 0.026000 0.030000
0 0.303000 0.605000 0.022000 0.019000
0 0.548000 0.520750 0.010000 0.014500
0 0.477500 0.417750 0.019000 0.023500
0 0.385500 0.883500 0.014000 0.016000
0 0.494500 0.504500 0.016000 0.022000
0 0.536500 0.357500 0.015000 0.016000
0 0.705000 0.464000 0.014000 0.012000
0 0.738000 0.382000 0.011000 0.015000
0 0.475500 0.506000 0.026000 0.024000
0 0.486500 0.720500 0.009000 0.011000
0 0.726000 0.706500 0.016000 0.015000
0 0.320500 0.505500 0.019000 0.021000
0 0.249500 0.770000 0.026000 0.023000
0 0.127000 0.636000 0.026000 0.026000
0 0.647000 0.545500 0.027000 0.025000
0 0.163000 0.555500 0.022000 0.026000
0 0.133000 0.456500 0.013000 0.012000
0 0.640500 0.817500 0.018000 0.018000
0 0.813000 0.250000 0.019000 0.018000
0 0.400500 0.138000 0.024000 0.030000
0 0.796000 0.333000 0.016000 0.014000
0 0.175000 0.337500 0.020000 0.024000
0 0.123500 0.610000 0.014000 0.014000
0 0.712000 0.634000 0.017000 0.018000
0 0.612000 0.275000 0.024000 0.027000
0 0.676000 0.221000 0.023000 0.030000
0 0.760500 0.690500 0.027000 0.027000
0 0.724000 0.834750 0.013000 0.017500
0 0.714000 0.668500 0.021000 0.026000
0 0.698000 0.229500 0.012000 0.013000
0 0.450500 0.620000 0.020000 0.017000
0 0.838000 0.565500 0.019000 0.020000
0 0.353500 0.523500 0.011000 0.012000
0 0.356000 0.409000 0.012000 0.018000
0 0.655500 0.661500 0.027000 0.034000
0 0.463500 0.458000 0.015000 0.014000
0 0.674500 0.728000 0.015000 0.017000
0 0.612000 0.406000 0.022000 0.025000
0 0.233000 0.741500 0.015000 0.021000
0 0.357000 0.510000 0.008000 0.014000
0 0.489500 0.470000 0.020000 0.014000
0 0.221000 0.759000 0.028000 0.022000
0 0.612500 0.463500 0.027000 0.027000
0 0.476000 0.377000 0.021000 0.021000
0 0.485000 0.539000 0.012000 0.012000
0 0.161000 0.369500 0.018000 0.016000
0 0.290000 0.339500 0.013000 0.013000
0 0.429000 0.374500 0.018000 0.018000
0 0.211500 0.536500 0.020000 0.017000
0 0.452000 0.167500 0.012000 0.011000
0 0.501000 0.498500 0.018000 0.019000
0 0.367500 0.102000 0.024000 0.022000
0 0.694000 0.374000 0.022000 0.020000
0 0.676000 0.332500 0.021000 0.020000
0 0.674500 0.756500 0.019000 0.012000
0 0.533500 0.481000 0.012000 0.014000
0 0.466000 0.436000 0.014000 0.016000
0 0.722000 0.423000 0.018000 0.017000
0 0.642500 0.430000 0.013000 0.013000
0 0.447000 0.736500 0.009000 0.011000
0 0.710500 0.367000 0.026000 0.022000
0 0.591500 0.686500 0.022000 0.022000
0 0.723000 0.320500 0.023000 0.020000
0 0.264000 0.543000 0.013000 0.013000
0 0.512500 0.411000 0.020000 0.024000
0 0.445000 0.264000 0.023000 0.024000
0 0.429000 0.607000 0.020000 0.018000
0 0.514000 0.316500 0.024000 0.025000
0 0.451000 0.418500 0.024000 0.022000
0 0.602000 0.397000 0.022000 0.019000
0 0.336500 0.558500 0.026000 0.025000
0 0.312500 0.609500 0.021000 0.025000
0 0.404500 0.674000 0.020000 0.021000
0 0.164000 0.377500 0.013000 0.013000
0 0.297000 0.499500 0.026000 0.025000
0 0.523000 0.486500 0.018000 0.017000
0 0.465500 0.534000 0.024000 0.021000
0 0.767500 0.535000 0.021000 0.023000
0 0.413000 0.284500 0.017000 0.018000
0 0.715500 0.257500 0.020000 0.031000
0 0.465000 0.236000 0.028000 0.026000
0 0.142500 0.445000 0.020000 0.024000
0 0.118500 0.655500 0.026000 0.026000
0 0.678000 0.397500 0.025000 0.021000
0 0.563000 0.559000 0.024000 0.024000
0 0.387000 0.354000 0.017000 0.018000
0 0.389250 0.633000 0.026500 0.019000
0 0.252000 0.342500 0.025000 0.029000
0 0.732500 0.602500 0.016000 0.017000
0 0.344500 0.307500 0.013000 0.013000
0 0.418500 0.558500 0.019000 0.017000
0 0.447500 0.702000 0.019000 0.028000
0 0.515500 0.438000 0.027000 0.030000
0 0.743000 0.357500 0.027000 0.026000
0 0.435500 0.742500 0.016000 0.022000
0 0.539000 0.492000 0.025000 0.025000
0 0.841000 0.399500 0.022000 0.015000
0 0.513000 0.363500 0.023000 0.019000
0 0.467500 0.396000 0.022000 0.021000
0 0.575000 0.397500 0.023000 0.020000
0 0.670000 0.851000 0.021000 0.020000
0 0.383500 0.411000 0.025000 0.025000
0 0.496500 0.629500 0.018000 0.014000
0 0.315500 0.364500 0.017000 0.017000
0 0.215000 0.431500 0.025000 0.025000
0 0.267000 0.251500 0.016000 0.013000
0 0.376500 0.232000 0.016000 0.018000
0 0.510500 0.402500 0.014000 0.015000
0 0.149500 0.412500 0.024000 0.023000
0 0.392000 0.321500 0.019000 0.021000
0 0.281000 0.471500 0.019000 0.025000
0 0.554000 0.464000 0.014000 0.015000
0 0.189500 0.734000 0.024000 0.016000
0 0.499000 0.444500 0.025000 0.017000
0 0.825000 0.591500 0.021000 0.022000
0 0.582000 0.529000 0.020000 0.023000
0 0.659000 0.459000 0.022000 0.016000
0 0.511500 0.683000 0.023000 0.024000
0 0.701000 0.461000 0.031000 0.031000
0 0.683500 0.598000 0.010000 0.009000
0 0.767000 0.197500 0.010000 0.010000
0 0.322500 0.397000 0.015000 0.016000
0 0.608000 0.416500 0.022000 0.025000
0 0.558500 0.412000 0.011000 0.016000
0 0.261000 0.604500 0.023000 0.017000
0 0.875000 0.440500 0.027000 0.022000
0 0.885500 0.390000 0.022000 0.020000
0 0.534500 0.753500 0.023000 0.014000
0 0.515500 0.603500 0.012000 0.016000
0 0.600500 0.152000 0.024000 0.017000
0 0.864500 0.472500 0.018000 0.016000
0 0.131500 0.351500 0.017000 0.018000
0 0.472000 0.687500 0.017000 0.017000
0 0.567500 0.498500 0.010000 0.012000
0 0.762000 0.416500 0.023000 0.022000
0 0.407500 0.904500 0.016000 0.017000
0 0.353500 0.561500 0.016000 0.016000
0 0.398500 0.313500 0.015000 0.015000
0 0.505500 0.422000 0.025000 0.020000
0 0.470500 0.407000 0.014000 0.015000
0 0.317500 0.615500 0.023000 0.027000
0 0.463500 0.776000 0.017000 0.016000
0 0.574500 0.667500 0.032000 0.022000
0 0.235000 0.819000 0.023000 0.022000
0 0.457500 0.576000 0.025000 0.025000
0 0.331500 0.859500 0.020000 0.017000
0 0.528500 0.481000 0.026000 0.021000
0 0.881000 0.587000 0.022000 0.021000
0 0.142500 0.705500 0.024000 0.024000
0 0.315500 0.150500 0.029000 0.026000
0 0.795000 0.591500 0.021000 0.017000
0 0.484500 0.624000 0.015000 0.014000
0 0.354500 0.180000 0.018000 0.021000
0 0.537500 0.373500 0.014000 0.013000
0 0.443500 0.701500 0.025000 0.022000
0 0.780500 0.743500 0.021000 0.022000
0 0.214000 0.669500 0.011000 0.011000
0 0.550000 0.741000 0.017000 0.018000
0 0.739500 0.691000 0.023000 0.021000
0 0.408000 0.521500 0.025000 0.026000
0 0.462500 0.333500 0.022000 0.021000
0 0.538000 0.615000 0.023000 0.023000
0 0.685000 0.701500 0.022000 0.022000
0 0.752000 0.676500 0.018000 0.018000
0 0.474500 0.412000 0.023000 0.020000
0 0.519000 0.897500 0.012000 0.010000
0 0.782000 0.683500 0.014000 0.018000
0 0.263500 0.334500 0.018000 0.019000
0 0.419500 0.680000 0.014000 0.014000
0 0.347500 0.575000 0.018000 0.017000
0 0.253000 0.695500 0.018000 0.021000
0 0.344500 0.123000 0.024000 0.027000
0 0.450000 0.378500 0.010000 0.008000
0 0.674000 0.196000 0.014000 0.012000
0 0.500500 0.588000 0.028000 0.029000
0 0.449500 0.473000 0.020000 0.017000
0 0.728000 0.467500 0.030000 0.028000
0 0.441500 0.751000 0.016000 0.012000
0 0.667000 0.617000 0.019000 0.016000
0 0.623000 0.232000 0.030000 0.034000
0 0.554000 0.491000 0.016000 0.016000
0 0.633500 0.809000 0.024000 0.026000
0 0.328000 0.583500 0.024000 0.018000
0 0.296500 0.382500 0.023000 0.013000
0 0.464000 0.567000 0.013000 0.014000
0 0.696500 0.528000 0.013000 0.013000
0 0.459000 0.471500 0.017000 0.016000
0 0.340000 0.226000 0.030000 0.031000
0 0.388000 0.478000 0.015000 0.016000
0 0.345000 0.376000 0.016000 0.016000
0 0.579000 0.538500 0.023000 0.025000
0 0.882500 0.503000 0.021000 0.023000
0 0.655000 0.844000 0.021000 0.026000
0 0.608500 0.372500 0.022000 0.021000
0 0.542500 0.551000 0.013000 0.013000
0 0.348000 0.727500 0.013000 0.010000
0 0.742000 0.163500 0.013000 0.013000
0 0.659000 0.848500 0.016000 0.014000
0 0.491000 0.477500 0.012000 0.015000
0 0.396000 0.886500 0.018000 0.025000
0 0.345000 0.262000 0.019000 0.019000
0 0.355000 0.377500 0.028000 0.022000
0 0.584000 0.594000 0.030000 0.024000
0 0.267500 0.720500 0.029000 0.030000
0 0.144000 0.442500 0.011000 0.012000
0 0.614000 0.320000 0.012000 0.014000
0 0.566500 0.541000 0.013000 0.013000
0 0.344500 0.656000 0.031000 0.021000
0 0.494000 0.495500 0.012000 0.012000
0 0.707000 0.852000 0.021000 0.025000
0 0.517500 0.529000 0.030000 0.029000
0 0.557500 0.718000 0.023000 0.018000
0 0.594500 0.847000 0.022000 0.021000
0 0.535000 0.329500 0.024000 0.024000
0 0.656000 0.744000 0.024000 0.025000
0 0.399000 0.778000 0.011000 0.011000
0 0.438000 0.831000 0.026000 0.026000
0 0.427000 0.425000 0.022000 0.026000
0 0.652500 0.129500 0.019000 0.013000
0 0.538000 0.672000 0.016000 0.019000
0 0.166000 0.412000 0.013000 0.012000
0 0.522500 0.323500 0.021000 0.021000
0 0.650500 0.780000 0.025000 0.019000
0 0.691000 0.473000 0.023000 0.022000
0 0.405500 0.412500 0.024000 0.019000
0 0.386000 0.459000 0.011000 0.010000
0 0.284500 0.434750 0.018000 0.026500
0 0.598500 0.461500 0.012000 0.014000
0 0.340500 0.544500 0.018000 0.016000
0 0.372500 0.407000 0.023000 0.017000
0 0.173000 0.592000 0.024000 0.024000
0 0.429500 0.457000 0.023000 0.022000
0 0.758000 0.338000 0.019000 0.018000
0 0.472000 0.704000 0.025000 0.019000
0 0.625500 0.209500 0.020000 0.020000
0 0.528000 0.594000 0.014000 0.014000
0 0.466000 0.838000 0.024000 0.022000
0 0.420500 0.529500 0.020000 0.021000
0 0.610000 0.861000 0.017000 0.018000
0 0.670500 0.809000 0.024000 0.021000
0 0.380250 0.635000 0.020500 0.014000
0 0.500500 0.542500 0.013000 0.013000
0 0.207000 0.750500 0.017000 0.018000
0 0.491500 0.566000 0.013000 0.014000
0 0.436500 0.552500 0.015000 0.015000
0 0.419000 0.717500 0.016000 0.012000
0 0.619000 0.581500 0.010000 0.010000
0 0.503000 0.407500 0.020000 0.020000
0 0.445500 0.531000 0.022000 0.022000
0 0.181500 0.641500 0.012000 0.011000
0 0.203000 0.567500 0.018000 0.019000
0 0.562500 0.507500 0.023000 0.022000
0 0.539500 0.463500 0.012000 0.013000
0 0.484000 0.579000 0.025000 0.022000
0 0.682000 0.490000 0.025000 0.032000
0 0.105500 0.639500 0.030000 0.032000
0 0.385500 0.503500 0.024000 0.024000
0 0.599000 0.277500 0.020000 0.019000
0 0.466000 0.724000 0.014000 0.014000
0 0.331500 0.405000 0.031000 0.027000
0 0.489000 0.225000 0.017000 0.017000
0 0.508000 0.510000 0.014000 0.023000
0 0.513000 0.833500 0.017000 0.017000
0 0.610500 0.301000 0.010000 0.009000
0 0.895000 0.437000 0.027000 0.022000
0 0.830500 0.549000 0.018000 0.027000
0 0.795000 0.252500 0.016000 0.017000
0 0.188500 0.663000 0.014000 0.015000
0 0.737000 0.676500 0.018000 0.014000
0 0.287000 0.318500 0.034000 0.026000
0 0.367500 0.823000 0.017000 0.013000
0 0.308500 0.591500 0.031000 0.030000
0 0.768500 0.590000 0.011000 0.013000
0 0.441500 0.608500 0.016000 0.011000
0 0.569500 0.529000 0.024000 0.028000
0 0.548500 0.591000 0.022000 0.021000
0 0.473000 0.281500 0.018000 0.028000
0 0.818000 0.588500 0.025000 0.029000
0 0.287500 0.809000 0.015000 0.011000
0 0.515500 0.487500 0.024000 0.027000
0 0.526000 0.401500 0.022000 0.023000
0 0.370000 0.575000 0.012000 0.017000
0 0.627500 0.412500 0.014000 0.015000
0 0.483250 0.490000 0.023500 0.018000
0 0.288000 0.557500 0.019000 0.019000
0 0.622000 0.651000 0.028000 0.028000
0 0.506500 0.458000 0.016000 0.014000
0 0.477000 0.496000 0.018000 0.020000
0 0.553000 0.662500 0.030000 0.029000
0 0.523000 0.349000 0.017000 0.019000
0 0.628500 0.839500 0.017000 0.018000
0 0.472500 0.404000 0.025000 0.031000
0 0.663000 0.799000 0.016000 0.013000
0 0.429500 0.864000 0.023000 0.022000
0 0.759500 0.412500 0.030000 0.029000
0 0.700000 0.207750 0.020000 0.026500
0 0.381000 0.462000 0.031000 0.023000
0 0.742500 0.518500 0.021000 0.020000
0 0.482000 0.570500 0.017000 0.014000
0 0.206500 0.282000 0.024000 0.026000
0 0.735000 0.524500 0.015000 0.017000
0 0.746000 0.268500 0.016000 0.017000
0 0.554000 0.601000 0.015000 0.012000
0 0.445500 0.515500 0.016000 0.021000
0 0.580000 0.648500 0.017000 0.019000
0 0.803000 0.718500 0.017000 0.018000
0 0.461000 0.294000 0.009000 0.008000
0 0.464000 0.443500 0.009000 0.012000
0 0.515500 0.379000 0.022000 0.022000
0 0.404000 0.436000 0.036000 0.025000
0 0.429000 0.557500 0.018000 0.018000
0 0.672500 0.259000 0.025000 0.020000
0 0.608000 0.329500 0.028000 0.019000
0 0.644000 0.828000 0.029000 0.028000
0 0.610500 0.599500 0.027000 0.023000
0 0.439500 0.557500 0.015000 0.018000
0 0.318000 0.746000 0.022000 0.026000
0 0.347000 0.442000 0.027000 0.026000
0 0.389000 0.794000 0.026000 0.023000
0 0.432500 0.541500 0.017000 0.020000
0 0.331500 0.193500 0.020000 0.020000
0 0.716000 0.690000 0.025000 0.021000
0 0.807000 0.233500 0.030000 0.030000
0 0.516000 0.757000 0.019000 0.018000
0 0.734500 0.592500 0.024000 0.026000
0 0.409000 0.666500 0.024000 0.028000
0 0.240000 0.756500 0.013000 0.012000
0 0.595500 0.517500 0.014000 0.012000
0 0.182500 0.652000 0.013000 0.014000
0 0.814500 0.373000 0.020000 0.022000
0 0.832000 0.334000 0.009000 0.012000
0 0.754000 0.631000 0.011000 0.015000
0 0.850500 0.464000 0.021000 0.021000
0 0.524000 0.881500 0.020000 0.019000
0 0.376000 0.555000 0.025000 0.024000
0 0.524000 0.421000 0.010000 0.016000
0 0.572000 0.609000 0.013000 0.015000
0 0.534000 0.555000 0.015000 0.014000
0 0.623500 0.525500 0.012000 0.013000
0 0.604500 0.662000 0.016000 0.011000
0 0.642000 0.492000 0.027000 0.019000
0 0.534500 0.560000 0.024000 0.022000
0 0.714500 0.164500 0.019000 0.018000
0 0.436000 0.468000 0.023000 0.019000
0 0.400500 0.527500 0.022000 0.019000
0 0.521500 0.219500 0.014000 0.011000
0 0.598000 0.363500 0.014000 0.011000
0 0.169500 0.267500 0.012000 0.014000
0 0.395500 0.648500 0.022000 0.023000
0 0.678000 0.799500 0.022000 0.027000
0 0.365000 0.385000 0.012000 0.011000
0 0.358500 0.597000 0.015000 0.016000
0 0.436500 0.594000 0.012000 0.012000
0 0.755000 0.828000 0.016000 0.014000
0 0.873000 0.536500 0.015000 0.017000
0 0.642500 0.632500 0.018000 0.016000
0 0.717000 0.528500 0.016000 0.019000
0 0.695000 0.425000 0.023000 0.021000
0 0.276500 0.312000 0.014000 0.016000
0 0.460000 0.488000 0.023000 0.015000
0 0.553500 0.889500 0.017000 0.017000
0 0.358500 0.480500 0.014000 0.016000
0 0.360500 0.725000 0.017000 0.024000
0 0.659000 0.408000 0.020000 0.022000
0 0.516500 0.574000 0.017000 0.012000
0 0.650500 0.416000 0.017000 0.014000
0 0.499500 0.264000 0.019000 0.019000
0 0.662000 0.791500 0.017000 0.013000
0 0.664000 0.224000 0.016000 0.014000
0 0.533000 0.577500 0.019000 0.018000
0 0.844500 0.277500 0.026000 0.020000
0 0.484500 0.462500 0.011000 0.012000
0 0.487000 0.363000 0.016000 0.012000
0 0.546500 0.292000 0.013000 0.012000
0 0.737000 0.610500 0.014000 0.015000
0 0.480500 0.470000 0.020000 0.019000
0 0.242000 0.253000 0.031000 0.033000
0 0.539500 0.505500 0.018000 0.016000
0 0.648500 0.856000 0.031000 0.033000
0 0.337000 0.494500 0.009000 0.010000
0 0.658250 0.554500 0.023500 0.018000
0 0.654000 0.502500 0.018000 0.020000
0 0.104500 0.475500 0.015000 0.013000
0 0.511500 0.546000 0.023000 0.016000
0 0.489000 0.693000 0.023000 0.020000
0 0.391500 0.452000 0.028000 0.027000
0 0.330000 0.455500 0.027000 0.030000
0 0.628500 0.792000 0.027000 0.025000
0 0.904000 0.445500 0.019000 0.019000
0 0.699000 0.354000 0.023000 0.027000
0 0.544500 0.463500 0.017000 0.017000
0 0.497000 0.502000 0.024000 0.024000
0 0.513500 0.302000 0.014000 0.019000
0 0.387500 0.105000 0.029000 0.029000
0 0.536000 0.308000 0.028000 0.020000
0 0.321000 0.836000 0.011000 0.018000
0 0.885500 0.379000 0.030000 0.030000
0 0.435500 0.586000 0.016000 0.018000
0 0.401500 0.599500 0.020000 0.020000
0 0.235500 0.777000 0.018000 0.026000
0 0.513000 0.771500 0.022000 0.019000
0 0.713000 0.489500 0.016000 0.014000
0 0.840000 0.264500 0.015000 0.017000
0 0.333500 0.591500 0.032000 0.033000
0 0.497000 0.576500 0.017000 0.018000
0 0.294500 0.563000 0.022000 0.020000
0 0.590500 0.241500 0.016000 0.016000
0 0.539500 0.433500 0.032000 0.035000
0 0.576500 0.159500 0.016000 0.016000
0 0.529500 0.607500 0.018000 0.017000
0 0.493500 0.488000 0.019000 0.016000
0 0.762000 0.809000 0.024000 0.029000
0 0.721500 0.632500 0.018000 0.014000
0 0.801000 0.631500 0.016000 0.016000
0 0.285000 0.853250 0.009000 0.011500
0 0.608500 0.441000 0.026000 0.021000
0 0.653500 0.357500 0.019000 0.023000
0 0.775500 0.333500 0.022000 0.020000
0 0.750500 0.731000 0.018000 0.017000
0 0.472000 0.385500 0.014000 0.018000
0 0.901000 0.568500 0.018000 0.018000
0 0.396500 0.288000 0.014000 0.016000
0 0.814500 0.629500 0.016000 0.015000
0 0.509500 0.558500 0.022000 0.021000
0 0.574000 0.508000 0.035000 0.034000
0 0.619000 0.418500 0.023000 0.018000
0 0.445500 0.677000 0.022000 0.021000
0 0.352500 0.512000 0.013000 0.013000
0 0.437000 0.534000 0.027000 0.027000
0 0.619000 0.606500 0.009000 0.017000
0 0.616500 0.126500 0.027000 0.020000
0 0.282500 0.399500 0.019000 0.025000
0 0.525000 0.536000 0.008000 0.008000
0 0.474000 0.513750 0.018000 0.023500
0 0.508500 0.499000 0.024000 0.028000
0 0.458500 0.629500 0.018000 0.018000
0 0.468000 0.669500 0.018000 0.018000
0 0.426500 0.711500 0.023000 0.022000
0 0.308000 0.296500 0.025000 0.020000
0 0.405500 0.347000 0.017000 0.026000
0 0.258000 0.292500 0.018000 0.023000
0 0.538500 0.626000 0.019000 0.016000
0 0.425500 0.362500 0.028000 0.025000
0 0.784000 0.344500 0.022000 0.024000
0 0.876500 0.387500 0.018000 0.017000
0 0.184000 0.406000 0.010000 0.011000
0 0.496000 0.733000 0.015000 0.014000
0 0.519000 0.537500 0.015000 0.017000
0 0.302500 0.547500 0.018000 0.018000
0 0.447500 0.797000 0.021000 0.021000
0 0.623500 0.514000 0.027000 0.030000
0 0.582500 0.296500 0.029000 0.027000
0 0.508000 0.446500 0.020000 0.018000
0 0.190000 0.429500 0.023000 0.029000
0 0.443500 0.475000 0.012000 0.014000
0 0.292000 0.393000 0.021000 0.019000
0 0.627500 0.474500 0.013000 0.018000
0 0.886000 0.523000 0.024000 0.027000
0 0.486000 0.792000 0.018000 0.022000
0 0.780500 0.349500 0.008000 0.011000
0 0.225000 0.430250 0.015000 0.020500
0 0.260000 0.223000 0.012000 0.011000
0 0.618500 0.595000 0.016000 0.019000
0 0.540500 0.513000 0.013000 0.013000
0 0.160500 0.535000 0.024000 0.019000
0 0.490500 0.520500 0.015000 0.014000
0 0.273500 0.716000 0.012000 0.012000
0 0.385000 0.528000 0.019000 0.019000
0 0.856000 0.281000 0.025000 0.022000
0 0.390500 0.583500 0.017000 0.017000
0 0.304000 0.175500 0.024000 0.023000
0 0.687500 0.514500 0.016000 0.017000
0 0.484000 0.394500 0.009000 0.012000
0 0.705000 0.403500 0.029000 0.028000
0 0.597000 0.736750 0.015000 0.017500
0 0.323500 0.509500 0.020000 0.023000
0 0.309500 0.693500 0.020000 0.020000
0 0.752500 0.458000 0.012000 0.018000
0 0.495000 0.512500 0.024000 0.035000
0 0.352000 0.577500 0.017000 0.018000
0 0.609000 0.122000 0.031000 0.021000
0 0.685500 0.738500 0.021000 0.026000
0 0.533500 0.444500 0.015000 0.022000
0 0.551000 0.405500 0.026000 0.026000
0 0.541000 0.488250 0.019000 0.026500
0 0.333000 0.154500 0.023000 0.021000
0 0.385750 0.400500 0.029500 0.026000
0 0.358500 0.444500 0.012000 0.012000
0 0.569500 0.330000 0.016000 0.015000
0 0.556000 0.451000 0.015000 0.014000
0 0.397500 0.397500 0.010000 0.010000
0 0.431000 0.298000 0.020000 0.019000
0 0.231000 0.301000 0.025000 0.027000
0 0.435000 0.572000 0.011000 0.010000
0 0.533000 0.526500 0.014000 0.014000
0 0.544000 0.476500 0.009000 0.015000
0 0.482000 0.189000 0.011000 0.016000
0 0.742500 0.544000 0.018000 0.020000
0 0.315000 0.726000 0.025000 0.025000
0 0.536000 0.603000 0.021000 0.033000
0 0.651500 0.644500 0.010000 0.013000
0 0.818500 0.530000 0.013000 0.012000
0 0.893000 0.402500 0.020000 0.021000
0 0.673500 0.746500 0.019000 0.015000
0 0.511000 0.201500 0.013000 0.011000
0 0.345000 0.254500 0.019000 0.019000
0 0.495500 0.134000 0.023000 0.022000
0 0.692500 0.451500 0.019000 0.023000
0 0.515000 0.418500 0.015000 0.014000
0 0.776500 0.797500 0.013000 0.010000
0 0.190500 0.233500 0.015000 0.016000
0 0.147000 0.569000 0.013000 0.014000
0 0.473000 0.475000 0.023000 0.019000
0 0.374500 0.216000 0.018000 0.020000
0 0.729000 0.290000 0.017000 0.017000
0 0.313000 0.434000 0.013000 0.010000