0 0.498000 0.430500 0.011000 0.010000
0 0.573000 0.587000 0.021000 0.025000
0 0.772500 0.266500 0.023000 0.026000
0 0.703000 0.847000 0.021000 0.021000
0 0.383500 0.678500 0.021000 0.021000
0 0.724000 0.460000 0.013000 0.012000
0 0.538500 0.497000 0.016000 0.012000
0 0.445500 0.400000 0.016000 0.014000
0 0.255500 0.416000 0.022000 0.022000
0 0.439500 0.438000 0.021000 0.020000
0 0.501000 0.468000 0.020000 0.013000
0 0.580500 0.589500 0.021000 0.020000
0 0.284000 0.396500 0.027000 0.030000
0 0.452250 0.297500 0.014500 0.010000
0 0.519000 0.521500 0.022000 0.016000
0 0.130500 0.689000 0.013000 0.013000
0 0.494000 0.448000 0.017000 0.017000
0 0.413000 0.159000 0.028000 0.027000
0 0.603000 0.743000 0.022000 0.025000
0 0.730500 0.643500 0.024000 0.017000
0 0.236500 0.301000 0.022000 0.019000
0 0.627000 0.790500 0.013000 0.016000
0 0.525000 0.912500 0.017000 0.015000
0 0.608500 0.847500 0.017000 0.014000
0 0.203500 0.420000 0.029000 0.027000
0 0.265000 0.389500 0.021000 0.018000
0 0.768500 0.230500 0.026000 0.029000
0 0.542500 0.581000 0.017000 0.019000
0 0.749000 0.420500 0.017000 0.017000
0 0.398000 0.686000 0.019000 0.019000
0 0.491500 0.485000 0.015000 0.013000
0 0.149500 0.307000 0.016000 0.018000
0 0.550500 0.690500 0.023000 0.023000
0 0.602500 0.706500 0.021000 0.018000
0 0.337000 0.789500 0.016000 0.014000
0 0.297500 0.794000 0.018000 0.024000
0 0.166500 0.321500 0.024000 0.024000
0 0.517500 0.513500 0.016000 0.016000
0 0.765500 0.242500 0.013000 0.015000
0 0.500000 0.508000 0.015000 0.020000
0 0.689500 0.384000 0.020000 0.024000
0 0.726000 0.442500 0.016000 0.014000
0 0.849500 0.500500 0.026000 0.029000
0 0.513500 0.556000 0.016000 0.015000
0 0.422000 0.474000 0.017000 0.016000
0 0.262000 0.427500 0.019000 0.017000
0 0.394000 0.213000 0.017000 0.028000
0 0.696000 0.418000 0.018000 0.019000
0 0.692500 0.479000 0.020000 0.015000
0 0.554500 0.574500 0.009000 0.014000
0 0.549500 0.370000 0.025000 0.021000
0 0.365500 0.384500 0.023000 0.019000
0 0.451500 0.154500 0.017000 0.016000
0 0.176500 0.511500 0.023000 0.028000
0 0.360000 0.215500 0.010000 0.011000
0 0.505500 0.497000 0.017000 0.017000
0 0.400500 0.598500 0.020000 0.022000
0 0.454000 0.476000 0.021000 0.024000
0 0.774500 0.689000 0.021000 0.020000
0 0.336000 0.539000 0.028000 0.028000
0 0.124500 0.674000 0.012000 0.012000
0 0.579000 0.410500 0.014000 0.015000
0 0.827000 0.755500 0.021000 0.028000
0 0.461500 0.417000 0.021000 0.016000
0 0.735000 0.669750 0.014000 0.020500
0 0.500000 0.529000 0.021000 0.019000
0 0.268000 0.681000 0.015000 0.022000
0 0.476000 0.535000 0.009000 0.011000
0 0.421500 0.627500 0.033000 0.022000
0 0.364500 0.653500 0.017000 0.018000
0 0.495000 0.550000 0.022000 0.020000
0 0.261000 0.623000 0.027000 0.032000
0 0.726500 0.430500 0.019000 0.021000
0 0.584500 0.457500 0.017000 0.020000
0 0.389000 0.340000 0.024000 0.023000
0 0.521500 0.410500 0.029000 0.024000
0 0.736500 0.419000 0.021000 0.013000
0 0.161500 0.368500 0.017000 0.025000
0 0.459000 0.608000 0.017000 0.019000
0 0.307500 0.543000 0.015000 0.014000
0 0.286500 0.344000 0.013000 0.009000
0 0.592000 0.507000 0.014000 0.014000
0 0.742500 0.583500 0.016000 0.017000
0 0.608000 0.216500 0.015000 0.019000
0 0.419500 0.530000 0.034000 0.028000
0 0.745500 0.282500 0.021000 0.024000
0 0.553000 0.645000 0.010000 0.008000
0 0.416000 0.740500 0.019000 0.023000
0 0.468000 0.160000 0.011000 0.013000
0 0.556500 0.763000 0.013000 0.017000
0 0.609500 0.419000 0.024000 0.015000
0 0.729000 0.512500 0.015000 0.010000
0 0.304000 0.451000 0.022000 0.020000
0 0.619000 0.643500 0.014000 0.015000
0 0.522000 0.454000 0.021000 0.020000
0 0.503000 0.558500 0.021000 0.021000
0 0.199000 0.372000 0.015000 0.013000
0 0.696500 0.527000 0.010000 0.010000
0 0.587500 0.369000 0.026000 0.026000
0 0.261250 0.230000 0.017500 0.015000
0 0.299000 0.682000 0.016000 0.016000
0 0.629500 0.767500 0.026000 0.025000
0 0.442000 0.790000 0.017000 0.018000
0 0.694000 0.238500 0.018000 0.019000
0 0.591000 0.226500 0.018000 0.019000
0 0.440000 0.824000 0.027000 0.014000
0 0.530000 0.486000 0.022000 0.027000
0 0.130000 0.356250 0.013000 0.014500
0 0.346000 0.570000 0.011000 0.018000
0 0.472500 0.433500 0.022000 0.018000
0 0.492500 0.506500 0.031000 0.026000
0 0.882500 0.619500 0.013000 0.014000
0 0.255000 0.833500 0.020000 0.020000
0 0.358000 0.460500 0.015000 0.014000
0 0.284000 0.552500 0.020000 0.023000
0 0.279000 0.607500 0.032000 0.023000
0 0.428500 0.432500 0.014000 0.018000
0 0.798500 0.549500 0.031000 0.026000
0 0.592500 0.622500 0.015000 0.017000
0 0.521000 0.590000 0.013000 0.010000
0 0.417500 0.680000 0.030000 0.024000
0 0.229000 0.481000 0.016000 0.015000
0 0.409000 0.615000 0.023000 0.023000
0 0.158500 0.482500 0.016000 0.018000
0 0.803000 0.788750 0.015000 0.020500
0 0.600500 0.340500 0.019000 0.022000
0 0.520500 0.807500 0.027000 0.028000
0 0.617500 0.175500 0.019000 0.022000
0 0.289500 0.849000 0.028000 0.027000
0 0.370500 0.335500 0.026000 0.025000
0 0.465500 0.486500 0.014000 0.014000
0 0.319500 0.431500 0.022000 0.024000
0 0.529500 0.601000 0.014000 0.011000
0 0.656000 0.621500 0.015000 0.016000
0 0.490000 0.277000 0.022000 0.027000
0 0.354000 0.713500 0.016000 0.022000
0 0.641000 0.709500 0.022000 0.031000
0 0.647000 0.633000 0.032000 0.025000
0 0.511000 0.620000 0.025000 0.020000
0 0.590500 0.752500 0.015000 0.022000
0 0.657000 0.387500 0.017000 0.016000
0 0.462500 0.435000 0.022000 0.024000
0 0.671000 0.834500 0.023000 0.023000
0 0.689500 0.712500 0.018000 0.017000
0 0.667500 0.530000 0.023000 0.020000
0 0.481000 0.515500 0.020000 0.021000
0 0.376000 0.591500 0.020000 0.021000
0 0.441000 0.356000 0.028000 0.025000
0 0.464500 0.598500 0.017000 0.011000
0 0.397000 0.849000 0.030000 0.028000
0 0.845500 0.552250 0.012000 0.017500
0 0.501000 0.185000 0.014000 0.015000
0 0.658250 0.851000 0.026500 0.020000
0 0.312500 0.463000 0.011000 0.010000
0 0.760500 0.345000 0.020000 0.020000
0 0.517000 0.539500 0.018000 0.019000
0 0.210500 0.257500 0.011000 0.010000
0 0.330500 0.415500 0.026000 0.027000
0 0.504500 0.423000 0.023000 0.015000
0 0.456500 0.890500 0.020000 0.019000
0 0.185500 0.430000 0.020000 0.022000
0 0.664000 0.240500 0.023000 0.019000
0 0.209000 0.550000 0.019000 0.023000
0 0.405500 0.905500 0.012000 0.011000
0 0.821000 0.653500 0.015000 0.016000
0 0.451000 0.511000 0.030000 0.030000
0 0.598500 0.679000 0.009000 0.009000
0 0.656000 0.134000 0.020000 0.023000
0 0.451500 0.527000 0.022000 0.023000
0 0.699000 0.830500 0.027000 0.027000
0 0.693000 0.681000 0.019000 0.021000
0 0.784500 0.237500 0.023000 0.031000
0 0.334500 0.241000 0.022000 0.021000
0 0.409500 0.474500 0.009000 0.014000
0 0.537500 0.353500 0.013000 0.015000
0 0.407500 0.462500 0.022000 0.017000
0 0.723750 0.580000 0.017500 0.013000
0 0.530500 0.777500 0.016000 0.016000
0 0.782000 0.719000 0.013000 0.012000
0 0.481000 0.455000 0.023000 0.022000
0 0.519500 0.578000 0.017000 0.022000
0 0.554500 0.904000 0.010000 0.016000
0 0.286500 0.368500 0.032000 0.021000
0 0.621500 0.370000 0.017000 0.023000
0 0.348000 0.466500 0.014000 0.015000
0 0.507000 0.294500 0.023000 0.018000
0 0.717000 0.412000 0.025000 0.029000
0 0.358500 0.443500 0.016000 0.014000
0 0.559500 0.636500 0.014000 0.015000
0 0.677000 0.306000 0.017000 0.013000
0 0.547000 0.480500 0.020000 0.015000
0 0.181500 0.649500 0.028000 0.031000
0 0.288000 0.785500 0.024000 0.025000
0 0.756000 0.541000 0.019000 0.018000
0 0.357000 0.678500 0.024000 0.026000
0 0.686500 0.617000 0.015000 0.012000
0 0.535000 0.522000 0.019000 0.011000
0 0.718000 0.521500 0.029000 0.032000
0 0.778000 0.289750 0.018000 0.026500
0 0.651000 0.671000 0.022000 0.014000
0 0.152500 0.729000 0.017000 0.015000
0 0.441000 0.306500 0.018000 0.015000
0 0.343500 0.334500 0.018000 0.016000
0 0.357500 0.508500 0.018000 0.018000
0 0.304500 0.141000 0.014000 0.012000
0 0.619500 0.882000 0.016000 0.015000
0 0.555000 0.121000 0.014000 0.011000
0 0.674500 0.726500 0.019000 0.017000
0 0.413000 0.538500 0.016000 0.016000
0 0.485000 0.503000 0.012000 0.014000
0 0.425500 0.375500 0.024000 0.023000
0 0.521000 0.623500 0.016000 0.016000
0 0.194500 0.282500 0.021000 0.020000
0 0.653000 0.450000 0.010000 0.014000
0 0.551500 0.175000 0.015000 0.014000
0 0.266000 0.256000 0.025000 0.026000
0 0.387000 0.500500 0.015000 0.013000
0 0.405500 0.519500 0.033000 0.030000
0 0.898500 0.614500 0.025000 0.028000
0 0.408000 0.600250 0.016000 0.023500
0 0.220500 0.461000 0.025000 0.024000
0 0.593500 0.566000 0.010000 0.012000
0 0.251000 0.660000 0.016000 0.018000
0 0.481500 0.140500 0.016000 0.013000
0 0.394500 0.488000 0.024000 0.027000
0 0.478500 0.856000 0.022000 0.016000
0 0.216000 0.789000 0.009000 0.009000
0 0.299500 0.339500 0.021000 0.019000
0 0.548000 0.519500 0.009000 0.010000
0 0.326500 0.469000 0.017000 0.021000
0 0.394500 0.455500 0.020000 0.019000
0 0.575500 0.172000 0.028000 0.032000
0 0.303500 0.801000 0.022000 0.024000
0 0.714500 0.858000 0.024000 0.016000
0 0.301500 0.186500 0.020000 0.020000
0 0.311000 0.430000 0.017000 0.018000
0 0.326000 0.309000 0.022000 0.023000
0 0.528500 0.701500 0.024000 0.025000
0 0.555000 0.616500 0.011000 0.020000
0 0.477000 0.506000 0.024000 0.026000
0 0.081500 0.461000 0.018000 0.018000
0 0.588000 0.443000 0.014000 0.015000
0 0.464500 0.547500 0.012000 0.014000
0 0.275750 0.633500 0.026500 0.018000
0 0.578500 0.439500 0.026000 0.026000
0 0.251000 0.455500 0.028000 0.027000
0 0.311750 0.221500 0.011500 0.009000
0 0.273500 0.531500 0.028000 0.019000
0 0.705000 0.642000 0.022000 0.022000
0 0.831000 0.679500 0.019000 0.021000
0 0.587000 0.857500 0.016000 0.017000
0 0.718000 0.723000 0.008000 0.008000
0 0.567000 0.119000 0.015000 0.015000
0 0.544000 0.356500 0.021000 0.028000
0 0.376000 0.293000 0.027000 0.018000
0 0.511000 0.503000 0.017000 0.018000
0 0.586500 0.603000 0.016000 0.016000
0 0.483000 0.264500 0.017000 0.025000
0 0.787500 0.782500 0.017000 0.018000
0 0.531500 0.575500 0.013000 0.016000
0 0.542000 0.622500 0.019000 0.017000
0 0.809500 0.421500 0.022000 0.022000
0 0.369500 0.391500 0.021000 0.025000
0 0.589000 0.388500 0.017000 0.019000
0 0.724500 0.617000 0.012000 0.013000
0 0.440000 0.606000 0.023000 0.024000
0 0.570000 0.683500 0.015000 0.014000
0 0.638000 0.360000 0.020000 0.017000
0 0.297500 0.714000 0.022000 0.028000
0 0.630000 0.288000 0.031000 0.018000
0 0.634500 0.184000 0.015000 0.014000
0 0.537500 0.482500 0.022000 0.024000
0 0.515500 0.664000 0.019000 0.016000
0 0.483000 0.479000 0.013000 0.012000
0 0.465500 0.452500 0.015000 0.014000
0 0.557500 0.230000 0.026000 0.029000
0 0.151500 0.639000 0.027000 0.030000
0 0.214500 0.228500 0.017000 0.019000
0 0.203000 0.752500 0.017000 0.017000
0 0.306500 0.261500 0.016000 0.020000
0 0.552500 0.350500 0.022000 0.019000
0 0.584000 0.426000 0.015000 0.018000
0 0.292500 0.183000 0.020000 0.019000
0 0.402500 0.495500 0.011000 0.011000
0 0.441000 0.566000 0.027000 0.029000
0 0.305500 0.401000 0.016000 0.016000
0 0.477000 0.366000 0.022000 0.017000
0 0.500000 0.478000 0.023000 0.024000
0 0.198000 0.622500 0.013000 0.014000
0 0.351500 0.607250 0.016000 0.023500
0 0.376500 0.151000 0.010000 0.014000
0 0.496000 0.644500 0.021000 0.019000
0 0.809500 0.458500 0.025000 0.025000
0 0.407500 0.651500 0.024000 0.025000
0 0.456500 0.598500 0.011000 0.013000
0 0.254750 0.269250 0.018500 0.018500
0 0.566500 0.095000 0.011000 0.012000
0 0.633500 0.665000 0.019000 0.021000
0 0.370000 0.238000 0.019000 0.019000
0 0.316500 0.688000 0.009000 0.010000
0 0.505500 0.783500 0.028000 0.026000
0 0.390000 0.291000 0.017000 0.014000
0 0.650500 0.834000 0.014000 0.015000
0 0.237000 0.729000 0.030000 0.033000
0 0.337500 0.695500 0.025000 0.028000
0 0.844500 0.341500 0.018000 0.016000
0 0.541500 0.537500 0.013000 0.010000
0 0.499000 0.389000 0.016000 0.019000
0 0.325000 0.361000 0.022000 0.020000
0 0.226500 0.472500 0.032000 0.025000
0 0.497500 0.626000 0.016000 0.013000
0 0.509000 0.489500 0.014000 0.013000
0 0.464000 0.570500 0.021000 0.021000
0 0.560000 0.261000 0.016000 0.030000
0 0.760500 0.305000 0.032000 0.031000
0 0.485500 0.408500 0.021000 0.024000
0 0.413500 0.329000 0.011000 0.012000
0 0.595500 0.726500 0.022000 0.024000
0 0.643000 0.256500 0.017000 0.016000
0 0.763000 0.663000 0.023000 0.018000
0 0.193500 0.384000 0.028000 0.030000
0 0.781500 0.417000 0.023000 0.016000
0 0.808500 0.387500 0.023000 0.030000
0 0.440500 0.530500 0.012000 0.013000
0 0.628250 0.875500 0.020500 0.018000
0 0.250500 0.215000 0.016000 0.015000
0 0.472000 0.140500 0.019000 0.021000
0 0.170000 0.691000 0.011000 0.013000
0 0.468000 0.442000 0.018000 0.019000
0 0.512000 0.337500 0.014000 0.013000
0 0.542500 0.393500 0.017000 0.022000
0 0.430500 0.538500 0.028000 0.027000
0 0.599500 0.361000 0.010000 0.010000
0 0.490000 0.514000 0.015000 0.020000
0 0.662000 0.441500 0.017000 0.022000
0 0.870000 0.662500 0.019000 0.019000
0 0.435500 0.177000 0.013000 0.012000
0 0.511000 0.918500 0.016000 0.017000
0 0.496500 0.885000 0.030000 0.029000
0 0.333000 0.372000 0.024000 0.026000
0 0.579000 0.471500 0.032000 0.030000
0 0.377500 0.773500 0.017000 0.018000
0 0.531000 0.554000 0.016000 0.016000
0 0.759000 0.798250 0.018000 0.026500
0 0.545000 0.535500 0.014000 0.014000
0 0.386500 0.473500 0.012000 0.008000
0 0.640500 0.580500 0.020000 0.020000
0 0.639500 0.659500 0.011000 0.014000
0 0.725500 0.227000 0.027000 0.030000
0 0.729500 0.398000 0.022000 0.025000
0 0.188500 0.258000 0.023000 0.019000
0 0.445000 0.635000 0.012000 0.016000
0 0.751500 0.192000 0.019000 0.022000
0 0.552500 0.381000 0.016000 0.016000
0 0.125000 0.529500 0.023000 0.024000
0 0.267000 0.568000 0.031000 0.032000
0 0.406000 0.485000 0.018000 0.014000
0 0.633000 0.547500 0.013000 0.009000
0 0.342000 0.439500 0.014000 0.014000
0 0.593500 0.450500 0.018000 0.026000
0 0.609500 0.579500 0.032000 0.032000
0 0.553000 0.437500 0.024000 0.018000
0 0.496000 0.454000 0.017000 0.024000
0 0.639000 0.382500 0.017000 0.019000
0 0.350500 0.391000 0.016000 0.021000
0 0.399500 0.545500 0.023000 0.023000
0 0.258000 0.368000 0.018000 0.031000
0 0.538000 0.234000 0.024000 0.024000
0 0.647500 0.518000 0.014000 0.014000
0 0.333500 0.594000 0.014000 0.010000
0 0.518000 0.437000 0.013000 0.019000
0 0.484000 0.547500 0.022000 0.025000
0 0.446000 0.488500 0.012000 0.013000
0 0.444500 0.222500 0.016000 0.016000
0 0.264500 0.222500 0.021000 0.027000
0 0.300500 0.411500 0.019000 0.019000
0 0.611500 0.506500 0.012000 0.011000
0 0.653500 0.661500 0.021000 0.028000
0 0.435000 0.655000 0.023000 0.022000
0 0.519000 0.239000 0.013000 0.013000
0 0.844000 0.406000 0.016000 0.011000
0 0.869500 0.342000 0.014000 0.019000
0 0.285000 0.601750 0.020000 0.029500
0 0.359500 0.481500 0.019000 0.023000
0 0.467500 0.388500 0.018000 0.020000
0 0.539500 0.458000 0.015000 0.017000
0 0.886500 0.594500 0.017000 0.025000
0 0.384500 0.654500 0.022000 0.022000
0 0.537000 0.377000 0.018000 0.017000
0 0.358500 0.513500 0.034000 0.030000
0 0.837000 0.288000 0.031000 0.030000
0 0.161500 0.491000 0.023000 0.019000
0 0.458000 0.280500 0.027000 0.026000
0 0.605750 0.807500 0.029500 0.025000
0 0.694500 0.366500 0.018000 0.017000
0 0.600500 0.534500 0.019000 0.026000
0 0.461500 0.667000 0.026000 0.022000
0 0.498000 0.515500 0.021000 0.034000
0 0.331500 0.646000 0.022000 0.023000
0 0.258500 0.478500 0.019000 0.023000
0 0.768000 0.402500 0.011000 0.013000
0 0.279000 0.431500 0.028000 0.028000
0 0.503000 0.388500 0.019000 0.019000
0 0.800500 0.582500 0.020000 0.018000
0 0.696000 0.692500 0.022000 0.020000
0 0.577000 0.481000 0.014000 0.017000
0 0.347000 0.492500 0.033000 0.032000
0 0.454500 0.170500 0.018000 0.018000
0 0.542000 0.263500 0.012000 0.016000
0 0.791000 0.733500 0.020000 0.017000
0 0.164500 0.497000 0.020000 0.018000
0 0.464500 0.521250 0.018000 0.026500
0 0.450500 0.614000 0.025000 0.027000
0 0.298500 0.720000 0.016000 0.018000
0 0.529000 0.516000 0.020000 0.030000
0 0.488500 0.531000 0.013000 0.014000
0 0.596750 0.199000 0.020500 0.015000
0 0.386500 0.159000 0.025000 0.018000
0 0.268000 0.710000 0.025000 0.027000
0 0.449000 0.448500 0.016000 0.015000
0 0.868000 0.410000 0.031000 0.023000
0 0.338500 0.157500 0.032000 0.032000
0 0.608000 0.368000 0.011000 0.010000
0 0.359000 0.726000 0.022000 0.022000
0 0.702500 0.685000 0.024000 0.023000
0 0.492500 0.412500 0.010000 0.012000
0 0.425000 0.703500 0.024000 0.023000
0 0.709000 0.726500 0.019000 0.018000
0 0.720500 0.604000 0.026000 0.015000
0 0.390500 0.520000 0.024000 0.019000
0 0.690500 0.751500 0.015000 0.025000
0 0.528000 0.404000 0.018000 0.017000
0 0.509500 0.438000 0.023000 0.029000
0 0.155500 0.591500 0.016000 0.011000
0 0.224500 0.367500 0.022000 0.026000
0 0.534000 0.457000 0.022000 0.022000
0 0.240500 0.466000 0.023000 0.024000
0 0.613500 0.681000 0.029000 0.031000
0 0.208500 0.441000 0.019000 0.026000
0 0.827500 0.238000 0.022000 0.017000
0 0.825000 0.439500 0.024000 0.026000
0 0.502000 0.501000 0.015000 0.016000
0 0.310500 0.144500 0.015000 0.012000
0 0.452000 0.836000 0.021000 0.020000
0 0.646000 0.522500 0.020000 0.014000
0 0.603500 0.344000 0.016000 0.015000
0 0.403500 0.454000 0.023000 0.024000
0 0.315000 0.190500 0.025000 0.019000
0 0.437500 0.855500 0.019000 0.017000
0 0.522500 0.493500 0.016000 0.016000
0 0.539500 0.700500 0.019000 0.021000
0 0.506500 0.473500 0.030000 0.025000
0 0.498000 0.518000 0.017000 0.016000
0 0.502000 0.656500 0.028000 0.019000
0 0.726000 0.717500 0.019000 0.020000
0 0.316000 0.680000 0.025000 0.020000
0 0.431000 0.413500 0.023000 0.029000
0 0.211000 0.516000 0.014000 0.013000
0 0.401500 0.906000 0.013000 0.013000
0 0.293000 0.706500 0.021000 0.028000
0 0.250000 0.790000 0.015000 0.016000
0 0.735500 0.565000 0.029000 0.021000
0 0.503000 0.206000 0.026000 0.030000
0 0.725000 0.479000 0.015000 0.018000
0 0.491000 0.536500 0.025000 0.027000
0 0.113000 0.412000 0.021000 0.022000
0 0.712000 0.619000 0.016000 0.011000
0 0.338500 0.630500 0.015000 0.013000
0 0.282500 0.184500 0.015000 0.015000
0 0.107500 0.356000 0.018000 0.017000
0 0.260000 0.262000 0.013000 0.013000
0 0.537500 0.513500 0.017000 0.017000
0 0.564250 0.465000 0.017500 0.014000
0 0.798000 0.768000 0.017000 0.017000
0 0.652500 0.647000 0.022000 0.015000
0 0.324500 0.721000 0.014000 0.024000
0 0.238500 0.383000 0.033000 0.024000
0 0.602500 0.438000 0.023000 0.020000
0 0.392000 0.823000 0.035000 0.035000
0 0.342000 0.486250 0.013000 0.014500
0 0.808500 0.639000 0.017000 0.014000
0 0.748000 0.404500 0.011000 0.016000
0 0.447000 0.838000 0.011000 0.012000
0 0.455500 0.568000 0.019000 0.026000
0 0.500000 0.157500 0.015000 0.014000
0 0.275500 0.390000 0.018000 0.017000
0 0.890000 0.381500 0.024000 0.025000
0 0.253000 0.422500 0.015000 0.016000
0 0.343000 0.845000 0.009000 0.011000
0 0.787000 0.716000 0.031000 0.028000
0 0.317500 0.815500 0.024000 0.024000
0 0.541500 0.314000 0.023000 0.023000
0 0.519000 0.209500 0.018000 0.014000
0 0.368000 0.351000 0.010000 0.018000
0 0.763500 0.378500 0.015000 0.014000
0 0.279500 0.265500 0.023000 0.023000
0 0.539500 0.426000 0.021000 0.021000
0 0.115000 0.591000 0.024000 0.030000
0 0.532500 0.500500 0.021000 0.025000
0 0.284500 0.688500 0.021000 0.021000
0 0.636000 0.767500 0.023000 0.027000
0 0.316000 0.485000 0.014000 0.013000
0 0.505000 0.508500 0.019000 0.017000
0 0.615000 0.237500 0.019000 0.025000
0 0.818500 0.600000 0.028000 0.028000
0 0.316000 0.697500 0.018000 0.018000
0 0.523000 0.489750 0.013000 0.017500
0 0.843000 0.529500 0.025000 0.025000
0 0.753000 0.630500 0.023000 0.024000
0 0.259500 0.803500 0.029000 0.031000
0 0.577500 0.658000 0.029000 0.030000
0 0.485000 0.765000 0.016000 0.013000
0 0.491500 0.472000 0.017000 0.022000
0 0.597500 0.379500 0.023000 0.027000
0 0.799500 0.341500 0.028000 0.027000
0 0.276000 0.249500 0.027000 0.027000
0 0.269500 0.601500 0.025000 0.021000
0 0.513000 0.456000 0.026000 0.021000
0 0.708000 0.363500 0.018000 0.017000
0 0.779000 0.389000 0.024000 0.016000
0 0.851500 0.475500 0.028000 0.029000
0 0.205000 0.744000 0.019000 0.019000
0 0.219000 0.367000 0.018000 0.021000
0 0.628000 0.582500 0.020000 0.017000
0 0.357500 0.390500 0.029000 0.027000
0 0.494000 0.829500 0.011000 0.010000
0 0.485000 0.311500 0.025000 0.035000
0 0.689500 0.840000 0.017000 0.015000
0 0.495500 0.231000 0.014000 0.020000
0 0.364000 0.571000 0.014000 0.014000
0 0.462000 0.559500 0.023000 0.019000
0 0.576500 0.424000 0.011000 0.014000
0 0.631000 0.633000 0.027000 0.029000
0 0.179500 0.577000 0.024000 0.024000
0 0.528250 0.762000 0.026500 0.018000
0 0.152000 0.401000 0.016000 0.017000
0 0.738500 0.533000 0.013000 0.010000
0 0.204000 0.296500 0.034000 0.033000
0 0.590000 0.416000 0.014000 0.012000
0 0.651000 0.575000 0.020000 0.021000
0 0.523500 0.679000 0.019000 0.017000
0 0.352000 0.256500 0.032000 0.023000
0 0.106000 0.613000 0.019000 0.028000
0 0.490500 0.268500 0.014000 0.016000
0 0.366500 0.306500 0.013000 0.010000
0 0.269500 0.271000 0.012000 0.012000
0 0.631000 0.301500 0.015000 0.011000
0 0.524500 0.473000 0.029000 0.030000
0 0.513000 0.639500 0.013000 0.010000
0 0.897500 0.381500 0.015000 0.019000
0 0.527000 0.476500 0.013000 0.015000
0 0.226500 0.754500 0.014000 0.014000
0 0.446000 0.767000 0.023000 0.025000
0 0.826000 0.400500 0.022000 0.025000
0 0.279500 0.663250 0.022000 0.029500
0 0.805500 0.286000 0.024000 0.018000
0 0.354500 0.433000 0.015000 0.014000
0 0.583000 0.622000 0.032000 0.028000
0 0.343000 0.704000 0.022000 0.021000
0 0.571000 0.440500 0.018000 0.022000
0 0.260500 0.709000 0.019000 0.022000
0 0.464000 0.262500 0.014000 0.015000
0 0.454000 0.249000 0.020000 0.019000
0 0.678000 0.839500 0.023000 0.025000
0 0.414000 0.553000 0.031000 0.031000
0 0.705000 0.695500 0.030000 0.027000
0 0.419500 0.413500 0.013000 0.012000
0 0.406500 0.567000 0.020000 0.032000
0 0.207500 0.203500 0.021000 0.020000
0 0.453000 0.558000 0.019000 0.020000
0 0.288500 0.204000 0.025000 0.025000
0 0.684500 0.513000 0.011000 0.012000
0 0.419000 0.580500 0.013000 0.013000
0 0.486000 0.346000 0.017000 0.025000
0 0.512500 0.522500 0.026000 0.019000
0 0.446500 0.886500 0.015000 0.020000
0 0.431500 0.336000 0.016000 0.015000
0 0.263500 0.497000 0.019000 0.014000
0 0.700000 0.346000 0.021000 0.026000
0 0.768000 0.200000 0.008000 0.008000
0 0.099500 0.474000 0.025000 0.026000
0 0.650500 0.204000 0.031000 0.026000
0 0.588500 0.849500 0.015000 0.014000
0 0.630500 0.653000 0.022000 0.018000
0 0.467500 0.254000 0.014000 0.010000
0 0.541500 0.840500 0.020000 0.025000
0 0.569500 0.909500 0.024000 0.026000
0 0.291000 0.419500 0.013000 0.014000
0 0.232500 0.542000 0.016000 0.016000
0 0.507000 0.224000 0.016000 0.016000
0 0.472500 0.506000 0.014000 0.013000
0 0.564000 0.127500 0.013000 0.010000
0 0.213000 0.345500 0.018000 0.014000
0 0.659000 0.494000 0.011000 0.014000
0 0.498500 0.223000 0.017000 0.016000
0 0.738500 0.476000 0.021000 0.016000
0 0.512500 0.566500 0.025000 0.025000
0 0.319500 0.565500 0.012000 0.022000
0 0.341500 0.260500 0.029000 0.025000
0 0.635000 0.760000 0.027000 0.023000
0 0.506500 0.843500 0.016000 0.010000
0 0.509500 0.536000 0.013000 0.017000
0 0.319500 0.232500 0.027000 0.028000
0 0.657500 0.255000 0.011000 0.010000
0 0.857500 0.294500 0.013000 0.015000
0 0.439000 0.513000 0.015000 0.022000
0 0.458000 0.111500 0.013000 0.012000
0 0.805250 0.740250 0.028500 0.029500
0 0.682000 0.318500 0.019000 0.019000
0 0.324500 0.273000 0.019000 0.015000
0 0.383000 0.562500 0.016000 0.025000
0 0.303000 0.480000 0.016000 0.016000
0 0.759000 0.561000 0.012000 0.009000
0 0.733500 0.744000 0.021000 0.022000
0 0.441000 0.256500 0.030000 0.023000
0 0.434000 0.370500 0.027000 0.028000
0 0.498500 0.498000 0.021000 0.022000
0 0.166500 0.561000 0.021000 0.023000
0 0.435500 0.735000 0.031000 0.026000
0 0.583000 0.259000 0.014000 0.013000
0 0.269500 0.245500 0.016000 0.017000
0 0.091500 0.557500 0.029000 0.029000
0 0.472500 0.731500 0.013000 0.013000
0 0.435500 0.147000 0.019000 0.022000
0 0.669000 0.800000 0.024000 0.028000
0 0.721500 0.411500 0.030000 0.023000
0 0.472500 0.512000 0.012000 0.014000
0 0.769500 0.784500 0.022000 0.033000
0 0.175000 0.385500 0.014000 0.013000
0 0.474500 0.446000 0.020000 0.019000
0 0.672500 0.645500 0.027000 0.026000
0 0.608500 0.454500 0.020000 0.022000
0 0.419500 0.488000 0.015000 0.013000
0 0.463500 0.722500 0.017000 0.020000
0 0.221000 0.719000 0.021000 0.030000
0 0.421500 0.554000 0.029000 0.024000
0 0.522500 0.558500 0.021000 0.021000
0 0.157500 0.515000 0.014000 0.015000
0 0.535500 0.565000 0.014000 0.015000
0 0.636000 0.246000 0.015000 0.016000
0 0.281500 0.577000 0.017000 0.015000
0 0.460000 0.452500 0.029000 0.029000
0 0.396500 0.438000 0.034000 0.024000
0 0.297500 0.537500 0.024000 0.026000
0 0.617500 0.434000 0.021000 0.022000
0 0.289000 0.480500 0.027000 0.025000
0 0.716000 0.610000 0.019000 0.015000
0 0.551500 0.413000 0.016000 0.016000
0 0.152500 0.373500 0.023000 0.025000
0 0.638000 0.269000 0.013000 0.010000
0 0.295500 0.855500 0.013000 0.016000
0 0.844000 0.602000 0.015000 0.012000
0 0.507000 0.415000 0.021000 0.020000
0 0.175000 0.711000 0.018000 0.018000
0 0.525000 0.440500 0.021000 0.019000
0 0.577500 0.500500 0.021000 0.018000
0 0.507000 0.354500 0.008000 0.011000
0 0.758500 0.795000 0.028000 0.028000
0 0.795000 0.287000 0.020000 0.013000
0 0.819500 0.608000 0.022000 0.022000
0 0.264000 0.303000 0.017000 0.016000
0 0.478500 0.497500 0.025000 0.019000
0 0.310500 0.601000 0.021000 0.022000
0 0.549500 0.754500 0.022000 0.016000
0 0.587500 0.874500 0.010000 0.013000
0 0.383000 0.105000 0.027000 0.025000
0 0.568500 0.705000 0.017000 0.015000
0 0.382000 0.853000 0.030000 0.024000
0 0.440500 0.521500 0.012000 0.013000
0 0.423500 0.652500 0.025000 0.019000
0 0.398500 0.586000 0.013000 0.016000
0 0.332000 0.117000 0.018000 0.019000
0 0.455500 0.357000 0.025000 0.026000
0 0.597250 0.576000 0.026500 0.018000
0 0.795000 0.464000 0.014000 0.012000
0 0.831000 0.726500 0.013000 0.013000
0 0.462500 0.543000 0.028000 0.028000
0 0.453000 0.693500 0.023000 0.021000
0 0.689000 0.546000 0.025000 0.028000
0 0.226500 0.618000 0.018000 0.023000
0 0.779500 0.378500 0.017000 0.018000
0 0.685750 0.818500 0.020500 0.014000
0 0.783000 0.478500 0.009000 0.010000
0 0.402000 0.470000 0.028000 0.027000
0 0.381000 0.102500 0.016000 0.017000
0 0.857000 0.354500 0.017000 0.017000
0 0.485500 0.569500 0.015000 0.014000
0 0.384250 0.555750 0.022500 0.022500
0 0.847500 0.594500 0.020000 0.015000
0 0.108500 0.584500 0.029000 0.019000
0 0.697500 0.464500 0.011000 0.011000
0 0.547000 0.505500 0.014000 0.017000
0 0.438000 0.577000 0.016000 0.023000
0 0.735500 0.543500 0.027000 0.026000
0 0.191500 0.712500 0.015000 0.012000
0 0.378000 0.312000 0.015000 0.014000
0 0.365500 0.544500 0.027000 0.028000
0 0.228500 0.391500 0.010000 0.009000
0 0.496000 0.211500 0.022000 0.032000
0 0.412500 0.221000 0.017000 0.017000
0 0.580500 0.571500 0.018000 0.019000
0 0.355500 0.282500 0.016000 0.021000
0 0.476000 0.383500 0.023000 0.023000
0 0.597500 0.105500 0.020000 0.022000
0 0.642500 0.808000 0.016000 0.019000
0 0.463500 0.738000 0.017000 0.015000
0 0.508500 0.615000 0.036000 0.034000
0 0.578500 0.538000 0.013000 0.013000
0 0.530500 0.547500 0.022000 0.022000
0 0.725500 0.494500 0.026000 0.020000
0 0.708500 0.744500 0.015000 0.016000
0 0.500500 0.260500 0.013000 0.012000
0 0.704500 0.367000 0.016000 0.019000
0 0.227500 0.575500 0.016000 0.010000
0 0.396000 0.807000 0.019000 0.024000
0 0.507500 0.718500 0.010000 0.011000
0 0.269500 0.310500 0.023000 0.025000
0 0.229500 0.216000 0.009000 0.014000
0 0.362000 0.304500 0.026000 0.028000
0 0.279500 0.210000 0.017000 0.015000
0 0.699000 0.617000 0.023000 0.022000
0 0.529000 0.497000 0.022000 0.031000
0 0.415000 0.472000 0.026000 0.030000
0 0.639000 0.457000 0.027000 0.025000
0 0.440500 0.420000 0.021000 0.020000
0 0.247000 0.695500 0.025000 0.020000
0 0.739000 0.316000 0.018000 0.019000
0 0.668500 0.384000 0.016000 0.015000
0 0.717500 0.378500 0.016000 0.016000
0 0.154000 0.499000 0.019000 0.018000
0 0.684000 0.495750 0.026000 0.032500
0 0.653500 0.346000 0.018000 0.016000
0 0.513500 0.599500 0.024000 0.019000
0 0.351000 0.585500 0.023000 0.025000
0 0.819500 0.315000 0.025000 0.021000
0 0.392000 0.293500 0.020000 0.020000
0 0.233500 0.593500 0.026000 0.018000
0 0.410000 0.402000 0.023000 0.018000
0 0.312000 0.848500 0.020000 0.017000
0 0.504000 0.335000 0.027000 0.032000
0 0.608500 0.596000 0.013000 0.012000
0 0.560000 0.538000 0.022000 0.031000
0 0.617500 0.256000 0.024000 0.021000
0 0.544000 0.711500 0.012000 0.016000
0 0.837000 0.699500 0.012000 0.009000
0 0.548500 0.236500 0.021000 0.027000
0 0.445000 0.544000 0.026000 0.026000
0 0.603000 0.396500 0.019000 0.021000
0 0.555500 0.579500 0.019000 0.016000
0 0.400500 0.288500 0.024000 0.018000
0 0.542000 0.608000 0.024000 0.024000
0 0.475000 0.702500 0.026000 0.024000
0 0.724500 0.625500 0.029000 0.026000
0 0.240500 0.238500 0.015000 0.013000
0 0.484000 0.526500 0.024000 0.023000
0 0.309500 0.291500 0.013000 0.014000
0 0.582500 0.678000 0.019000 0.018000
0 0.191000 0.735000 0.018000 0.022000
0 0.413500 0.568500 0.024000 0.018000
0 0.621000 0.442000 0.018000 0.023000
0 0.533000 0.340500 0.029000 0.023000
0 0.829000 0.706500 0.024000 0.024000
0 0.288000 0.309500 0.036000 0.036000
0 0.303000 0.501500 0.029000 0.030000
0 0.400000 0.702500 0.017000 0.018000
0 0.651500 0.434000 0.017000 0.021000
0 0.425000 0.791000 0.028000 0.029000
0 0.518000 0.790000 0.028000 0.019000
0 0.533500 0.437500 0.026000 0.028000
0 0.432500 0.721000 0.033000 0.031000
0 0.594000 0.401000 0.024000 0.029000
0 0.435000 0.464500 0.019000 0.015000
0 0.373500 0.532500 0.019000 0.019000
0 0.581000 0.308000 0.011000 0.012000
0 0.693000 0.264000 0.027000 0.022000
0 0.504000 0.684500 0.015000 0.023000
0 0.887750 0.442500 0.023500 0.016000
0 0.807500 0.725000 0.022000 0.016000
0 0.554000 0.242500 0.028000 0.030000
0 0.551000 0.335000 0.018000 0.019000
0 0.540000 0.443500 0.017000 0.015000
0 0.370000 0.586000 0.014000 0.012000
0 0.842500 0.559000 0.028000 0.032000
0 0.401000 0.154500 0.013000 0.012000
0 0.758000 0.653500 0.023000 0.021000
0 0.595000 0.898000 0.010000 0.009000
0 0.332000 0.471500 0.018000 0.016000
0 0.265500 0.488500 0.020000 0.019000
0 0.342500 0.525000 0.010000 0.011000
0 0.412500 0.483000 0.016000 0.014000
0 0.359000 0.146000 0.018000 0.017000