0 0.258500 0.528500 0.024000 0.022000
0 0.554000 0.419000 0.024000 0.019000
0 0.171500 0.523000 0.026000 0.024000
0 0.529500 0.787000 0.018000 0.018000
0 0.516000 0.669500 0.026000 0.024000
0 0.552500 0.599500 0.026000 0.029000
0 0.288500 0.754500 0.029000 0.027000
0 0.423500 0.501500 0.020000 0.017000
0 0.538500 0.671000 0.016000 0.017000
0 0.567000 0.107000 0.024000 0.024000
0 0.123500 0.567500 0.012000 0.013000
0 0.126500 0.472000 0.013000 0.011000
0 0.468500 0.485500 0.014000 0.014000
0 0.369500 0.412500 0.025000 0.025000
0 0.482000 0.545000 0.019000 0.017000
0 0.705500 0.536250 0.018000 0.026500
0 0.628500 0.436500 0.015000 0.017000
0 0.457000 0.697000 0.011000 0.012000
0 0.296000 0.673500 0.018000 0.024000
0 0.518000 0.508000 0.024000 0.019000
0 0.625000 0.294500 0.011000 0.014000
0 0.570000 0.450000 0.021000 0.020000
0 0.535000 0.418500 0.019000 0.017000
0 0.312000 0.530500 0.018000 0.016000
0 0.747000 0.287500 0.023000 0.022000
0 0.524500 0.559000 0.028000 0.021000
0 0.524500 0.448000 0.017000 0.022000
0 0.174500 0.752500 0.021000 0.024000
0 0.509500 0.543250 0.008000 0.011500
0 0.480000 0.300500 0.015000 0.013000
0 0.445000 0.853500 0.013000 0.018000
0 0.722500 0.192500 0.009000 0.011000
0 0.348000 0.447500 0.011000 0.011000
0 0.669500 0.766500 0.014000 0.012000
0 0.245000 0.787500 0.018000 0.025000
0 0.454500 0.546500 0.019000 0.018000
0 0.535000 0.509000 0.008000 0.010000
0 0.835500 0.432000 0.014000 0.015000
0 0.510000 0.773500 0.016000 0.015000
0 0.370000 0.761500 0.025000 0.024000
0 0.825500 0.373500 0.020000 0.020000
0 0.570500 0.572500 0.015000 0.013000
0 0.700000 0.412000 0.021000 0.020000
0 0.873500 0.648000 0.026000 0.020000
0 0.565500 0.457500 0.025000 0.026000
0 0.566000 0.244000 0.020000 0.012000
0 0.629000 0.114000 0.017000 0.012000
0 0.634000 0.145500 0.013000 0.014000
0 0.511000 0.183500 0.013000 0.019000
0 0.723500 0.276000 0.020000 0.019000
0 0.648000 0.570500 0.019000 0.014000
0 0.541500 0.700500 0.016000 0.016000
0 0.697000 0.532500 0.025000 0.022000
0 0.563000 0.441500 0.026000 0.024000
0 0.588500 0.595000 0.017000 0.016000
0 0.783500 0.494500 0.016000 0.012000
0 0.502000 0.496500 0.024000 0.028000
0 0.463000 0.492000 0.031000 0.020000
0 0.526500 0.363000 0.015000 0.013000
0 0.705500 0.508000 0.019000 0.020000
0 0.491500 0.525500 0.018000 0.021000
0 0.581500 0.737500 0.019000 0.015000
0 0.481000 0.722500 0.025000 0.027000
0 0.430000 0.250500 0.020000 0.013000
0 0.256000 0.608000 0.018000 0.016000
0 0.340500 0.415500 0.012000 0.016000
0 0.628500 0.504500 0.018000 0.017000
0 0.561000 0.569500 0.016000 0.016000
0 0.561500 0.562500 0.022000 0.026000
0 0.500000 0.498500 0.017000 0.016000
0 0.761500 0.759000 0.022000 0.022000
0 0.445000 0.136000 0.013000 0.015000
0 0.544500 0.670000 0.032000 0.022000
0 0.574500 0.315000 0.015000 0.015000
0 0.721000 0.296500 0.019000 0.017000
0 0.127000 0.600500 0.018000 0.019000
0 0.355000 0.541500 0.013000 0.011000
0 0.430250 0.625500 0.014500 0.012000
0 0.406500 0.530000 0.010000 0.013000
0 0.817000 0.581000 0.022000 0.017000
0 0.302000 0.610000 0.019000 0.019000
0 0.793000 0.454500 0.031000 0.024000
0 0.724500 0.503500 0.022000 0.022000
0 0.322000 0.806000 0.024000 0.023000
0 0.664500 0.574000 0.026000 0.029000
0 0.499500 0.607500 0.012000 0.009000
0 0.631500 0.434500 0.026000 0.026000
0 0.565500 0.529500 0.015000 0.015000
0 0.483000 0.508000 0.023000 0.019000
0 0.593000 0.550500 0.011000 0.018000
0 0.227000 0.384000 0.019000 0.021000
0 0.377000 0.614500 0.020000 0.021000
0 0.603000 0.605500 0.012000 0.013000
0 0.298500 0.743000 0.019000 0.020000
0 0.733000 0.339500 0.020000 0.011000
0 0.508000 0.485500 0.027000 0.021000
0 0.573000 0.478000 0.013000 0.016000
0 0.479500 0.222500 0.015000 0.016000
0 0.746000 0.274500 0.016000 0.017000
0 0.716000 0.674000 0.011000 0.016000
0 0.685000 0.593000 0.010000 0.010000
0 0.316500 0.353000 0.023000 0.023000
0 0.510500 0.478000 0.018000 0.015000
0 0.333000 0.747000 0.017000 0.018000
0 0.647500 0.515000 0.019000 0.017000
0 0.703000 0.305000 0.017000 0.015000
0 0.339000 0.171500 0.014000 0.017000
0 0.283500 0.158500 0.015000 0.015000
0 0.666000 0.368000 0.034000 0.035000
0 0.754500 0.320000 0.026000 0.029000
0 0.530500 0.547000 0.033000 0.033000
0 0.507000 0.467500 0.020000 0.024000
0 0.588000 0.333000 0.022000 0.015000
0 0.548000 0.285250 0.016000 0.023500
0 0.270000 0.358000 0.014000 0.013000
0 0.691500 0.503000 0.018000 0.015000
0 0.787500 0.221500 0.015000 0.018000
0 0.810500 0.686000 0.018000 0.017000
0 0.859000 0.526500 0.008000 0.008000
0 0.465000 0.332500 0.019000 0.025000
0 0.283500 0.823000 0.016000 0.015000
0 0.570500 0.513500 0.011000 0.013000
0 0.727500 0.436000 0.014000 0.018000
0 0.270500 0.440500 0.015000 0.019000
0 0.725500 0.572500 0.024000 0.025000
0 0.588000 0.282500 0.016000 0.013000
0 0.502000 0.693000 0.020000 0.020000
0 0.528000 0.711000 0.015000 0.014000
0 0.578000 0.541000 0.021000 0.023000
0 0.731500 0.782500 0.013000 0.012000
0 0.245000 0.652000 0.019000 0.027000
0 0.644500 0.309500 0.022000 0.015000
0 0.355000 0.676500 0.021000 0.025000
0 0.430500 0.727000 0.013000 0.019000
0 0.493000 0.533500 0.022000 0.019000
0 0.569500 0.732500 0.027000 0.015000
0 0.543000 0.471500 0.026000 0.020000
0 0.422000 0.422500 0.024000 0.024000
0 0.470000 0.716500 0.010000 0.016000
0 0.620500 0.477000 0.020000 0.024000
0 0.176000 0.732500 0.024000 0.023000
0 0.462500 0.370500 0.025000 0.016000
0 0.810000 0.588000 0.023000 0.025000
0 0.516000 0.568000 0.016000 0.022000
0 0.413500 0.693000 0.033000 0.035000
0 0.439500 0.725500 0.014000 0.013000
0 0.897500 0.631000 0.012000 0.013000
0 0.463500 0.288000 0.019000 0.019000
0 0.496500 0.546500 0.018000 0.018000
0 0.676500 0.177500 0.010000 0.013000
0 0.587000 0.542500 0.029000 0.023000
0 0.274000 0.728000 0.020000 0.029000
0 0.825000 0.641500 0.024000 0.028000
0 0.848000 0.357000 0.019000 0.010000
0 0.593500 0.438500 0.021000 0.020000
0 0.542000 0.606500 0.023000 0.027000
0 0.328000 0.315500 0.025000 0.021000
0 0.217000 0.586000 0.020000 0.025000
0 0.586500 0.630500 0.019000 0.024000
0 0.448000 0.330000 0.016000 0.016000
0 0.453000 0.785500 0.021000 0.021000
0 0.458500 0.517500 0.019000 0.019000
0 0.408000 0.210500 0.018000 0.019000
0 0.822500 0.469000 0.010000 0.010000
0 0.644000 0.360000 0.017000 0.020000
0 0.264500 0.823500 0.023000 0.027000
0 0.503500 0.274500 0.015000 0.015000
0 0.418000 0.405000 0.026000 0.021000
0 0.488000 0.493000 0.013000 0.019000
0 0.726500 0.583500 0.030000 0.024000
0 0.687500 0.251500 0.010000 0.008000
0 0.448000 0.392500 0.020000 0.026000
0 0.743000 0.300500 0.026000 0.021000
0 0.477000 0.805000 0.019000 0.015000
0 0.366500 0.514500 0.017000 0.016000
0 0.583500 0.478500 0.018000 0.016000
0 0.357500 0.715500 0.016000 0.029000
0 0.770250 0.558500 0.014500 0.012000
0 0.099000 0.612000 0.021000 0.021000
0 0.496000 0.610000 0.023000 0.025000
0 0.719000 0.322000 0.011000 0.012000
0 0.436000 0.218000 0.021000 0.021000
0 0.296250 0.233000 0.020500 0.017000
0 0.585000 0.374000 0.020000 0.028000
0 0.176000 0.540500 0.024000 0.025000
0 0.437000 0.503000 0.017000 0.018000
0 0.479500 0.822500 0.016000 0.010000
0 0.568500 0.492500 0.023000 0.018000
0 0.818500 0.683500 0.019000 0.017000
0 0.693000 0.127500 0.022000 0.018000
0 0.765500 0.518000 0.020000 0.020000
0 0.568500 0.536500 0.017000 0.016000
0 0.695500 0.395500 0.016000 0.013000
0 0.395500 0.364500 0.017000 0.018000
0 0.205000 0.758000 0.024000 0.025000
0 0.658500 0.183000 0.029000 0.028000
0 0.503000 0.671500 0.022000 0.016000
0 0.622500 0.564000 0.022000 0.022000
0 0.160500 0.254000 0.026000 0.020000
0 0.382000 0.147500 0.023000 0.025000
0 0.217000 0.753000 0.016000 0.015000
0 0.492500 0.128000 0.016000 0.015000
0 0.517000 0.710000 0.021000 0.022000
0 0.316000 0.620000 0.017000 0.016000
0 0.309000 0.220000 0.017000 0.017000
0 0.476500 0.394500 0.011000 0.013000
0 0.594000 0.232000 0.024000 0.027000
0 0.541000 0.717500 0.018000 0.024000
0 0.556000 0.843500 0.014000 0.017000
0 0.563000 0.127500 0.014000 0.017000
0 0.271500 0.242000 0.028000 0.028000
0 0.605000 0.835000 0.018000 0.016000
0 0.709000 0.651000 0.031000 0.026000
0 0.517000 0.500500 0.021000 0.028000
0 0.787500 0.600500 0.030000 0.033000
0 0.483500 0.695000 0.024000 0.019000
0 0.425000 0.465500 0.026000 0.024000
0 0.784500 0.674500 0.015000 0.016000
0 0.217000 0.478000 0.020000 0.019000
0 0.458500 0.493500 0.023000 0.021000
0 0.324000 0.500500 0.019000 0.021000
0 0.529000 0.602000 0.009000 0.009000
0 0.426000 0.674000 0.022000 0.021000
0 0.526000 0.330000 0.011000 0.011000
0 0.513000 0.670500 0.013000 0.011000
0 0.158500 0.689500 0.019000 0.022000
0 0.553500 0.353000 0.013000 0.018000
0 0.343500 0.761000 0.019000 0.023000
0 0.436500 0.690500 0.014000 0.011000
0 0.468500 0.497500 0.011000 0.010000
0 0.147000 0.352500 0.021000 0.026000
0 0.217500 0.272500 0.019000 0.022000
0 0.524000 0.286000 0.025000 0.026000
0 0.447000 0.793000 0.028000 0.027000
0 0.274500 0.784500 0.017000 0.014000
0 0.500000 0.332000 0.013000 0.014000
0 0.315000 0.393000 0.024000 0.023000
0 0.520000 0.347000 0.016000 0.023000
0 0.242500 0.402000 0.011000 0.014000
0 0.388500 0.391500 0.014000 0.014000
0 0.142500 0.345500 0.014000 0.017000
0 0.529000 0.498500 0.016000 0.016000
0 0.330500 0.808500 0.025000 0.022000
0 0.871000 0.619000 0.027000 0.028000
0 0.365000 0.326500 0.018000 0.022000
0 0.597000 0.450000 0.023000 0.025000
0 0.630500 0.870000 0.022000 0.022000
0 0.402000 0.257500 0.025000 0.028000
0 0.312000 0.574500 0.028000 0.036000
0 0.372000 0.610000 0.009000 0.011000
0 0.267000 0.777500 0.016000 0.016000
0 0.368000 0.812500 0.015000 0.014000
0 0.433500 0.477000 0.014000 0.018000
0 0.651500 0.295500 0.020000 0.014000
0 0.726500 0.381500 0.019000 0.016000
0 0.276000 0.702500 0.026000 0.019000
0 0.683000 0.463000 0.021000 0.023000
0 0.750500 0.232250 0.012000 0.014500
0 0.434500 0.108000 0.026000 0.025000
0 0.426000 0.541500 0.019000 0.018000
0 0.511500 0.233000 0.019000 0.011000
0 0.378000 0.485500 0.027000 0.026000
0 0.744500 0.456500 0.022000 0.023000
0 0.406750 0.373500 0.026500 0.020000
0 0.475000 0.701500 0.018000 0.019000
0 0.247000 0.372500 0.014000 0.019000
0 0.362000 0.528500 0.020000 0.016000
0 0.646000 0.693500 0.023000 0.022000
0 0.381500 0.374000 0.015000 0.015000
0 0.472500 0.496000 0.024000 0.023000
0 0.676500 0.487500 0.013000 0.009000
0 0.314500 0.547500 0.013000 0.012000
0 0.546750 0.503500 0.023500 0.023000
0 0.567500 0.431000 0.009000 0.011000
0 0.491500 0.458000 0.012000 0.016000
0 0.439000 0.438000 0.029000 0.029000
0 0.613500 0.739000 0.019000 0.022000
0 0.425000 0.105500 0.017000 0.018000
0 0.359000 0.332000 0.022000 0.025000
0 0.718500 0.631000 0.021000 0.021000
0 0.367000 0.645000 0.021000 0.021000
0 0.430500 0.367500 0.018000 0.019000
0 0.215500 0.238000 0.009000 0.009000
0 0.528500 0.271000 0.023000 0.030000
0 0.518000 0.229000 0.014000 0.010000
0 0.606500 0.433500 0.017000 0.022000
0 0.587000 0.287000 0.017000 0.018000
0 0.818000 0.438500 0.015000 0.014000
0 0.608000 0.592000 0.020000 0.020000
0 0.297500 0.520500 0.009000 0.009000
0 0.270000 0.587750 0.016000 0.023500
0 0.601500 0.744000 0.017000 0.018000
0 0.484000 0.518500 0.016000 0.011000
0 0.544500 0.463500 0.025000 0.033000
0 0.581000 0.612250 0.021000 0.026500
0 0.578500 0.435000 0.027000 0.030000
0 0.767000 0.410000 0.033000 0.035000
0 0.484000 0.273500 0.015000 0.014000
0 0.584500 0.497500 0.020000 0.019000
0 0.495500 0.393500 0.025000 0.022000
0 0.511500 0.502500 0.025000 0.015000
0 0.821000 0.527000 0.014000 0.014000
0 0.561500 0.615000 0.019000 0.022000
0 0.515000 0.418500 0.035000 0.023000
0 0.685000 0.683500 0.030000 0.021000
0 0.628000 0.700500 0.017000 0.022000
0 0.625500 0.195000 0.015000 0.020000
0 0.380250 0.404500 0.014500 0.011000
0 0.673500 0.380000 0.029000 0.021000
0 0.571000 0.164000 0.019000 0.016000
0 0.767000 0.276500 0.027000 0.020000
0 0.425000 0.413500 0.026000 0.027000
0 0.489000 0.585500 0.018000 0.018000
0 0.585000 0.480000 0.009000 0.017000
0 0.448500 0.358000 0.011000 0.008000
0 0.546500 0.588500 0.021000 0.024000
0 0.553000 0.688000 0.031000 0.022000
0 0.596500 0.820500 0.020000 0.019000
0 0.353000 0.506000 0.018000 0.018000
0 0.479500 0.727500 0.015000 0.014000
0 0.582000 0.186000 0.015000 0.020000
0 0.491000 0.435500 0.011000 0.011000
0 0.455000 0.489500 0.027000 0.024000
0 0.529000 0.649000 0.019000 0.018000
0 0.694000 0.762000 0.012000 0.010000
0 0.413000 0.519000 0.024000 0.024000
0 0.447000 0.409500 0.010000 0.010000
0 0.458500 0.337500 0.035000 0.032000
0 0.482000 0.440500 0.018000 0.015000
0 0.442500 0.550500 0.020000 0.023000
0 0.504500 0.463500 0.019000 0.014000
0 0.139000 0.470000 0.019000 0.022000
0 0.477500 0.179000 0.031000 0.031000
0 0.276000 0.202250 0.018000 0.023500
0 0.525000 0.461000 0.025000 0.023000
0 0.486000 0.344000 0.021000 0.021000
0 0.685000 0.487500 0.016000 0.016000
0 0.242500 0.619000 0.018000 0.022000
0 0.558000 0.257500 0.010000 0.012000
0 0.408000 0.176000 0.032000 0.033000
0 0.776000 0.686500 0.020000 0.021000
0 0.701500 0.616500 0.024000 0.025000
0 0.408500 0.713000 0.024000 0.030000
0 0.713500 0.732750 0.018000 0.026500
0 0.374000 0.713500 0.021000 0.022000
0 0.537000 0.189000 0.022000 0.025000
0 0.531000 0.798000 0.014000 0.012000
0 0.372500 0.457000 0.013000 0.013000
0 0.730500 0.634500 0.012000 0.013000
0 0.266000 0.490000 0.028000 0.032000
0 0.194500 0.291500 0.010000 0.013000
0 0.571000 0.173500 0.021000 0.018000
0 0.727500 0.247500 0.025000 0.032000
0 0.687000 0.649500 0.035000 0.033000
0 0.649000 0.276000 0.020000 0.028000
0 0.579500 0.384500 0.015000 0.015000
0 0.442000 0.558500 0.018000 0.020000
0 0.162500 0.729000 0.019000 0.024000
0 0.852000 0.379750 0.020000 0.029500
0 0.674500 0.560000 0.026000 0.027000
0 0.186000 0.437500 0.014000 0.014000
0 0.579000 0.660000 0.018000 0.018000
0 0.606500 0.320000 0.021000 0.021000
0 0.251500 0.429000 0.013000 0.012000
0 0.370500 0.767500 0.012000 0.012000
0 0.352000 0.164500 0.017000 0.014000
0 0.661500 0.142500 0.018000 0.019000
0 0.421500 0.742500 0.011000 0.009000
0 0.566000 0.285000 0.031000 0.033000
0 0.516500 0.340000 0.016000 0.011000
0 0.561000 0.589000 0.029000 0.031000
0 0.353500 0.472000 0.028000 0.019000
0 0.647500 0.528500 0.018000 0.018000
0 0.461000 0.388500 0.031000 0.031000
0 0.482500 0.830500 0.025000 0.023000
0 0.482000 0.499500 0.018000 0.019000
0 0.746500 0.651500 0.025000 0.024000
0 0.594000 0.789500 0.015000 0.018000
0 0.329000 0.148000 0.026000 0.031000
0 0.663000 0.130500 0.009000 0.010000
0 0.757500 0.762500 0.022000 0.023000
0 0.377000 0.446500 0.016000 0.016000
0 0.387500 0.725000 0.018000 0.019000
0 0.610500 0.519000 0.026000 0.019000
0 0.242500 0.755000 0.019000 0.019000
0 0.622500 0.847000 0.015000 0.015000
0 0.204000 0.211000 0.019000 0.020000
0 0.841500 0.722250 0.022000 0.029500
0 0.251500 0.683500 0.021000 0.019000
0 0.717500 0.641500 0.026000 0.024000
0 0.238000 0.663500 0.024000 0.023000
0 0.680500 0.362750 0.012000 0.017500
0 0.603500 0.600500 0.019000 0.019000
0 0.584500 0.458000 0.027000 0.026000
0 0.404000 0.620000 0.021000 0.020000
0 0.287500 0.420500 0.036000 0.020000
0 0.604500 0.615000 0.013000 0.014000
0 0.697500 0.838000 0.024000 0.028000
0 0.770500 0.727000 0.017000 0.018000
0 0.329500 0.525500 0.034000 0.035000
0 0.469000 0.562000 0.011000 0.012000
0 0.818500 0.507000 0.016000 0.017000
0 0.355000 0.776500 0.015000 0.022000
0 0.526000 0.662000 0.029000 0.030000
0 0.670000 0.440500 0.013000 0.014000
0 0.320000 0.288000 0.019000 0.019000
0 0.598500 0.426500 0.019000 0.016000
0 0.550000 0.520500 0.018000 0.015000
0 0.391500 0.218000 0.020000 0.025000
0 0.540000 0.481500 0.020000 0.020000
0 0.164500 0.549500 0.014000 0.019000
0 0.355500 0.367000 0.025000 0.034000
0 0.580500 0.682000 0.008000 0.008000
0 0.776500 0.272500 0.025000 0.025000
0 0.666000 0.248500 0.015000 0.012000
0 0.625500 0.288000 0.020000 0.019000
0 0.413500 0.851500 0.012000 0.012000
0 0.481500 0.622000 0.019000 0.019000
0 0.498500 0.198500 0.013000 0.011000
0 0.739000 0.389500 0.032000 0.021000
0 0.703000 0.756500 0.010000 0.013000
0 0.713000 0.598000 0.031000 0.027000
0 0.460500 0.526000 0.012000 0.012000
0 0.516500 0.817500 0.028000 0.019000
0 0.405000 0.093000 0.032000 0.020000
0 0.852000 0.531500 0.015000 0.017000
0 0.496000 0.275500 0.026000 0.021000
0 0.345000 0.578000 0.015000 0.015000
0 0.407000 0.098000 0.009000 0.009000
0 0.543250 0.488000 0.011500 0.011000
0 0.447500 0.603500 0.032000 0.034000
0 0.508000 0.701500 0.019000 0.021000
0 0.496000 0.239500 0.025000 0.023000
0 0.240000 0.409500 0.016000 0.013000
0 0.623000 0.517000 0.015000 0.016000
0 0.292000 0.177000 0.019000 0.022000
0 0.479500 0.906500 0.016000 0.017000
0 0.551000 0.458000 0.024000 0.029000
0 0.700500 0.333500 0.024000 0.023000
0 0.526500 0.413000 0.018000 0.018000
0 0.394500 0.316500 0.027000 0.027000
0 0.463500 0.582500 0.016000 0.026000
0 0.762000 0.251000 0.023000 0.016000
0 0.281500 0.183500 0.016000 0.015000
0 0.202000 0.276000 0.031000 0.030000
0 0.712500 0.525000 0.011000 0.016000
0 0.372000 0.207000 0.013000 0.017000
0 0.397500 0.708500 0.013000 0.014000
0 0.504500 0.807000 0.015000 0.015000
0 0.478000 0.338500 0.019000 0.018000
0 0.450500 0.566000 0.015000 0.021000
0 0.479500 0.486000 0.029000 0.025000
0 0.490500 0.485500 0.018000 0.023000
0 0.681000 0.740750 0.014000 0.020500
0 0.603000 0.124000 0.014000 0.014000
0 0.664000 0.386500 0.009000 0.012000
0 0.467000 0.477000 0.018000 0.017000
0 0.904500 0.502500 0.022000 0.024000
0 0.485000 0.897000 0.019000 0.017000
0 0.296500 0.852500 0.016000 0.016000
0 0.578500 0.780500 0.013000 0.016000
0 0.367000 0.801500 0.026000 0.025000
0 0.519500 0.163500 0.026000 0.021000
0 0.771500 0.511000 0.014000 0.012000
0 0.144000 0.667000 0.017000 0.019000
0 0.656500 0.282000 0.024000 0.021000
0 0.815000 0.630500 0.021000 0.017000
0 0.508000 0.259500 0.014000 0.022000
0 0.475500 0.470000 0.023000 0.023000
0 0.128500 0.418750 0.011000 0.011500
0 0.769500 0.576500 0.033000 0.025000
0 0.663000 0.467000 0.027000 0.031000
0 0.461000 0.615000 0.023000 0.022000
0 0.601500 0.515000 0.019000 0.018000
0 0.512500 0.827500 0.017000 0.023000
0 0.518000 0.556000 0.025000 0.029000
0 0.202500 0.792500 0.021000 0.023000
0 0.170500 0.574500 0.029000 0.028000
0 0.525000 0.535000 0.013000 0.011000
0 0.498500 0.472000 0.015000 0.017000
0 0.591000 0.406500 0.017000 0.015000
0 0.642500 0.833000 0.012000 0.014000
0 0.511500 0.687500 0.018000 0.019000
0 0.467000 0.513000 0.017000 0.017000
0 0.736500 0.307000 0.031000 0.031000
0 0.563000 0.764000 0.019000 0.013000
0 0.742000 0.678000 0.016000 0.017000
0 0.334000 0.402500 0.011000 0.016000
0 0.526500 0.570500 0.021000 0.018000
0 0.266500 0.735000 0.032000 0.033000
0 0.859000 0.364500 0.019000 0.016000
0 0.226500 0.200000 0.015000 0.020000
0 0.104500 0.596500 0.017000 0.025000
0 0.464000 0.460500 0.026000 0.028000
0 0.470000 0.422500 0.018000 0.018000
0 0.333500 0.670000 0.029000 0.029000
0 0.901000 0.408000 0.017000 0.018000
0 0.562500 0.268000 0.010000 0.009000
0 0.190750 0.671500 0.023500 0.017000
0 0.442500 0.830000 0.032000 0.027000
0 0.790000 0.798000 0.010000 0.013000
0 0.481000 0.471000 0.012000 0.012000
0 0.387500 0.523500 0.033000 0.033000
0 0.222500 0.362500 0.020000 0.019000
0 0.553500 0.893000 0.035000 0.027000
0 0.579500 0.877500 0.026000 0.018000
0 0.606500 0.576000 0.027000 0.023000
0 0.567000 0.357000 0.022000 0.019000
0 0.389000 0.294000 0.018000 0.016000
0 0.427000 0.564000 0.013000 0.012000
0 0.492000 0.499250 0.016000 0.023500
0 0.845000 0.666000 0.021000 0.021000
0 0.456500 0.288000 0.028000 0.029000
0 0.649500 0.840500 0.019000 0.016000
0 0.139000 0.486000 0.016000 0.022000
0 0.702000 0.461500 0.017000 0.022000
0 0.559000 0.495500 0.022000 0.022000
0 0.259500 0.457000 0.017000 0.017000
0 0.570500 0.546000 0.011000 0.011000
0 0.517250 0.474000 0.020500 0.020000
0 0.281500 0.239000 0.013000 0.017000
0 0.495500 0.512500 0.027000 0.024000
0 0.154500 0.490500 0.023000 0.024000
0 0.360500 0.276500 0.009000 0.010000
0 0.607500 0.200500 0.031000 0.033000
0 0.462500 0.229000 0.020000 0.016000
0 0.584000 0.796000 0.030000 0.023000
0 0.865000 0.539500 0.022000 0.018000
0 0.447000 0.553500 0.014000 0.013000
0 0.262000 0.377500 0.032000 0.034000
0 0.534000 0.687500 0.018000 0.017000
0 0.526500 0.508000 0.020000 0.018000
0 0.465000 0.468500 0.012000 0.012000
0 0.793250 0.207000 0.029500 0.022000
0 0.637000 0.332500 0.016000 0.015000
0 0.463500 0.315000 0.021000 0.022000
0 0.261500 0.275500 0.023000 0.013000
0 0.898000 0.513500 0.017000 0.021000
0 0.577750 0.318500 0.020500 0.014000
0 0.231500 0.226500 0.028000 0.029000
0 0.539500 0.623000 0.030000 0.026000
0 0.713000 0.364500 0.027000 0.035000
0 0.416000 0.356000 0.025000 0.026000
0 0.543500 0.545500 0.028000 0.033000
0 0.548500 0.724000 0.022000 0.020000
0 0.870500 0.440500 0.012000 0.012000
0 0.512000 0.368000 0.013000 0.017000
0 0.276000 0.800500 0.011000 0.012000
0 0.504000 0.505000 0.024000 0.022000
0 0.561250 0.553500 0.023500 0.018000
0 0.633500 0.443000 0.026000 0.020000
0 0.568500 0.648500 0.018000 0.020000
0 0.499000 0.421500 0.016000 0.015000
0 0.472000 0.442500 0.009000 0.010000
0 0.337500 0.291500 0.029000 0.025000
0 0.254500 0.666000 0.021000 0.018000
0 0.739000 0.533500 0.014000 0.014000
0 0.810000 0.238500 0.018000 0.022000
0 0.548500 0.382000 0.014000 0.019000
0 0.841500 0.349500 0.024000 0.025000
0 0.483500 0.575500 0.028000 0.019000
0 0.367000 0.140000 0.023000 0.024000
0 0.408500 0.197500 0.018000 0.021000
0 0.110000 0.607500 0.025000 0.022000
0 0.588500 0.150000 0.022000 0.021000
0 0.440500 0.379000 0.021000 0.021000
0 0.576500 0.444000 0.010000 0.009000
0 0.624000 0.651500 0.020000 0.019000
0 0.502500 0.491000 0.024000 0.024000
0 0.302000 0.706000 0.021000 0.022000
0 0.633500 0.809500 0.011000 0.016000
0 0.405000 0.181500 0.027000 0.027000
0 0.610000 0.877500 0.016000 0.017000
0 0.616500 0.421500 0.018000 0.018000
0 0.435500 0.772500 0.023000 0.021000
0 0.532500 0.369000 0.028000 0.022000
0 0.629500 0.380000 0.030000 0.026000
0 0.440000 0.574000 0.021000 0.028000
0 0.487500 0.426000 0.021000 0.020000
0 0.291500 0.860000 0.011000 0.013000
0 0.331500 0.831000 0.024000 0.019000
0 0.399500 0.125000 0.024000 0.025000
0 0.465500 0.789500 0.023000 0.027000
0 0.470500 0.543000 0.019000 0.018000
0 0.529000 0.297500 0.018000 0.014000
0 0.106500 0.515000 0.018000 0.014000
0 0.329000 0.523500 0.013000 0.014000
0 0.436500 0.397000 0.022000 0.025000
0 0.206000 0.770500 0.020000 0.015000
0 0.694000 0.780000 0.019000 0.032000
0 0.755000 0.473500 0.029000 0.030000
0 0.417500 0.766000 0.022000 0.023000
0 0.579500 0.650000 0.013000 0.015000
0 0.507500 0.568000 0.022000 0.019000
0 0.489000 0.745000 0.014000 0.014000
0 0.474500 0.526000 0.019000 0.019000
0 0.422500 0.562000 0.015000 0.012000
0 0.873500 0.523000 0.020000 0.020000
0 0.642000 0.587000 0.014000 0.016000
0 0.495500 0.421000 0.016000 0.016000
0 0.652000 0.393000 0.024000 0.022000
0 0.320000 0.207500 0.018000 0.018000
0 0.558500 0.329000 0.009000 0.009000
0 0.511500 0.399000 0.009000 0.011000
0 0.363000 0.840500 0.020000 0.019000
0 0.513250 0.523000 0.020500 0.016000
0 0.643500 0.180500 0.015000 0.015000
0 0.775000 0.492000 0.019000 0.021000
0 0.335000 0.873500 0.033000 0.031000
0 0.658500 0.378000 0.019000 0.017000
0 0.282000 0.510500 0.021000 0.023000
0 0.354000 0.610000 0.020000 0.014000
0 0.277000 0.511500 0.012000 0.013000
0 0.433000 0.641500 0.028000 0.028000
0 0.322500 0.721500 0.018000 0.016000
0 0.276750 0.412500 0.020500 0.014000
0 0.533500 0.390000 0.026000 0.021000
0 0.505500 0.852000 0.023000 0.021000
0 0.312500 0.515500 0.023000 0.022000
0 0.747000 0.282500 0.030000 0.026000
0 0.590500 0.347500 0.010000 0.013000
0 0.235500 0.589500 0.022000 0.028000
0 0.786000 0.524000 0.012000 0.011000
0 0.627500 0.880500 0.013000 0.013000
0 0.439000 0.527500 0.024000 0.026000
0 0.579000 0.518500 0.014000 0.015000
0 0.784000 0.700000 0.024000 0.020000
0 0.875000 0.595000 0.023000 0.028000
0 0.183000 0.640000 0.022000 0.019000
0 0.651000 0.616000 0.018000 0.020000
0 0.462500 0.441500 0.016000 0.017000
0 0.524000 0.469750 0.010000 0.014500
0 0.522000 0.094000 0.020000 0.020000
0 0.532500 0.908000 0.012000 0.012000
0 0.413000 0.429000 0.023000 0.025000
0 0.470500 0.452000 0.024000 0.027000
0 0.323250 0.606750 0.014500 0.014500
0 0.402000 0.853000 0.030000 0.030000
0 0.719000 0.479500 0.012000 0.012000
0 0.631500 0.847500 0.029000 0.022000
0 0.544500 0.648500 0.028000 0.024000
0 0.546500 0.777500 0.025000 0.024000
0 0.409500 0.636500 0.018000 0.014000
0 0.092000 0.441500 0.026000 0.023000
0 0.572500 0.639000 0.022000 0.022000
0 0.589000 0.267000 0.023000 0.019000
0 0.453500 0.629000 0.023000 0.023000
0 0.410000 0.151000 0.022000 0.025000
0 0.300000 0.151500 0.014000 0.012000
0 0.751500 0.490000 0.013000 0.010000
0 0.383000 0.577500 0.020000 0.026000