0 0.397000 0.578500 0.013000 0.012000
0 0.771500 0.290000 0.016000 0.016000
0 0.569000 0.550500 0.030000 0.028000
0 0.403000 0.192500 0.028000 0.028000
0 0.736000 0.527500 0.026000 0.019000
0 0.685500 0.245500 0.025000 0.029000
0 0.228000 0.435000 0.023000 0.016000
0 0.650000 0.545000 0.019000 0.018000
0 0.283000 0.669500 0.017000 0.013000
0 0.497500 0.482500 0.020000 0.016000
0 0.744000 0.160500 0.016000 0.018000
0 0.356500 0.511000 0.033000 0.032000
0 0.477000 0.342000 0.022000 0.025000
0 0.458500 0.495000 0.029000 0.028000
0 0.477000 0.482000 0.025000 0.022000
0 0.262000 0.422500 0.020000 0.014000
0 0.567000 0.130000 0.017000 0.017000
0 0.781000 0.615500 0.014000 0.016000
0 0.509000 0.524000 0.014000 0.016000
0 0.177500 0.438000 0.033000 0.033000
0 0.593000 0.216500 0.027000 0.028000
0 0.791500 0.297500 0.025000 0.027000
0 0.416750 0.601500 0.023500 0.016000
0 0.601500 0.518500 0.019000 0.020000
0 0.328000 0.785000 0.015000 0.014000
0 0.591000 0.121000 0.018000 0.018000
0 0.494000 0.423500 0.020000 0.020000
0 0.570500 0.642000 0.014000 0.018000
0 0.203000 0.706500 0.022000 0.020000
0 0.498000 0.590500 0.018000 0.014000
0 0.547000 0.579500 0.014000 0.015000
0 0.402500 0.618000 0.022000 0.023000
0 0.505000 0.390000 0.023000 0.025000
0 0.205500 0.442500 0.022000 0.022000
0 0.441500 0.620500 0.016000 0.022000
0 0.487000 0.354000 0.023000 0.017000
0 0.083500 0.525500 0.018000 0.016000
0 0.597000 0.562500 0.021000 0.022000
0 0.781500 0.502500 0.010000 0.015000
0 0.772000 0.557000 0.016000 0.020000
0 0.503000 0.495000 0.013000 0.012000
0 0.326500 0.666000 0.012000 0.009000
0 0.583000 0.580000 0.026000 0.020000
0 0.481500 0.465000 0.017000 0.028000
0 0.445500 0.298500 0.025000 0.025000
0 0.386000 0.570000 0.015000 0.018000
0 0.678500 0.550000 0.009000 0.014000
0 0.693000 0.374000 0.015000 0.015000
0 0.488500 0.624500 0.024000 0.023000
0 0.413000 0.493500 0.020000 0.018000
0 0.453500 0.236500 0.008000 0.008000
0 0.670500 0.870500 0.014000 0.014000
0 0.520500 0.543500 0.012000 0.012000
0 0.737000 0.291000 0.023000 0.020000
0 0.247500 0.546000 0.022000 0.023000
0 0.585000 0.317000 0.025000 0.025000
0 0.353000 0.625000 0.031000 0.026000
0 0.582000 0.430500 0.023000 0.025000
0 0.566500 0.814500 0.023000 0.021000
0 0.829000 0.350000 0.026000 0.026000
0 0.501000 0.510000 0.027000 0.029000
0 0.516000 0.746000 0.030000 0.031000
0 0.577500 0.638500 0.020000 0.022000
0 0.664000 0.165000 0.016000 0.018000
0 0.498000 0.387000 0.024000 0.022000
0 0.442500 0.147500 0.017000 0.018000
0 0.157000 0.698500 0.026000 0.027000
0 0.608000 0.430000 0.026000 0.023000
0 0.485000 0.507000 0.019000 0.017000
0 0.509500 0.482500 0.024000 0.028000
0 0.576500 0.154500 0.011000 0.014000
0 0.227500 0.708500 0.035000 0.028000
0 0.279500 0.162500 0.009000 0.011000
0 0.521500 0.490500 0.023000 0.028000
0 0.698500 0.677500 0.016000 0.017000
0 0.151500 0.535500 0.017000 0.019000
0 0.195500 0.444000 0.016000 0.016000
0 0.563000 0.428500 0.023000 0.023000
0 0.211000 0.734500 0.021000 0.027000
0 0.690500 0.641500 0.017000 0.017000
0 0.651500 0.429500 0.016000 0.025000
0 0.468500 0.366500 0.023000 0.022000
0 0.457500 0.540000 0.021000 0.024000
0 0.766000 0.659000 0.019000 0.023000
0 0.531000 0.495500 0.018000 0.017000
0 0.593500 0.671000 0.020000 0.019000
0 0.484500 0.427000 0.014000 0.014000
0 0.497000 0.465000 0.024000 0.023000
0 0.446500 0.241000 0.014000 0.011000
0 0.848500 0.637000 0.010000 0.011000
0 0.207000 0.391000 0.029000 0.025000
0 0.736500 0.587000 0.012000 0.017000
0 0.422000 0.335500 0.023000 0.020000
0 0.143000 0.363500 0.029000 0.021000
0 0.275000 0.635000 0.027000 0.029000
0 0.501500 0.645000 0.017000 0.024000
0 0.407000 0.604000 0.013000 0.014000
0 0.446500 0.401000 0.019000 0.020000
0 0.426500 0.843500 0.017000 0.019000
0 0.405500 0.531000 0.026000 0.028000
0 0.109000 0.599500 0.021000 0.023000
0 0.774500 0.576000 0.024000 0.029000
0 0.229000 0.524500 0.015000 0.016000
0 0.888000 0.555500 0.026000 0.030000
0 0.877500 0.507500 0.029000 0.026000
0 0.514000 0.499000 0.023000 0.024000
0 0.727000 0.300000 0.015000 0.016000
0 0.760000 0.760000 0.015000 0.016000
0 0.405000 0.849500 0.013000 0.012000
0 0.430000 0.481000 0.024000 0.018000
0 0.500000 0.407000 0.014000 0.013000
0 0.745000 0.329000 0.018000 0.020000
0 0.781500 0.605000 0.029000 0.031000
0 0.887000 0.590500 0.017000 0.020000
0 0.308000 0.384500 0.017000 0.014000
0 0.320500 0.227500 0.018000 0.014000
0 0.596000 0.438000 0.014000 0.015000
0 0.125500 0.477000 0.026000 0.025000
0 0.519500 0.479000 0.012000 0.012000
0 0.530000 0.503500 0.029000 0.021000
0 0.737500 0.411000 0.034000 0.032000
0 0.533000 0.578000 0.015000 0.014000
0 0.785500 0.716500 0.024000 0.025000
0 0.278000 0.826500 0.012000 0.012000
0 0.611500 0.321000 0.015000 0.015000
0 0.503000 0.574000 0.021000 0.021000
0 0.422000 0.340000 0.019000 0.016000
0 0.356000 0.430000 0.027000 0.026000
0 0.538000 0.745500 0.028000 0.027000
0 0.281000 0.609000 0.028000 0.024000
0 0.218500 0.397500 0.015000 0.015000
0 0.453000 0.713500 0.023000 0.019000
0 0.732000 0.728500 0.021000 0.023000
0 0.732250 0.186500 0.023500 0.017000
0 0.525500 0.784000 0.012000 0.013000
0 0.444500 0.489000 0.016000 0.022000
0 0.483500 0.708000 0.023000 0.019000
0 0.452500 0.398000 0.015000 0.017000
0 0.325500 0.842000 0.014000 0.016000
0 0.252000 0.649500 0.026000 0.019000
0 0.447500 0.547000 0.028000 0.031000
0 0.516000 0.546500 0.033000 0.031000
0 0.473500 0.606500 0.011000 0.012000
0 0.562000 0.728000 0.015000 0.020000
0 0.495000 0.495000 0.016000 0.011000
0 0.608500 0.660000 0.027000 0.023000
0 0.545000 0.535500 0.018000 0.019000
0 0.435000 0.512500 0.016000 0.018000
0 0.483500 0.233500 0.010000 0.009000
0 0.857000 0.560000 0.021000 0.020000
0 0.598500 0.604500 0.022000 0.022000
0 0.458000 0.725000 0.019000 0.028000
0 0.603000 0.288000 0.014000 0.014000
0 0.621000 0.822500 0.026000 0.029000
0 0.270500 0.826500 0.022000 0.032000
0 0.241000 0.268500 0.026000 0.028000
0 0.162250 0.548500 0.014500 0.012000
0 0.327000 0.614500 0.017000 0.015000
0 0.568500 0.614500 0.019000 0.015000
0 0.563500 0.109000 0.019000 0.017000
0 0.609000 0.463000 0.025000 0.021000
0 0.540500 0.147000 0.018000 0.016000
0 0.722000 0.509500 0.015000 0.015000
0 0.492000 0.461500 0.021000 0.019000
0 0.887000 0.633000 0.019000 0.018000
0 0.477500 0.633500 0.025000 0.027000
0 0.527000 0.497500 0.016000 0.018000
0 0.542500 0.234500 0.016000 0.016000
0 0.431500 0.139500 0.011000 0.008000
0 0.310500 0.568000 0.015000 0.017000
0 0.650500 0.285000 0.014000 0.016000
0 0.414000 0.435500 0.026000 0.021000
0 0.404000 0.483000 0.016000 0.016000
0 0.480500 0.250500 0.024000 0.023000
0 0.230500 0.393500 0.026000 0.029000
0 0.646500 0.598500 0.019000 0.020000
0 0.276000 0.599500 0.027000 0.022000
0 0.563500 0.847500 0.018000 0.017000
0 0.295500 0.138000 0.019000 0.020000
0 0.293000 0.261000 0.015000 0.016000
0 0.473500 0.537000 0.027000 0.022000
0 0.641500 0.626000 0.011000 0.011000
0 0.517000 0.650500 0.016000 0.017000
0 0.416000 0.266000 0.035000 0.029000
0 0.622000 0.661500 0.018000 0.020000
0 0.781500 0.298000 0.021000 0.020000
0 0.546000 0.504500 0.028000 0.025000
0 0.189500 0.450500 0.023000 0.022000
0 0.566500 0.601500 0.013000 0.015000
0 0.481500 0.167500 0.017000 0.021000
0 0.175000 0.417000 0.033000 0.034000
0 0.415000 0.506500 0.024000 0.026000
0 0.322000 0.860000 0.016000 0.019000
0 0.710500 0.613500 0.017000 0.019000
0 0.802000 0.412500 0.017000 0.017000
0 0.711500 0.293500 0.036000 0.032000
0 0.459500 0.384000 0.030000 0.024000
0 0.296500 0.814000 0.019000 0.021000
0 0.856500 0.568500 0.031000 0.026000
0 0.548500 0.651500 0.013000 0.013000
0 0.481500 0.502000 0.024000 0.024000
0 0.427500 0.500500 0.012000 0.011000
0 0.371000 0.876000 0.010000 0.011000
0 0.428500 0.116500 0.015000 0.013000
0 0.513500 0.219500 0.022000 0.022000
0 0.570000 0.658000 0.024000 0.021000
0 0.394500 0.397000 0.008000 0.010000
0 0.764500 0.576500 0.020000 0.015000
0 0.463500 0.681000 0.012000 0.014000
0 0.693500 0.366000 0.011000 0.014000
0 0.790500 0.199500 0.018000 0.024000
0 0.546500 0.621000 0.013000 0.013000
0 0.157500 0.475500 0.015000 0.015000
0 0.257500 0.581500 0.020000 0.018000
0 0.363000 0.487000 0.023000 0.024000
0 0.470500 0.119000 0.023000 0.028000
0 0.268000 0.416500 0.020000 0.024000
0 0.817000 0.468500 0.022000 0.017000
0 0.596000 0.597000 0.033000 0.029000
0 0.113000 0.342000 0.010000 0.012000
0 0.494000 0.814500 0.015000 0.017000
0 0.622500 0.518000 0.016000 0.015000
0 0.613500 0.124500 0.010000 0.010000
0 0.669500 0.267500 0.010000 0.016000
0 0.674500 0.162500 0.014000 0.008000
0 0.705500 0.762500 0.021000 0.024000
0 0.451500 0.349500 0.018000 0.014000
0 0.502000 0.500000 0.023000 0.016000
0 0.514000 0.507000 0.025000 0.017000
0 0.705000 0.508500 0.012000 0.014000
0 0.560000 0.524500 0.018000 0.024000
0 0.365000 0.144000 0.021000 0.025000
0 0.410500 0.187500 0.016000 0.016000
0 0.441000 0.712500 0.021000 0.019000
0 0.427000 0.261000 0.019000 0.013000
0 0.226000 0.560500 0.023000 0.021000
0 0.489500 0.494000 0.017000 0.017000
0 0.344000 0.557500 0.025000 0.025000
0 0.441500 0.526500 0.024000 0.029000
0 0.390500 0.237500 0.027000 0.032000
0 0.669000 0.143500 0.012000 0.011000
0 0.448500 0.478000 0.030000 0.028000
0 0.662500 0.200000 0.031000 0.027000
0 0.735750 0.642750 0.027500 0.028500
0 0.391500 0.394500 0.019000 0.016000
0 0.613500 0.282000 0.023000 0.019000
0 0.801500 0.688000 0.022000 0.021000
0 0.714500 0.161500 0.015000 0.014000
0 0.397000 0.807000 0.020000 0.026000
0 0.250500 0.795500 0.027000 0.017000
0 0.386500 0.716500 0.015000 0.020000
0 0.632500 0.506750 0.014000 0.017500
0 0.440000 0.501000 0.020000 0.024000
0 0.306000 0.389750 0.018000 0.023500
0 0.816500 0.558500 0.028000 0.026000
0 0.380500 0.888500 0.014000 0.014000
0 0.702500 0.616000 0.026000 0.024000
0 0.495000 0.280000 0.025000 0.016000
0 0.768250 0.700250 0.024500 0.023500
0 0.304500 0.401000 0.019000 0.025000
0 0.468000 0.632000 0.012000 0.011000
0 0.701000 0.752000 0.024000 0.025000
0 0.440500 0.543500 0.021000 0.020000
0 0.565000 0.413000 0.018000 0.018000
0 0.502000 0.492000 0.012000 0.011000
0 0.495500 0.621000 0.028000 0.028000
0 0.614750 0.611000 0.011500 0.009000
0 0.607500 0.363000 0.017000 0.018000
0 0.494500 0.153500 0.014000 0.012000
0 0.690000 0.452500 0.023000 0.018000
0 0.360500 0.438500 0.024000 0.018000
0 0.606500 0.411000 0.016000 0.018000
0 0.742500 0.479500 0.023000 0.024000
0 0.748000 0.179500 0.019000 0.016000
0 0.472500 0.358000 0.012000 0.014000
0 0.408000 0.823750 0.010000 0.014500
0 0.482500 0.513000 0.027000 0.025000
0 0.485000 0.659000 0.017000 0.019000
0 0.738000 0.498000 0.025000 0.023000
0 0.310000 0.334000 0.018000 0.020000
0 0.730000 0.357000 0.016000 0.015000
0 0.492000 0.240000 0.032000 0.032000
0 0.506000 0.500500 0.018000 0.018000
0 0.460000 0.335500 0.023000 0.020000
0 0.461500 0.704000 0.018000 0.019000
0 0.778000 0.238500 0.025000 0.019000
0 0.413000 0.801500 0.016000 0.011000
0 0.764000 0.319500 0.019000 0.020000
0 0.555500 0.843500 0.015000 0.015000
0 0.783500 0.557500 0.022000 0.024000
0 0.655000 0.673000 0.017000 0.019000
0 0.673000 0.528500 0.012000 0.017000
0 0.758500 0.478000 0.010000 0.014000
0 0.463500 0.424500 0.019000 0.019000
0 0.498500 0.599250 0.011000 0.014500
0 0.520500 0.366500 0.014000 0.013000
0 0.501500 0.564500 0.010000 0.012000
0 0.573500 0.773000 0.022000 0.020000
0 0.436500 0.471500 0.021000 0.028000
0 0.319500 0.404500 0.013000 0.014000
0 0.804000 0.789000 0.034000 0.026000
0 0.134500 0.627500 0.015000 0.014000
0 0.476000 0.574500 0.022000 0.021000
0 0.466000 0.782000 0.016000 0.015000
0 0.711500 0.555500 0.013000 0.012000
0 0.433500 0.331000 0.017000 0.019000
0 0.538000 0.557000 0.028000 0.022000
0 0.611000 0.588000 0.025000 0.019000
0 0.785500 0.659500 0.012000 0.013000
0 0.701000 0.212500 0.012000 0.011000
0 0.216500 0.535500 0.014000 0.014000
0 0.470500 0.567000 0.019000 0.022000
0 0.624500 0.441000 0.021000 0.024000
0 0.462000 0.214500 0.017000 0.019000
0 0.631500 0.273500 0.016000 0.013000
0 0.502500 0.270500 0.015000 0.012000
0 0.387500 0.294500 0.028000 0.022000
0 0.634500 0.150500 0.015000 0.015000
0 0.609500 0.545000 0.020000 0.015000
0 0.425500 0.566000 0.009000 0.010000
0 0.220500 0.197000 0.020000 0.018000
0 0.799000 0.328000 0.013000 0.016000
0 0.498500 0.452500 0.016000 0.014000
0 0.430500 0.601500 0.025000 0.023000
0 0.472000 0.273000 0.021000 0.020000
0 0.648500 0.514000 0.020000 0.020000
0 0.569500 0.786500 0.019000 0.018000
0 0.384500 0.117000 0.029000 0.022000
0 0.287500 0.814000 0.017000 0.017000
0 0.477000 0.593500 0.034000 0.028000
0 0.372500 0.301500 0.012000 0.012000
0 0.410500 0.622500 0.016000 0.017000
0 0.302500 0.507000 0.019000 0.018000
0 0.523000 0.554000 0.020000 0.019000
0 0.713000 0.680500 0.011000 0.011000
0 0.484000 0.476500 0.019000 0.019000
0 0.235500 0.194000 0.018000 0.022000
0 0.512500 0.430750 0.018000 0.023500
0 0.485500 0.741500 0.013000 0.011000
0 0.633000 0.512000 0.020000 0.020000
0 0.180500 0.695500 0.024000 0.016000
0 0.680250 0.323000 0.020500 0.014000
0 0.634000 0.128000 0.016000 0.018000
0 0.832500 0.294000 0.013000 0.013000
0 0.663000 0.867500 0.031000 0.035000
0 0.469500 0.468500 0.034000 0.020000
0 0.275000 0.808000 0.024000 0.021000
0 0.240500 0.195500 0.009000 0.010000
0 0.532500 0.531500 0.012000 0.014000
0 0.389000 0.140500 0.016000 0.017000
0 0.780000 0.683500 0.022000 0.022000
0 0.661000 0.815000 0.021000 0.023000
0 0.177000 0.510500 0.013000 0.017000
0 0.151500 0.571000 0.025000 0.026000
0 0.428000 0.577500 0.027000 0.030000
0 0.391500 0.358000 0.021000 0.022000
0 0.480500 0.679500 0.016000 0.011000
0 0.169500 0.512000 0.024000 0.025000
0 0.433500 0.532500 0.017000 0.020000
0 0.654500 0.134500 0.026000 0.031000
0 0.497500 0.474500 0.019000 0.025000
0 0.580000 0.617000 0.021000 0.021000
0 0.165500 0.497000 0.022000 0.029000
0 0.475500 0.455500 0.017000 0.013000
0 0.145000 0.335500 0.023000 0.028000
0 0.664500 0.855500 0.027000 0.020000
0 0.556500 0.794500 0.016000 0.014000
0 0.462000 0.589500 0.011000 0.012000
0 0.536500 0.394500 0.016000 0.020000
0 0.474500 0.781500 0.021000 0.021000
0 0.343000 0.511500 0.021000 0.023000
0 0.369500 0.514500 0.018000 0.018000
0 0.576500 0.505000 0.033000 0.026000
0 0.245000 0.550000 0.013000 0.016000
0 0.462000 0.579000 0.014000 0.016000
0 0.469500 0.284000 0.015000 0.016000
0 0.161500 0.745500 0.021000 0.019000
0 0.424500 0.284500 0.023000 0.022000
0 0.899000 0.471500 0.019000 0.018000
0 0.248500 0.215500 0.021000 0.018000
0 0.454000 0.500500 0.016000 0.012000
0 0.391500 0.586500 0.019000 0.017000
0 0.653500 0.451000 0.026000 0.026000
0 0.354000 0.780500 0.022000 0.021000
0 0.426500 0.416000 0.009000 0.009000
0 0.519500 0.524000 0.021000 0.028000
0 0.364500 0.775000 0.021000 0.018000
0 0.798000 0.546000 0.025000 0.027000
0 0.434000 0.625000 0.026000 0.022000
0 0.601000 0.773000 0.022000 0.020000
0 0.721000 0.430500 0.018000 0.019000
0 0.443000 0.518500 0.017000 0.020000
0 0.340000 0.498500 0.034000 0.030000
0 0.476500 0.326000 0.028000 0.025000
0 0.313000 0.320500 0.029000 0.028000
0 0.769500 0.801000 0.020000 0.021000
0 0.426000 0.497000 0.034000 0.027000
0 0.517500 0.437000 0.015000 0.015000
0 0.442500 0.817500 0.018000 0.017000
0 0.617000 0.351000 0.025000 0.024000
0 0.335500 0.468500 0.023000 0.025000
0 0.194500 0.345000 0.015000 0.014000
0 0.408000 0.539500 0.029000 0.031000
0 0.381000 0.201500 0.028000 0.030000
0 0.585500 0.363000 0.013000 0.012000
0 0.406500 0.757500 0.025000 0.022000
0 0.392500 0.637000 0.023000 0.026000
0 0.355000 0.764500 0.017000 0.010000
0 0.599000 0.596500 0.010000 0.011000
0 0.448500 0.096500 0.009000 0.013000
0 0.178500 0.503000 0.026000 0.026000
0 0.334000 0.663000 0.023000 0.024000
0 0.170000 0.579000 0.030000 0.028000
0 0.221500 0.684500 0.033000 0.027000
0 0.849500 0.427500 0.013000 0.014000
0 0.448000 0.262500 0.023000 0.026000
0 0.634000 0.546000 0.015000 0.015000
0 0.174500 0.328500 0.024000 0.020000
0 0.516500 0.302500 0.023000 0.030000
0 0.192000 0.671500 0.028000 0.031000
0 0.681500 0.218000 0.016000 0.013000
0 0.541500 0.275500 0.027000 0.024000
0 0.425500 0.557500 0.030000 0.033000
0 0.664500 0.707000 0.029000 0.027000
0 0.143000 0.670000 0.016000 0.017000
0 0.533500 0.527000 0.024000 0.029000
0 0.651000 0.340500 0.015000 0.021000
0 0.399500 0.472000 0.017000 0.014000
0 0.629000 0.194000 0.019000 0.020000
0 0.462000 0.500500 0.008000 0.009000
0 0.480500 0.296500 0.013000 0.011000
0 0.087500 0.428500 0.016000 0.016000
0 0.557000 0.769500 0.010000 0.012000
0 0.319000 0.875500 0.028000 0.023000
0 0.180000 0.676500 0.012000 0.014000
0 0.700000 0.791500 0.027000 0.019000
0 0.193500 0.575500 0.031000 0.026000
0 0.426000 0.517000 0.026000 0.022000
0 0.577500 0.519000 0.011000 0.012000
0 0.533500 0.913000 0.020000 0.020000
0 0.493500 0.535000 0.018000 0.018000
0 0.769000 0.631500 0.016000 0.018000
0 0.773500 0.372500 0.014000 0.014000
0 0.403500 0.462500 0.023000 0.024000
0 0.608500 0.236500 0.025000 0.026000
0 0.283500 0.273500 0.022000 0.016000
0 0.507500 0.187000 0.018000 0.019000
0 0.278500 0.680000 0.013000 0.014000
0 0.248000 0.332500 0.014000 0.021000
0 0.589000 0.308000 0.025000 0.021000
0 0.234500 0.653000 0.012000 0.014000
0 0.164000 0.694000 0.015000 0.015000
0 0.565000 0.756000 0.009000 0.010000
0 0.492500 0.699000 0.013000 0.015000
0 0.530500 0.701000 0.013000 0.012000
0 0.558250 0.492500 0.020500 0.015000
0 0.496500 0.210000 0.031000 0.020000
0 0.530000 0.458000 0.027000 0.029000
0 0.363500 0.336000 0.026000 0.027000
0 0.482500 0.557000 0.017000 0.019000
0 0.190500 0.558000 0.027000 0.027000
0 0.643000 0.848500 0.021000 0.022000
0 0.840500 0.414000 0.016000 0.018000
0 0.587500 0.618500 0.023000 0.025000
0 0.528000 0.469000 0.011000 0.013000
0 0.181750 0.460500 0.017500 0.012000
0 0.534500 0.208500 0.023000 0.023000
0 0.270500 0.503500 0.016000 0.011000
0 0.394500 0.213000 0.025000 0.024000
0 0.485500 0.179000 0.013000 0.010000
0 0.609500 0.705000 0.020000 0.020000
0 0.156000 0.445000 0.025000 0.025000
0 0.547500 0.696000 0.013000 0.016000
0 0.340500 0.363500 0.020000 0.022000
0 0.404000 0.698000 0.015000 0.015000
0 0.387500 0.520000 0.021000 0.028000
0 0.658000 0.275500 0.009000 0.009000
0 0.262500 0.494000 0.020000 0.028000
0 0.742000 0.459500 0.021000 0.020000
0 0.566000 0.865000 0.010000 0.010000
0 0.685000 0.485000 0.020000 0.018000
0 0.552500 0.505000 0.016000 0.015000
0 0.879500 0.519000 0.018000 0.016000
0 0.400500 0.516500 0.020000 0.018000
0 0.756500 0.772500 0.017000 0.013000
0 0.589500 0.500500 0.018000 0.022000
0 0.244500 0.228500 0.014000 0.017000
0 0.250000 0.406000 0.016000 0.011000
0 0.214500 0.567000 0.016000 0.014000
0 0.366500 0.349000 0.025000 0.028000
0 0.655000 0.612000 0.012000 0.012000
0 0.866500 0.362000 0.022000 0.020000
0 0.475000 0.881000 0.020000 0.012000
0 0.675500 0.201000 0.023000 0.024000
0 0.454000 0.476500 0.015000 0.015000
0 0.555000 0.441000 0.018000 0.016000
0 0.728500 0.274500 0.026000 0.028000
0 0.461000 0.447500 0.034000 0.031000
0 0.368500 0.209500 0.011000 0.019000
0 0.659500 0.479000 0.025000 0.021000
0 0.744500 0.663000 0.018000 0.020000
0 0.264500 0.185000 0.010000 0.010000
0 0.690500 0.421500 0.016000 0.017000
0 0.220000 0.240000 0.018000 0.021000
0 0.403000 0.267000 0.018000 0.020000
0 0.620500 0.358500 0.023000 0.020000
0 0.724000 0.468000 0.019000 0.019000
0 0.778500 0.315000 0.020000 0.019000
0 0.553000 0.478500 0.026000 0.026000
0 0.821750 0.333500 0.020500 0.015000
0 0.436000 0.500000 0.021000 0.017000
0 0.383000 0.511500 0.017000 0.024000
0 0.375000 0.451500 0.014000 0.014000
0 0.773500 0.477500 0.014000 0.014000
0 0.558500 0.516500 0.013000 0.015000
0 0.485500 0.484500 0.013000 0.014000
0 0.485500 0.479500 0.021000 0.020000
0 0.693500 0.864500 0.032000 0.023000
0 0.814250 0.620000 0.026500 0.021000
0 0.362500 0.189500 0.026000 0.029000
0 0.420500 0.582500 0.011000 0.011000
0 0.553000 0.721000 0.017000 0.026000
0 0.429000 0.722500 0.015000 0.014000
0 0.596000 0.416000 0.017000 0.021000
0 0.485500 0.526500 0.012000 0.014000
0 0.322000 0.622500 0.022000 0.022000
0 0.442000 0.451500 0.021000 0.018000
0 0.849500 0.446500 0.013000 0.014000
0 0.576500 0.823500 0.025000 0.029000
0 0.513500 0.332500 0.022000 0.022000
0 0.563500 0.130000 0.015000 0.011000
0 0.291000 0.349500 0.012000 0.022000
0 0.139500 0.637500 0.026000 0.022000
0 0.106500 0.586500 0.023000 0.021000
0 0.460000 0.610000 0.019000 0.018000
0 0.389000 0.166500 0.014000 0.019000
0 0.349000 0.736500 0.016000 0.018000
0 0.328500 0.343500 0.014000 0.013000
0 0.363000 0.605000 0.026000 0.034000
0 0.493000 0.503000 0.023000 0.022000
0 0.689000 0.676000 0.027000 0.028000
0 0.229000 0.231500 0.017000 0.014000
0 0.285500 0.252500 0.030000 0.030000
0 0.633500 0.403500 0.033000 0.032000
0 0.608500 0.230500 0.011000 0.014000
0 0.697500 0.150500 0.018000 0.017000
0 0.209500 0.554500 0.016000 0.016000
0 0.304500 0.446500 0.010000 0.010000
0 0.377000 0.555000 0.025000 0.024000
0 0.540000 0.225000 0.032000 0.030000
0 0.740000 0.248000 0.018000 0.021000
0 0.560500 0.479000 0.027000 0.033000
0 0.484000 0.700000 0.019000 0.015000
0 0.178000 0.626000 0.021000 0.024000
0 0.365250 0.201000 0.020500 0.019000
0 0.173000 0.657500 0.013000 0.015000
0 0.490500 0.647500 0.015000 0.017000
0 0.641500 0.124000 0.011000 0.012000
0 0.143500 0.295000 0.031000 0.028000
0 0.780000 0.569000 0.018000 0.016000
0 0.607000 0.245500 0.014000 0.012000
0 0.534000 0.843000 0.011000 0.013000
0 0.692000 0.458500 0.030000 0.024000
0 0.238000 0.723000 0.015000 0.013000
0 0.191000 0.497000 0.017000 0.013000
0 0.653000 0.663000 0.020000 0.015000
0 0.734750 0.225000 0.026500 0.018000
0 0.541000 0.462500 0.015000 0.015000
0 0.533500 0.138500 0.029000 0.031000
0 0.556500 0.549000 0.012000 0.015000
0 0.538000 0.345500 0.021000 0.023000
0 0.586500 0.537000 0.011000 0.013000
0 0.422000 0.430500 0.021000 0.024000
0 0.451500 0.871500 0.015000 0.013000
0 0.526000 0.637500 0.010000 0.013000
0 0.409000 0.314000 0.021000 0.024000
0 0.350000 0.128000 0.026000 0.031000
0 0.515500 0.512500 0.018000 0.009000
0 0.274500 0.768000 0.025000 0.022000
0 0.470500 0.915000 0.015000 0.014000
0 0.240000 0.448000 0.029000 0.024000
0 0.494000 0.475000 0.020000 0.016000
0 0.507000 0.608000 0.027000 0.027000
0 0.508000 0.280500 0.026000 0.028000
0 0.452500 0.598000 0.029000 0.026000
0 0.751500 0.447500 0.011000 0.010000
0 0.577500 0.751500 0.017000 0.019000
0 0.823500 0.590500 0.019000 0.018000
0 0.366500 0.103000 0.019000 0.023000
0 0.246500 0.300000 0.023000 0.024000
0 0.436500 0.828500 0.026000 0.026000
0 0.340000 0.536500 0.013000 0.015000
0 0.654000 0.455500 0.014000 0.011000
0 0.679000 0.310500 0.024000 0.024000
0 0.742000 0.490000 0.017000 0.023000
0 0.193000 0.259000 0.025000 0.021000
0 0.234500 0.667500 0.012000 0.019000
0 0.145500 0.519000 0.018000 0.020000
0 0.496500 0.499000 0.013000 0.015000
0 0.397000 0.489000 0.013000 0.015000
0 0.229500 0.741500 0.026000 0.025000
0 0.640500 0.365000 0.021000 0.029000
0 0.687000 0.366500 0.022000 0.024000
0 0.454000 0.861000 0.025000 0.017000
0 0.504000 0.543500 0.015000 0.015000
0 0.837500 0.702000 0.015000 0.020000
0 0.761500 0.198000 0.016000 0.017000
0 0.437000 0.741500 0.020000 0.021000
0 0.486500 0.827500 0.017000 0.018000
0 0.512500 0.480000 0.029000 0.029000
0 0.486000 0.787500 0.018000 0.014000
0 0.840000 0.615000 0.015000 0.014000
0 0.332500 0.322000 0.019000 0.017000
0 0.680500 0.466000 0.021000 0.022000
0 0.348500 0.385500 0.019000 0.016000
0 0.737000 0.658500 0.023000 0.022000
0 0.695500 0.385500 0.016000 0.016000
0 0.443000 0.590500 0.018000 0.020000
0 0.538500 0.428000 0.028000 0.021000
0 0.385000 0.266500 0.014000 0.017000
0 0.639500 0.432000 0.014000 0.017000
0 0.534000 0.559500 0.020000 0.021000
0 0.685000 0.761000 0.019000 0.019000
0 0.224500 0.406500 0.013000 0.018000
0 0.437500 0.279500 0.012000 0.011000
0 0.344000 0.301500 0.016000 0.015000
0 0.611000 0.489000 0.010000 0.010000
0 0.318500 0.575000 0.020000 0.024000
0 0.508000 0.514500 0.009000 0.009000
0 0.516500 0.206000 0.015000 0.012000
0 0.555500 0.432000 0.020000 0.018000
0 0.360500 0.287000 0.016000 0.014000
0 0.520500 0.776500 0.024000 0.025000
0 0.514000 0.759000 0.027000 0.027000
0 0.729000 0.686000 0.011000 0.009000
0 0.433500 0.247500 0.022000 0.022000
0 0.662000 0.526500 0.022000 0.019000
0 0.336000 0.524500 0.019000 0.019000
0 0.709000 0.491000 0.014000 0.015000
0 0.279000 0.327500 0.016000 0.012000
0 0.542500 0.293500 0.028000 0.032000
0 0.640000 0.489500 0.019000 0.020000
0 0.294000 0.441500 0.024000 0.026000
0 0.493000 0.499500 0.018000 0.017000
0 0.492000 0.552000 0.031000 0.030000
0 0.677000 0.617000 0.025000 0.028000
0 0.437500 0.532500 0.021000 0.021000
0 0.332000 0.271500 0.015000 0.016000
0 0.664500 0.493500 0.024000 0.019000
0 0.790500 0.733500 0.019000 0.021000
0 0.298500 0.701000 0.020000 0.020000
0 0.388500 0.407000 0.019000 0.013000
0 0.285500 0.630500 0.011000 0.012000
0 0.444000 0.251500 0.019000 0.018000
0 0.558500 0.804000 0.021000 0.027000
0 0.392500 0.506500 0.029000 0.019000
0 0.122000 0.640500 0.016000 0.015000
0 0.111500 0.465500 0.013000 0.010000
0 0.662500 0.439000 0.011000 0.013000
0 0.219500 0.681000 0.022000 0.027000
0 0.422000 0.381000 0.021000 0.022000
0 0.386000 0.534500 0.029000 0.029000
0 0.411000 0.231500 0.011000 0.014000
0 0.132500 0.304000 0.032000 0.032000
0 0.865500 0.431500 0.025000 0.018000
0 0.124000 0.423500 0.017000 0.015000
0 0.874000 0.448500 0.027000 0.020000
0 0.634000 0.381000 0.027000 0.022000
0 0.797000 0.265000 0.033000 0.024000
0 0.538500 0.514500 0.018000 0.017000
0 0.498500 0.504000 0.032000 0.031000
0 0.346000 0.582500 0.013000 0.012000
0 0.599500 0.138500 0.021000 0.020000
0 0.621000 0.694000 0.014000 0.019000
0 0.354000 0.309000 0.017000 0.017000
0 0.656500 0.502500 0.013000 0.010000
0 0.565500 0.577000 0.023000 0.028000
0 0.808500 0.430500 0.031000 0.033000
0 0.520000 0.484500 0.014000 0.013000
0 0.515500 0.402750 0.022000 0.029500
0 0.595500 0.528500 0.014000 0.015000
0 0.401000 0.759000 0.024000 0.029000
0 0.370000 0.538000 0.027000 0.026000
0 0.209500 0.687000 0.013000 0.010000
0 0.454500 0.527500 0.018000 0.018000
0 0.542000 0.475500 0.020000 0.022000
0 0.287000 0.399000 0.023000 0.023000
0 0.865000 0.522000 0.009000 0.009000
0 0.455000 0.261500 0.021000 0.020000
0 0.558500 0.426000 0.012000 0.012000
0 0.398500 0.886500 0.026000 0.027000
0 0.470000 0.332500 0.020000 0.022000
0 0.176500 0.566500 0.019000 0.020000
0 0.576500 0.250000 0.021000 0.028000
0 0.384500 0.480000 0.023000 0.024000
0 0.510000 0.619000 0.012000 0.013000
0 0.185000 0.742000 0.022000 0.018000
0 0.238000 0.779000 0.022000 0.012000
0 0.156500 0.272500 0.012000 0.011000
0 0.686000 0.543000 0.010000 0.011000
0 0.152000 0.322500 0.022000 0.019000
0 0.587000 0.407500 0.017000 0.019000
0 0.394000 0.438500 0.021000 0.019000
0 0.633500 0.450500 0.021000 0.018000
0 0.645000 0.452000 0.029000 0.024000
0 0.761500 0.720500 0.012000 0.012000
0 0.581000 0.332500 0.012000 0.012000
0 0.792000 0.439500 0.021000 0.024000
0 0.883500 0.467000 0.009000 0.009000
0 0.327500 0.202000 0.022000 0.024000
0 0.485500 0.158500 0.012000 0.014000
0 0.656000 0.313000 0.029000 0.026000
0 0.623000 0.640000 0.011000 0.010000
0 0.460000 0.687500 0.013000 0.014000
0 0.533500 0.725000 0.031000 0.031000
0 0.707500 0.396500 0.014000 0.016000
0 0.610500 0.644500 0.017000 0.022000
0 0.282000 0.488500 0.014000 0.016000
0 0.578000 0.353000 0.011000 0.013000
0 0.492000 0.364000 0.026000 0.015000
0 0.780000 0.251500 0.018000 0.018000
0 0.368000 0.277500 0.026000 0.021000
0 0.230500 0.307000 0.017000 0.010000
0 0.527000 0.478500 0.027000 0.021000
0 0.322000 0.278000 0.022000 0.023000
0 0.300000 0.590000 0.022000 0.022000
0 0.475500 0.434000 0.021000 0.022000
0 0.568500 0.732500 0.029000 0.028000
0 0.362500 0.257000 0.020000 0.021000
0 0.419500 0.887000 0.021000 0.020000
0 0.438000 0.591500 0.018000 0.023000