0 0.776000 0.295000 0.014000 0.016000
0 0.455000 0.291500 0.020000 0.026000
0 0.743000 0.437000 0.012000 0.010000
0 0.571500 0.524500 0.028000 0.024000
0 0.499000 0.482500 0.021000 0.025000
0 0.631500 0.543500 0.019000 0.020000
0 0.638000 0.302000 0.010000 0.012000
0 0.497000 0.424500 0.025000 0.019000
0 0.323500 0.683750 0.018000 0.026500
0 0.461500 0.396500 0.023000 0.028000
0 0.606500 0.654500 0.020000 0.020000
0 0.565000 0.439500 0.012000 0.012000
0 0.451500 0.379000 0.024000 0.029000
0 0.250000 0.179000 0.017000 0.017000
0 0.459000 0.453500 0.017000 0.023000
0 0.369000 0.756000 0.019000 0.017000
0 0.890000 0.371000 0.015000 0.014000
0 0.523000 0.610500 0.021000 0.028000
0 0.314500 0.125000 0.027000 0.027000
0 0.550000 0.427500 0.030000 0.030000
0 0.593500 0.358500 0.013000 0.009000
0 0.349500 0.465750 0.015000 0.020500
0 0.388000 0.585500 0.028000 0.020000
0 0.112000 0.422000 0.020000 0.020000
0 0.548750 0.207500 0.017500 0.014000
0 0.510000 0.472500 0.022000 0.023000
0 0.202500 0.710000 0.015000 0.012000
0 0.471000 0.372500 0.017000 0.020000
0 0.311500 0.263000 0.025000 0.027000
0 0.362000 0.872500 0.019000 0.020000
0 0.324500 0.494500 0.024000 0.024000
0 0.511500 0.439500 0.019000 0.021000
0 0.456000 0.548000 0.028000 0.028000
0 0.285500 0.540000 0.022000 0.017000
0 0.761500 0.786500 0.010000 0.011000
0 0.255000 0.463500 0.018000 0.018000
0 0.484500 0.526500 0.011000 0.011000
0 0.819000 0.330000 0.027000 0.025000
0 0.520500 0.538500 0.012000 0.013000
0 0.552500 0.261500 0.015000 0.020000
0 0.425500 0.495500 0.021000 0.016000
0 0.661500 0.271500 0.014000 0.012000
0 0.716000 0.303000 0.022000 0.028000
0 0.437500 0.461000 0.024000 0.025000
0 0.509000 0.871000 0.011000 0.013000
0 0.351500 0.547500 0.020000 0.020000
0 0.195500 0.325000 0.023000 0.023000
0 0.571500 0.373000 0.016000 0.019000
0 0.241500 0.823000 0.009000 0.011000
0 0.486500 0.504000 0.016000 0.022000
0 0.676000 0.356000 0.019000 0.027000
0 0.416500 0.437500 0.015000 0.020000
0 0.617500 0.563500 0.020000 0.023000
0 0.578000 0.536000 0.023000 0.017000
0 0.407000 0.127500 0.010000 0.013000
0 0.472000 0.197000 0.026000 0.031000
0 0.383000 0.523000 0.013000 0.013000
0 0.286000 0.471000 0.023000 0.023000
0 0.868500 0.462500 0.018000 0.017000
0 0.568500 0.719000 0.034000 0.024000
0 0.773500 0.593500 0.022000 0.021000
0 0.353000 0.624000 0.026000 0.025000
0 0.386000 0.409000 0.021000 0.031000
0 0.431000 0.549000 0.011000 0.013000
0 0.753500 0.398500 0.015000 0.012000
0 0.440000 0.617000 0.027000 0.026000
0 0.292000 0.622000 0.028000 0.031000
0 0.158500 0.701000 0.023000 0.028000
0 0.645500 0.542000 0.014000 0.013000
0 0.358500 0.746500 0.017000 0.017000
0 0.674500 0.295000 0.011000 0.018000
0 0.465000 0.254500 0.035000 0.031000
0 0.250500 0.207000 0.012000 0.012000
0 0.577000 0.406000 0.016000 0.012000
0 0.780000 0.441500 0.022000 0.022000
0 0.653500 0.599000 0.016000 0.023000
0 0.713000 0.740000 0.020000 0.020000
0 0.638500 0.508000 0.014000 0.020000
0 0.486000 0.661500 0.030000 0.029000
0 0.602000 0.402500 0.025000 0.022000
0 0.367500 0.706500 0.014000 0.012000
0 0.343500 0.278000 0.022000 0.024000
0 0.554000 0.813500 0.026000 0.027000
0 0.389000 0.385000 0.023000 0.020000
0 0.488500 0.536000 0.023000 0.021000
0 0.433500 0.420500 0.009000 0.010000
0 0.304000 0.730000 0.025000 0.032000
0 0.576000 0.446500 0.019000 0.015000
0 0.490500 0.586500 0.019000 0.025000
0 0.286500 0.551000 0.018000 0.019000
0 0.632500 0.808000 0.014000 0.015000
0 0.456000 0.283500 0.024000 0.023000
0 0.504500 0.490000 0.018000 0.015000
0 0.411250 0.206500 0.023500 0.016000
0 0.577500 0.631000 0.026000 0.032000
0 0.710000 0.429000 0.012000 0.011000
0 0.426500 0.467500 0.018000 0.016000
0 0.830500 0.298000 0.021000 0.020000
0 0.452000 0.432500 0.029000 0.020000
0 0.479000 0.427500 0.034000 0.033000
0 0.731000 0.833500 0.023000 0.029000
0 0.428500 0.538500 0.031000 0.024000
0 0.425500 0.565000 0.024000 0.023000
0 0.405000 0.645500 0.022000 0.022000
0 0.557000 0.523500 0.021000 0.032000
0 0.475000 0.515000 0.025000 0.026000
0 0.370000 0.560000 0.022000 0.024000
0 0.492500 0.498000 0.015000 0.013000
0 0.276500 0.471000 0.022000 0.021000
0 0.774000 0.250000 0.023000 0.031000
0 0.595000 0.827000 0.019000 0.019000
0 0.500000 0.507000 0.021000 0.021000
0 0.319500 0.464000 0.012000 0.010000
0 0.676000 0.176000 0.020000 0.023000
0 0.641000 0.372000 0.024000 0.035000
0 0.857000 0.497000 0.020000 0.026000
0 0.562000 0.355250 0.020000 0.029500
0 0.387500 0.268000 0.024000 0.017000
0 0.547000 0.537000 0.015000 0.015000
0 0.808000 0.235000 0.024000 0.025000
0 0.497500 0.534000 0.011000 0.013000
0 0.456500 0.496000 0.021000 0.021000
0 0.381500 0.390000 0.030000 0.026000
0 0.457000 0.530750 0.019000 0.026500
0 0.276000 0.302500 0.027000 0.024000
0 0.558000 0.456000 0.012000 0.011000
0 0.466500 0.137500 0.022000 0.020000
0 0.502000 0.503000 0.019000 0.015000
0 0.604500 0.629000 0.030000 0.027000
0 0.143500 0.317000 0.014000 0.011000
0 0.566500 0.459000 0.013000 0.010000
0 0.168000 0.369000 0.025000 0.028000
0 0.337000 0.433500 0.028000 0.022000
0 0.531000 0.182000 0.012000 0.013000
0 0.503500 0.586000 0.023000 0.018000
0 0.197000 0.566000 0.012000 0.012000
0 0.568000 0.414500 0.009000 0.010000
0 0.396500 0.592000 0.021000 0.019000
0 0.575500 0.551500 0.023000 0.025000
0 0.383000 0.569500 0.021000 0.026000
0 0.373000 0.197500 0.010000 0.014000
0 0.444000 0.362000 0.011000 0.011000
0 0.469000 0.475500 0.023000 0.023000
0 0.183000 0.748000 0.014000 0.013000
0 0.104500 0.457000 0.018000 0.026000
0 0.647500 0.561000 0.024000 0.023000
0 0.434500 0.509500 0.027000 0.030000
0 0.405500 0.296000 0.024000 0.027000
0 0.677500 0.440500 0.028000 0.023000
0 0.602500 0.671000 0.025000 0.029000
0 0.541000 0.635500 0.021000 0.024000
0 0.467000 0.751500 0.014000 0.015000
0 0.174500 0.660500 0.030000 0.030000
0 0.459000 0.296500 0.021000 0.022000
0 0.777000 0.612500 0.023000 0.024000
0 0.100500 0.625000 0.023000 0.025000
0 0.475500 0.551500 0.024000 0.024000
0 0.334500 0.516000 0.027000 0.023000
0 0.523000 0.274500 0.030000 0.031000
0 0.128000 0.308500 0.030000 0.030000
0 0.513000 0.526500 0.013000 0.013000
0 0.654500 0.161500 0.017000 0.016000
0 0.177500 0.482500 0.019000 0.018000
0 0.275500 0.579500 0.024000 0.023000
0 0.464500 0.391000 0.018000 0.019000
0 0.374500 0.671500 0.019000 0.019000
0 0.305500 0.535000 0.013000 0.012000
0 0.480000 0.131000 0.028000 0.033000
0 0.329500 0.563500 0.027000 0.026000
0 0.281000 0.479500 0.018000 0.018000
0 0.731000 0.452000 0.028000 0.029000
0 0.477500 0.568000 0.016000 0.014000
0 0.452000 0.481500 0.029000 0.031000
0 0.319000 0.802000 0.022000 0.015000
0 0.454500 0.241500 0.018000 0.015000
0 0.567000 0.515000 0.030000 0.028000
0 0.610500 0.282000 0.023000 0.018000
0 0.623500 0.865000 0.014000 0.013000
0 0.262500 0.371500 0.028000 0.020000
0 0.738500 0.743000 0.020000 0.018000
0 0.436000 0.474500 0.014000 0.013000
0 0.515000 0.513500 0.016000 0.019000
0 0.589000 0.199000 0.011000 0.010000
0 0.198000 0.607500 0.027000 0.025000
0 0.501000 0.910000 0.014000 0.012000
0 0.699500 0.628000 0.025000 0.020000
0 0.598000 0.106000 0.024000 0.024000
0 0.702000 0.764000 0.012000 0.010000
0 0.398000 0.349500 0.016000 0.016000
0 0.264500 0.593500 0.016000 0.026000
0 0.519500 0.555000 0.025000 0.018000
0 0.381500 0.593000 0.013000 0.015000
0 0.490000 0.489000 0.023000 0.017000
0 0.563000 0.568000 0.015000 0.015000
0 0.516500 0.606500 0.021000 0.016000
0 0.567000 0.445000 0.014000 0.015000
0 0.266000 0.717000 0.020000 0.019000
0 0.451000 0.607500 0.021000 0.026000
0 0.393500 0.715000 0.029000 0.031000
0 0.588500 0.561750 0.014000 0.020500
0 0.539000 0.552500 0.021000 0.026000
0 0.346500 0.710000 0.017000 0.013000
0 0.350500 0.311500 0.022000 0.017000
0 0.469000 0.514000 0.027000 0.023000
0 0.423000 0.598000 0.015000 0.017000
0 0.471000 0.426000 0.016000 0.017000
0 0.488500 0.526000 0.020000 0.020000
0 0.609500 0.896500 0.026000 0.023000
0 0.582500 0.273000 0.018000 0.018000
0 0.487000 0.431000 0.015000 0.011000
0 0.522000 0.198500 0.020000 0.029000
0 0.324000 0.576000 0.013000 0.011000
0 0.511500 0.551500 0.014000 0.017000
0 0.660000 0.484500 0.017000 0.017000
0 0.675500 0.468000 0.021000 0.021000
0 0.270000 0.610000 0.023000 0.024000
0 0.732500 0.216000 0.021000 0.018000
0 0.404000 0.140000 0.020000 0.023000
0 0.191500 0.727500 0.022000 0.023000
0 0.445000 0.205000 0.024000 0.031000
0 0.702500 0.670000 0.019000 0.018000
0 0.427500 0.453000 0.024000 0.024000
0 0.600000 0.599500 0.016000 0.017000
0 0.525000 0.442500 0.019000 0.025000
0 0.245000 0.187000 0.012000 0.015000
0 0.537500 0.704500 0.014000 0.013000
0 0.643500 0.276000 0.021000 0.020000
0 0.797500 0.375500 0.028000 0.027000
0 0.156000 0.370500 0.012000 0.013000
0 0.735500 0.525500 0.017000 0.014000
0 0.496500 0.526500 0.015000 0.017000
0 0.406500 0.329500 0.021000 0.018000
0 0.549500 0.545000 0.009000 0.013000
0 0.393500 0.472000 0.012000 0.011000
0 0.458000 0.514000 0.013000 0.012000
0 0.376500 0.789000 0.021000 0.020000
0 0.510500 0.613500 0.024000 0.020000
0 0.423500 0.798500 0.018000 0.019000
0 0.477000 0.211000 0.020000 0.019000
0 0.484500 0.381500 0.017000 0.017000
0 0.363000 0.488000 0.015000 0.012000
0 0.574500 0.689000 0.010000 0.014000
0 0.392000 0.453000 0.018000 0.024000
0 0.724500 0.219000 0.022000 0.020000
0 0.616000 0.322000 0.015000 0.015000
0 0.547500 0.368750 0.024000 0.032500
0 0.528000 0.589000 0.028000 0.024000
0 0.155000 0.656500 0.018000 0.024000
0 0.520500 0.558000 0.036000 0.020000
0 0.503000 0.517500 0.014000 0.016000
0 0.298500 0.492500 0.014000 0.017000
0 0.579500 0.527000 0.023000 0.033000
0 0.556000 0.505000 0.011000 0.013000
0 0.593500 0.516500 0.018000 0.013000
0 0.289500 0.685500 0.015000 0.015000
0 0.445000 0.364000 0.019000 0.018000
0 0.564500 0.551500 0.021000 0.021000
0 0.379000 0.130500 0.024000 0.024000
0 0.586500 0.307000 0.031000 0.028000
0 0.328500 0.387000 0.025000 0.018000
0 0.445250 0.430000 0.029500 0.021000
0 0.095500 0.482000 0.012000 0.016000
0 0.885000 0.450000 0.011000 0.013000
0 0.417000 0.579000 0.018000 0.017000
0 0.199500 0.720500 0.012000 0.009000
0 0.490500 0.710000 0.024000 0.023000
0 0.704000 0.359000 0.031000 0.030000
0 0.447500 0.873000 0.013000 0.010000
0 0.717000 0.200500 0.016000 0.010000
0 0.554000 0.411500 0.012000 0.009000
0 0.449500 0.620500 0.016000 0.016000
0 0.530000 0.227500 0.026000 0.025000
0 0.552000 0.213000 0.030000 0.020000
0 0.496000 0.542500 0.011000 0.016000
0 0.345500 0.503500 0.024000 0.021000
0 0.418500 0.515500 0.009000 0.014000
0 0.436000 0.265000 0.030000 0.030000
0 0.369500 0.511500 0.020000 0.019000
0 0.449500 0.249500 0.023000 0.023000
0 0.607500 0.499500 0.010000 0.012000
0 0.556000 0.251500 0.012000 0.011000
0 0.362500 0.605000 0.031000 0.025000
0 0.421500 0.107500 0.025000 0.018000
0 0.590500 0.322500 0.009000 0.008000
0 0.217500 0.534000 0.030000 0.028000
0 0.604000 0.785000 0.015000 0.013000
0 0.621000 0.425000 0.010000 0.014000
0 0.579500 0.468000 0.024000 0.027000
0 0.602500 0.466000 0.021000 0.019000
0 0.712500 0.326500 0.021000 0.022000
0 0.260000 0.300500 0.032000 0.028000
0 0.496000 0.610500 0.026000 0.026000
0 0.191000 0.700000 0.022000 0.020000
0 0.781000 0.692000 0.015000 0.016000
0 0.258000 0.695000 0.015000 0.014000
0 0.518000 0.471500 0.013000 0.013000
0 0.647000 0.671500 0.012000 0.012000
0 0.307000 0.664000 0.019000 0.026000
0 0.436000 0.791500 0.012000 0.015000
0 0.463000 0.271000 0.010000 0.013000
0 0.564000 0.085500 0.024000 0.024000
0 0.284000 0.362500 0.017000 0.015000
0 0.641750 0.242750 0.014500 0.014500
0 0.545000 0.573000 0.014000 0.014000
0 0.395000 0.505000 0.014000 0.014000
0 0.400500 0.387500 0.008000 0.008000
0 0.618000 0.751000 0.011000 0.009000
0 0.678250 0.730000 0.014500 0.010000
0 0.694000 0.309000 0.011000 0.014000
0 0.441000 0.736500 0.028000 0.031000
0 0.323000 0.158500 0.013000 0.013000
0 0.488000 0.834500 0.016000 0.017000
0 0.664500 0.237500 0.024000 0.031000
0 0.347000 0.479500 0.014000 0.015000
0 0.656000 0.349000 0.027000 0.028000
0 0.696500 0.587000 0.015000 0.018000
0 0.539000 0.608000 0.020000 0.022000
0 0.159000 0.618000 0.015000 0.014000
0 0.567500 0.543500 0.017000 0.014000
0 0.270500 0.289500 0.026000 0.022000
0 0.428000 0.530500 0.020000 0.018000
0 0.654000 0.623000 0.014000 0.015000
0 0.413000 0.572000 0.016000 0.012000
0 0.458500 0.535000 0.013000 0.012000
0 0.738000 0.346500 0.018000 0.017000
0 0.498500 0.465000 0.020000 0.022000
0 0.790500 0.557500 0.024000 0.018000
0 0.493500 0.879500 0.012000 0.017000
0 0.476500 0.372500 0.011000 0.014000
0 0.581500 0.472500 0.014000 0.010000
0 0.328500 0.360000 0.021000 0.020000
0 0.534500 0.809500 0.017000 0.017000
0 0.511500 0.573500 0.022000 0.023000
0 0.714500 0.297000 0.022000 0.024000
0 0.168500 0.298500 0.024000 0.031000
0 0.623500 0.478000 0.011000 0.013000
0 0.519500 0.484000 0.012000 0.010000
0 0.301000 0.190000 0.035000 0.034000
0 0.581000 0.206500 0.019000 0.018000
0 0.481500 0.319500 0.010000 0.010000
0 0.688500 0.576000 0.018000 0.017000
0 0.592000 0.639000 0.031000 0.021000
0 0.245000 0.371000 0.031000 0.020000
0 0.512500 0.430500 0.017000 0.019000
0 0.659000 0.390500 0.010000 0.012000
0 0.228500 0.556500 0.009000 0.009000
0 0.415500 0.589500 0.012000 0.016000
0 0.464000 0.508000 0.016000 0.021000
0 0.398500 0.426000 0.010000 0.010000
0 0.226000 0.436000 0.018000 0.020000
0 0.404500 0.413500 0.019000 0.016000
0 0.596500 0.709000 0.027000 0.032000
0 0.744500 0.719500 0.029000 0.028000
0 0.299000 0.148000 0.021000 0.018000
0 0.405000 0.483000 0.019000 0.023000
0 0.403500 0.536500 0.022000 0.017000
0 0.421000 0.534500 0.015000 0.020000
0 0.622000 0.552000 0.022000 0.022000
0 0.484500 0.578000 0.026000 0.026000
0 0.596500 0.486000 0.023000 0.023000
0 0.383500 0.639500 0.028000 0.027000
0 0.604500 0.676000 0.022000 0.021000
0 0.633500 0.659500 0.012000 0.014000
0 0.155500 0.491500 0.028000 0.035000
0 0.555500 0.570500 0.018000 0.021000
0 0.528500 0.364500 0.026000 0.018000
0 0.553500 0.120500 0.017000 0.017000
0 0.406750 0.458500 0.017500 0.013000
0 0.635500 0.430000 0.021000 0.022000
0 0.428500 0.404500 0.016000 0.019000
0 0.378500 0.570000 0.020000 0.012000
0 0.496000 0.472500 0.031000 0.036000
0 0.253500 0.408500 0.023000 0.023000
0 0.789000 0.512000 0.023000 0.021000
0 0.816500 0.446500 0.021000 0.022000
0 0.682000 0.217000 0.032000 0.018000
0 0.586500 0.584500 0.013000 0.021000
0 0.753500 0.689000 0.023000 0.021000
0 0.532000 0.542000 0.027000 0.021000
0 0.732500 0.192000 0.021000 0.020000
0 0.599000 0.314500 0.018000 0.020000
0 0.742500 0.791000 0.013000 0.014000
0 0.516500 0.634500 0.018000 0.018000
0 0.906000 0.531500 0.027000 0.019000
0 0.547000 0.596500 0.012000 0.013000
0 0.379000 0.848000 0.016000 0.020000
0 0.624500 0.460000 0.029000 0.019000
0 0.318500 0.613000 0.023000 0.029000
0 0.633500 0.756500 0.018000 0.020000
0 0.363500 0.233500 0.022000 0.023000
0 0.488500 0.399000 0.017000 0.014000
0 0.763000 0.809000 0.024000 0.027000
0 0.694000 0.276000 0.030000 0.030000
0 0.506500 0.257000 0.024000 0.025000
0 0.788000 0.577500 0.025000 0.026000
0 0.546000 0.846500 0.008000 0.008000
0 0.407000 0.562500 0.019000 0.024000
0 0.511000 0.453000 0.010000 0.011000
0 0.282500 0.167000 0.021000 0.023000
0 0.383500 0.344500 0.012000 0.013000
0 0.491500 0.780000 0.020000 0.021000
0 0.435000 0.487000 0.019000 0.015000
0 0.349000 0.607500 0.026000 0.023000
0 0.520250 0.520000 0.020500 0.017000
0 0.403000 0.496000 0.022000 0.017000
0 0.560000 0.336500 0.015000 0.017000
0 0.574500 0.502500 0.011000 0.011000
0 0.662500 0.620000 0.018000 0.016000
0 0.443000 0.589500 0.019000 0.018000
0 0.147000 0.415000 0.026000 0.022000
0 0.185000 0.645500 0.014000 0.014000
0 0.309000 0.617000 0.015000 0.023000
0 0.174500 0.620500 0.028000 0.033000
0 0.387500 0.493000 0.015000 0.020000
0 0.494500 0.512500 0.016000 0.023000
0 0.602250 0.109500 0.023500 0.017000
0 0.496000 0.262500 0.010000 0.009000
0 0.726000 0.328000 0.020000 0.026000
0 0.710500 0.574500 0.024000 0.023000
0 0.334000 0.405000 0.015000 0.015000
0 0.467000 0.364000 0.019000 0.020000
0 0.768500 0.538500 0.021000 0.021000
0 0.807500 0.219500 0.014000 0.016000
0 0.480000 0.357000 0.016000 0.016000
0 0.675000 0.259000 0.030000 0.031000
0 0.680000 0.270000 0.027000 0.024000
0 0.510250 0.503500 0.014500 0.010000
0 0.830500 0.449500 0.015000 0.018000
0 0.787000 0.242500 0.017000 0.015000
0 0.491500 0.450500 0.012000 0.012000
0 0.320000 0.353000 0.016000 0.014000
0 0.604500 0.488000 0.016000 0.022000
0 0.512000 0.564000 0.018000 0.013000
0 0.302500 0.521500 0.018000 0.018000
0 0.557000 0.530000 0.014000 0.014000
0 0.184000 0.232500 0.013000 0.020000
0 0.553500 0.678000 0.022000 0.021000
0 0.456500 0.450000 0.020000 0.019000
0 0.866500 0.477000 0.022000 0.019000
0 0.706500 0.732500 0.020000 0.018000
0 0.491500 0.328500 0.019000 0.025000
0 0.720500 0.269000 0.019000 0.028000
0 0.654500 0.521000 0.025000 0.020000
0 0.817000 0.673500 0.026000 0.028000
0 0.422000 0.718000 0.013000 0.011000
0 0.384500 0.337500 0.022000 0.021000
0 0.511000 0.771000 0.015000 0.017000
0 0.260000 0.575000 0.016000 0.017000
0 0.474500 0.534000 0.025000 0.021000