0 0.413000 0.491500 0.032000 0.031000
0 0.697500 0.848500 0.021000 0.020000
0 0.566500 0.316000 0.011000 0.013000
0 0.395000 0.304500 0.021000 0.019000
0 0.424000 0.404000 0.019000 0.020000
0 0.799000 0.622000 0.018000 0.015000
0 0.787000 0.202500 0.014000 0.015000
0 0.844500 0.680000 0.010000 0.017000
0 0.626000 0.406000 0.023000 0.024000
0 0.721500 0.364000 0.021000 0.014000
0 0.500500 0.583000 0.015000 0.015000
0 0.336000 0.483500 0.015000 0.011000
0 0.636000 0.427500 0.025000 0.025000
0 0.345500 0.348000 0.012000 0.010000
0 0.660250 0.866500 0.023500 0.016000
0 0.491500 0.495000 0.029000 0.022000
0 0.296500 0.284500 0.019000 0.027000
0 0.485500 0.451000 0.017000 0.017000
0 0.102500 0.416000 0.022000 0.022000
0 0.310500 0.592000 0.021000 0.021000
0 0.421000 0.663500 0.019000 0.019000
0 0.346000 0.387500 0.020000 0.021000
0 0.339000 0.116000 0.021000 0.021000
0 0.342000 0.365000 0.015000 0.012000
0 0.442500 0.229000 0.025000 0.025000
0 0.281500 0.709000 0.024000 0.026000
0 0.607000 0.423500 0.023000 0.019000
0 0.462000 0.490000 0.019000 0.020000
0 0.731000 0.227500 0.021000 0.016000
0 0.466000 0.475500 0.014000 0.017000
0 0.467500 0.884500 0.013000 0.015000
0 0.466000 0.315000 0.018000 0.023000
0 0.359000 0.381500 0.019000 0.010000
0 0.410500 0.706500 0.021000 0.022000
0 0.327000 0.746000 0.030000 0.025000
0 0.759500 0.681000 0.017000 0.020000
0 0.430000 0.547500 0.031000 0.031000
0 0.536000 0.245500 0.014000 0.017000
0 0.237500 0.743500 0.028000 0.028000
0 0.434500 0.170500 0.011000 0.012000
0 0.394500 0.314000 0.027000 0.032000
0 0.251500 0.434000 0.022000 0.022000
0 0.440000 0.423500 0.012000 0.013000
0 0.404500 0.427000 0.021000 0.035000
0 0.424000 0.527000 0.016000 0.019000
0 0.585000 0.815500 0.014000 0.016000
0 0.677000 0.876000 0.026000 0.020000
0 0.505500 0.494000 0.014000 0.019000
0 0.746000 0.424500 0.016000 0.017000
0 0.372000 0.165750 0.012000 0.011500
0 0.498500 0.501500 0.021000 0.025000
0 0.610750 0.269000 0.014500 0.014000
0 0.473000 0.428000 0.015000 0.015000
0 0.620500 0.124000 0.017000 0.020000
0 0.398500 0.639000 0.008000 0.008000
0 0.628000 0.804500 0.035000 0.035000
0 0.601500 0.338000 0.023000 0.023000
0 0.586000 0.089000 0.021000 0.022000
0 0.726500 0.475500 0.010000 0.016000
0 0.707500 0.501000 0.017000 0.019000
0 0.333500 0.303500 0.023000 0.021000
0 0.542000 0.537500 0.028000 0.025000
0 0.532500 0.496000 0.024000 0.021000
0 0.546000 0.810500 0.018000 0.018000
0 0.721500 0.320500 0.023000 0.025000
0 0.516000 0.504500 0.013000 0.016000
0 0.595500 0.288000 0.020000 0.019000
0 0.260500 0.208000 0.020000 0.026000
0 0.268750 0.335000 0.014500 0.012000
0 0.472500 0.521500 0.017000 0.017000
0 0.131500 0.669000 0.011000 0.012000
0 0.223500 0.185000 0.021000 0.024000
0 0.502000 0.435000 0.017000 0.022000
0 0.295500 0.382500 0.014000 0.014000
0 0.520500 0.493500 0.016000 0.020000
0 0.485500 0.639500 0.018000 0.015000
0 0.659000 0.368500 0.014000 0.016000
0 0.567000 0.762500 0.012000 0.013000
0 0.304500 0.472500 0.026000 0.029000
0 0.240500 0.452000 0.019000 0.019000
0 0.573500 0.357000 0.024000 0.019000
0 0.430500 0.351500 0.016000 0.012000
0 0.405000 0.511500 0.022000 0.024000
0 0.557000 0.420500 0.020000 0.019000
0 0.469500 0.798500 0.021000 0.023000
0 0.524500 0.263500 0.017000 0.022000
0 0.351500 0.488500 0.010000 0.010000
0 0.406500 0.369500 0.032000 0.026000
0 0.473000 0.662500 0.010000 0.012000
0 0.343500 0.476000 0.025000 0.027000
0 0.525000 0.371000 0.019000 0.019000
0 0.722500 0.487500 0.022000 0.019000
0 0.532500 0.542500 0.014000 0.018000
0 0.685000 0.139500 0.032000 0.031000
0 0.445500 0.144500 0.026000 0.026000
0 0.680000 0.435500 0.024000 0.029000
0 0.463000 0.534000 0.024000 0.017000
0 0.198000 0.534500 0.013000 0.012000
0 0.458500 0.743500 0.014000 0.009000
0 0.226000 0.344000 0.013000 0.012000
0 0.412000 0.345250 0.020000 0.029500
0 0.606500 0.605000 0.009000 0.011000
0 0.888500 0.493500 0.021000 0.021000
0 0.154500 0.272500 0.025000 0.027000
0 0.605500 0.308000 0.012000 0.016000
0 0.460500 0.731000 0.018000 0.022000
0 0.718000 0.577500 0.022000 0.027000
0 0.805500 0.521000 0.019000 0.017000
0 0.246500 0.559000 0.018000 0.018000
0 0.499500 0.598500 0.024000 0.026000
0 0.354000 0.605500 0.012000 0.016000
0 0.335500 0.287000 0.015000 0.014000
0 0.684500 0.486000 0.019000 0.020000
0 0.832000 0.607500 0.022000 0.021000
0 0.422000 0.151000 0.022000 0.022000
0 0.644500 0.338500 0.025000 0.025000
0 0.373000 0.592000 0.021000 0.020000
0 0.533500 0.493500 0.020000 0.016000
0 0.558000 0.741000 0.028000 0.032000
0 0.417500 0.734000 0.021000 0.018000
0 0.365000 0.233500 0.015000 0.015000
0 0.487500 0.665500 0.021000 0.021000
0 0.746500 0.165500 0.015000 0.013000
0 0.690000 0.671500 0.017000 0.021000
0 0.781000 0.319500 0.018000 0.021000
0 0.743000 0.795500 0.018000 0.016000
0 0.678500 0.677500 0.026000 0.033000
0 0.521500 0.594500 0.024000 0.022000
0 0.835000 0.300000 0.025000 0.025000
0 0.520000 0.515500 0.020000 0.022000
0 0.546500 0.322500 0.025000 0.026000
0 0.560000 0.388500 0.015000 0.014000
0 0.385000 0.116000 0.018000 0.017000
0 0.458000 0.505000 0.027000 0.023000
0 0.236000 0.499500 0.015000 0.022000
0 0.538500 0.382500 0.010000 0.012000
0 0.430000 0.655000 0.026000 0.032000
0 0.293500 0.589000 0.021000 0.023000
0 0.505000 0.420000 0.015000 0.017000
0 0.480500 0.268000 0.011000 0.012000
0 0.597500 0.878000 0.030000 0.022000
0 0.787000 0.371000 0.019000 0.017000
0 0.408000 0.845500 0.008000 0.009000
0 0.502000 0.579500 0.013000 0.013000
0 0.424000 0.618000 0.012000 0.013000
0 0.292500 0.676500 0.024000 0.018000
0 0.544000 0.892000 0.025000 0.017000
0 0.333000 0.391500 0.023000 0.018000
0 0.481500 0.485500 0.015000 0.020000
0 0.708000 0.294500 0.020000 0.022000
0 0.433000 0.776500 0.031000 0.026000
0 0.483500 0.155000 0.020000 0.022000
0 0.391000 0.576000 0.016000 0.013000
0 0.464000 0.706000 0.027000 0.035000
0 0.276000 0.233000 0.015000 0.015000
0 0.581500 0.582500 0.016000 0.020000
0 0.419500 0.515500 0.027000 0.032000
0 0.108500 0.631000 0.018000 0.026000
0 0.476000 0.911000 0.013000 0.016000
0 0.855000 0.570500 0.020000 0.015000
0 0.625000 0.453500 0.010000 0.012000
0 0.527000 0.872500 0.023000 0.027000
0 0.340000 0.239500 0.023000 0.028000
0 0.494000 0.516500 0.017000 0.017000
0 0.470000 0.291000 0.019000 0.019000
0 0.561500 0.519000 0.027000 0.024000
0 0.596000 0.398500 0.021000 0.021000
0 0.503500 0.316500 0.029000 0.030000
0 0.388500 0.653000 0.013000 0.022000
0 0.226500 0.609000 0.023000 0.021000
0 0.514000 0.183000 0.024000 0.023000
0 0.501000 0.510000 0.023000 0.018000
0 0.467000 0.870000 0.020000 0.021000
0 0.582000 0.458000 0.026000 0.026000
0 0.646000 0.740500 0.023000 0.023000
0 0.324500 0.860000 0.018000 0.024000
0 0.839000 0.466500 0.023000 0.017000
0 0.170500 0.543000 0.015000 0.016000
0 0.449500 0.513000 0.019000 0.017000
0 0.382000 0.438500 0.021000 0.017000
0 0.150500 0.433500 0.014000 0.015000
0 0.453000 0.429000 0.018000 0.019000
0 0.710500 0.590000 0.016000 0.017000
0 0.753000 0.227500 0.021000 0.021000
0 0.351000 0.716000 0.019000 0.019000
0 0.455000 0.631000 0.023000 0.029000
0 0.210500 0.555500 0.013000 0.021000
0 0.372500 0.369000 0.021000 0.022000
0 0.514000 0.553500 0.028000 0.028000
0 0.780500 0.298500 0.015000 0.014000
0 0.784500 0.415500 0.023000 0.017000
0 0.706000 0.492500 0.024000 0.024000
0 0.409500 0.460500 0.026000 0.018000
0 0.495000 0.434500 0.015000 0.014000
0 0.436000 0.687000 0.019000 0.013000
0 0.757000 0.312000 0.026000 0.028000
0 0.748500 0.502500 0.013000 0.019000
0 0.221500 0.737500 0.021000 0.022000
0 0.631000 0.722500 0.019000 0.018000
0 0.707500 0.535500 0.027000 0.026000
0 0.263000 0.242500 0.018000 0.018000
0 0.501000 0.498500 0.014000 0.019000
0 0.470000 0.412000 0.023000 0.022000
0 0.569500 0.581500 0.012000 0.012000
0 0.274500 0.621500 0.028000 0.026000
0 0.359500 0.809000 0.020000 0.026000
0 0.510000 0.510000 0.019000 0.026000
0 0.503500 0.638000 0.029000 0.024000
0 0.404500 0.753000 0.012000 0.010000
0 0.782000 0.540000 0.020000 0.022000
0 0.545500 0.478000 0.023000 0.019000
0 0.319500 0.482500 0.028000 0.028000
0 0.722000 0.740500 0.015000 0.012000
0 0.594000 0.471500 0.021000 0.021000
0 0.392000 0.520500 0.018000 0.015000
0 0.552000 0.639000 0.016000 0.018000
0 0.266000 0.361500 0.017000 0.016000
0 0.474500 0.655500 0.030000 0.027000
0 0.592000 0.596000 0.011000 0.012000
0 0.297500 0.497500 0.009000 0.009000
0 0.785500 0.587000 0.020000 0.020000
0 0.178000 0.240000 0.014000 0.017000
0 0.521000 0.142500 0.023000 0.027000
0 0.206500 0.456500 0.020000 0.016000
0 0.115500 0.454000 0.019000 0.014000
0 0.589000 0.525000 0.019000 0.019000
0 0.714500 0.218000 0.032000 0.029000
0 0.859500 0.506000 0.012000 0.012000
0 0.245000 0.418000 0.018000 0.013000
0 0.567500 0.709500 0.025000 0.025000
0 0.488500 0.474000 0.028000 0.028000
0 0.219000 0.640000 0.015000 0.016000
0 0.441500 0.489500 0.016000 0.015000
0 0.407000 0.698500 0.012000 0.012000
0 0.891500 0.536000 0.017000 0.017000
0 0.487000 0.382500 0.016000 0.017000
0 0.504000 0.746500 0.014000 0.018000
0 0.409500 0.169000 0.021000 0.022000
0 0.535500 0.751000 0.008000 0.008000
0 0.542000 0.775500 0.025000 0.020000
0 0.563000 0.443500 0.028000 0.024000
0 0.648000 0.189000 0.022000 0.029000
0 0.351500 0.480500 0.023000 0.023000
0 0.634000 0.361500 0.022000 0.024000
0 0.510500 0.588500 0.031000 0.028000
0 0.849000 0.634500 0.031000 0.026000
0 0.541500 0.545500 0.026000 0.026000
0 0.780500 0.357500 0.025000 0.024000
0 0.669000 0.504000 0.033000 0.031000
0 0.198000 0.294250 0.027000 0.026500
0 0.334500 0.609500 0.011000 0.011000
0 0.721500 0.458500 0.016000 0.023000
0 0.224000 0.292500 0.019000 0.015000
0 0.709000 0.440000 0.014000 0.013000
0 0.341500 0.882500 0.027000 0.028000
0 0.550500 0.685000 0.012000 0.015000
0 0.416000 0.851500 0.019000 0.015000
0 0.424000 0.741500 0.022000 0.030000
0 0.721500 0.784000 0.024000 0.027000
0 0.547500 0.141000 0.016000 0.015000
0 0.567000 0.095500 0.012000 0.010000
0 0.548500 0.463000 0.014000 0.015000
0 0.335000 0.213500 0.018000 0.018000
0 0.552000 0.719500 0.010000 0.010000
0 0.144500 0.280500 0.011000 0.010000
0 0.416500 0.799000 0.032000 0.034000
0 0.376000 0.223500 0.015000 0.016000
0 0.457000 0.763000 0.027000 0.027000
0 0.772000 0.327000 0.015000 0.013000
0 0.602500 0.564000 0.033000 0.032000
0 0.506500 0.769500 0.026000 0.022000
0 0.329000 0.278500 0.016000 0.013000
0 0.627000 0.857500 0.024000 0.019000
0 0.426500 0.579500 0.018000 0.017000
0 0.692500 0.523500 0.010000 0.013000
0 0.873500 0.607500 0.031000 0.026000
0 0.374000 0.697500 0.022000 0.022000
0 0.691500 0.300500 0.012000 0.012000
0 0.739500 0.450000 0.011000 0.016000
0 0.321500 0.445000 0.019000 0.018000
0 0.628500 0.304000 0.017000 0.018000
0 0.530500 0.616500 0.014000 0.010000
0 0.838500 0.418000 0.018000 0.017000
0 0.396500 0.733500 0.024000 0.022000
0 0.139000 0.325000 0.026000 0.028000
0 0.349000 0.301000 0.022000 0.022000
0 0.178500 0.698500 0.025000 0.026000
0 0.325000 0.260500 0.017000 0.012000
0 0.429000 0.421000 0.013000 0.017000
0 0.316500 0.135500 0.014000 0.014000
0 0.745500 0.757000 0.020000 0.022000
0 0.524500 0.461000 0.016000 0.014000
0 0.305000 0.556000 0.022000 0.022000
0 0.567500 0.471500 0.009000 0.010000
0 0.636000 0.735500 0.009000 0.013000
0 0.407500 0.594500 0.017000 0.018000
0 0.453500 0.527000 0.019000 0.021000
0 0.514500 0.689500 0.023000 0.029000
0 0.617500 0.312000 0.013000 0.016000
0 0.620500 0.627500 0.020000 0.016000
0 0.452500 0.560000 0.019000 0.020000
0 0.570500 0.509500 0.032000 0.030000
0 0.733000 0.299500 0.016000 0.015000
0 0.526000 0.293500 0.018000 0.017000
0 0.556500 0.716500 0.016000 0.013000
0 0.391000 0.668500 0.026000 0.020000
0 0.512500 0.742000 0.019000 0.018000
0 0.602500 0.581750 0.016000 0.023500
0 0.340000 0.221500 0.015000 0.019000
0 0.515000 0.483500 0.018000 0.014000
0 0.740000 0.479500 0.024000 0.021000
0 0.236000 0.520000 0.027000 0.027000
0 0.491500 0.531500 0.025000 0.022000
0 0.657500 0.448500 0.022000 0.024000
0 0.826500 0.578500 0.010000 0.012000
0 0.136000 0.456000 0.025000 0.025000
0 0.861000 0.578500 0.027000 0.026000
0 0.416000 0.608500 0.017000 0.017000
0 0.442500 0.390000 0.027000 0.028000
0 0.763000 0.428000 0.010000 0.012000
0 0.562500 0.594750 0.016000 0.023500
0 0.395500 0.442000 0.023000 0.024000
0 0.232000 0.390500 0.012000 0.012000
0 0.690000 0.127000 0.013000 0.014000
0 0.833000 0.487500 0.016000 0.018000
0 0.449000 0.502500 0.014000 0.015000
0 0.420000 0.468000 0.016000 0.017000
0 0.327500 0.645000 0.014000 0.016000
0 0.839500 0.450500 0.012000 0.012000
0 0.708000 0.359000 0.009000 0.013000
0 0.479000 0.515000 0.022000 0.016000
0 0.229500 0.223000 0.016000 0.017000
0 0.409500 0.398000 0.034000 0.033000
0 0.289500 0.454000 0.020000 0.016000
0 0.315500 0.672500 0.024000 0.022000
0 0.513500 0.467500 0.019000 0.021000
0 0.498500 0.493500 0.020000 0.020000
0 0.644000 0.721500 0.015000 0.013000
0 0.333500 0.244000 0.026000 0.026000
0 0.488000 0.441500 0.010000 0.015000
0 0.235500 0.705500 0.026000 0.023000
0 0.545500 0.503000 0.019000 0.019000
0 0.766500 0.209000 0.012000 0.013000
0 0.350500 0.443500 0.016000 0.021000
0 0.377000 0.497000 0.023000 0.021000
0 0.574500 0.454000 0.024000 0.027000
0 0.417500 0.418500 0.016000 0.018000
0 0.524500 0.187500 0.016000 0.017000
0 0.386500 0.102500 0.009000 0.009000
0 0.782500 0.484000 0.019000 0.018000
0 0.404500 0.614000 0.009000 0.010000
0 0.412500 0.259500 0.026000 0.025000
0 0.670000 0.388500 0.026000 0.020000
0 0.211500 0.658000 0.028000 0.032000
0 0.329000 0.273000 0.023000 0.025000
0 0.226500 0.241500 0.018000 0.015000
0 0.398000 0.378250 0.010000 0.014500
0 0.660000 0.172500 0.015000 0.027000
0 0.810500 0.316000 0.022000 0.020000
0 0.450000 0.477500 0.020000 0.024000
0 0.494250 0.274500 0.026500 0.018000
0 0.495500 0.443000 0.017000 0.021000
0 0.134000 0.520000 0.026000 0.023000
0 0.836500 0.588500 0.023000 0.025000
0 0.687500 0.176000 0.016000 0.018000
0 0.593000 0.417000 0.022000 0.024000
0 0.863000 0.650500 0.010000 0.011000
0 0.520000 0.758500 0.027000 0.027000
0 0.227000 0.523500 0.013000 0.012000
0 0.327000 0.450500 0.013000 0.011000
0 0.524500 0.472000 0.028000 0.021000
0 0.383000 0.250000 0.024000 0.025000
0 0.462500 0.720500 0.028000 0.031000
0 0.429500 0.464500 0.016000 0.018000
0 0.332000 0.850500 0.020000 0.018000
0 0.152000 0.582500 0.029000 0.024000
0 0.347000 0.157500 0.018000 0.023000
0 0.643500 0.681500 0.011000 0.016000
0 0.218000 0.414000 0.025000 0.030000
0 0.852000 0.336000 0.025000 0.027000
0 0.273500 0.485000 0.015000 0.014000
0 0.753250 0.688000 0.014500 0.012000
0 0.679000 0.604000 0.017000 0.021000
0 0.453500 0.490000 0.019000 0.019000
0 0.612000 0.336500 0.023000 0.020000
0 0.832000 0.537000 0.022000 0.022000
0 0.412000 0.431500 0.025000 0.024000
0 0.438000 0.441000 0.026000 0.028000
0 0.691500 0.563500 0.026000 0.026000
0 0.369000 0.527500 0.023000 0.024000
0 0.690000 0.361500 0.013000 0.012000
0 0.508500 0.619500 0.023000 0.020000
0 0.309000 0.627500 0.022000 0.026000
0 0.459000 0.440500 0.026000 0.023000
0 0.471500 0.537500 0.022000 0.020000
0 0.274500 0.304000 0.016000 0.010000
0 0.091000 0.462500 0.014000 0.014000
0 0.449500 0.548500 0.027000 0.027000
0 0.388000 0.885000 0.021000 0.023000
0 0.563500 0.698500 0.012000 0.014000
0 0.648500 0.418000 0.016000 0.016000
0 0.529000 0.533000 0.026000 0.025000
0 0.318000 0.491000 0.018000 0.020000
0 0.679500 0.388000 0.020000 0.018000
0 0.888000 0.371500 0.026000 0.016000
0 0.497000 0.755000 0.018000 0.020000
0 0.238500 0.214500 0.011000 0.017000
0 0.884500 0.666500 0.008000 0.013000
0 0.393000 0.418500 0.025000 0.019000
0 0.897500 0.368000 0.025000 0.033000
0 0.256250 0.692500 0.017500 0.015000
0 0.537500 0.476500 0.028000 0.022000
0 0.330500 0.326500 0.025000 0.025000
0 0.399500 0.831000 0.021000 0.022000
0 0.584500 0.423000 0.020000 0.020000
0 0.406500 0.770750 0.016000 0.023500
0 0.368000 0.765000 0.026000 0.028000
0 0.448500 0.670000 0.021000 0.031000
0 0.171000 0.243500 0.014000 0.016000
0 0.272000 0.792500 0.022000 0.024000
0 0.531500 0.752500 0.016000 0.015000
0 0.442500 0.277000 0.013000 0.013000
0 0.496000 0.761000 0.023000 0.017000
0 0.643000 0.109000 0.016000 0.018000
0 0.861000 0.528500 0.019000 0.017000
0 0.806500 0.778500 0.014000 0.014000
0 0.169500 0.707500 0.023000 0.023000
0 0.521000 0.379500 0.016000 0.017000
0 0.352500 0.411500 0.018000 0.014000
0 0.852500 0.395500 0.011000 0.012000
0 0.678000 0.618000 0.032000 0.031000
0 0.458000 0.783500 0.012000 0.012000
0 0.698500 0.464500 0.011000 0.011000
0 0.431500 0.260500 0.017000 0.022000
0 0.454500 0.591000 0.024000 0.023000
0 0.345500 0.667000 0.017000 0.016000
0 0.294500 0.486500 0.027000 0.028000
0 0.895500 0.398000 0.016000 0.014000
0 0.462500 0.575500 0.013000 0.011000
0 0.246500 0.408000 0.014000 0.015000
0 0.284000 0.432000 0.016000 0.016000
0 0.363500 0.469500 0.011000 0.016000
0 0.215000 0.649500 0.020000 0.023000
0 0.427000 0.198000 0.027000 0.032000
0 0.348000 0.582000 0.012000 0.012000
0 0.700500 0.448500 0.017000 0.017000
0 0.112000 0.474500 0.016000 0.019000
0 0.682000 0.206500 0.020000 0.022000
0 0.772000 0.488500 0.026000 0.020000
0 0.476500 0.417000 0.021000 0.021000
0 0.353000 0.630500 0.010000 0.010000
0 0.279500 0.156500 0.021000 0.023000
0 0.129000 0.476000 0.018000 0.019000
0 0.351500 0.396000 0.015000 0.014000
0 0.542500 0.401000 0.024000 0.031000
0 0.271000 0.409500 0.015000 0.014000
0 0.717500 0.342250 0.016000 0.023500
0 0.648000 0.547500 0.030000 0.024000
0 0.438500 0.570000 0.034000 0.028000
0 0.333500 0.560500 0.019000 0.019000
0 0.663500 0.555500 0.013000 0.012000
0 0.465250 0.559500 0.029500 0.022000
0 0.568000 0.378500 0.030000 0.028000
0 0.332000 0.178000 0.014000 0.014000
0 0.147500 0.386000 0.034000 0.034000
0 0.430500 0.524500 0.011000 0.014000
0 0.602000 0.731500 0.014000 0.017000
0 0.279500 0.508000 0.019000 0.026000
0 0.224000 0.260000 0.017000 0.016000
0 0.516000 0.636500 0.032000 0.035000
0 0.840000 0.325500 0.020000 0.019000
0 0.508000 0.496000 0.022000 0.029000
0 0.336000 0.143000 0.036000 0.036000
0 0.548500 0.677500 0.013000 0.012000
0 0.850000 0.719500 0.020000 0.019000
0 0.662500 0.682500 0.017000 0.011000
0 0.115000 0.663500 0.016000 0.015000
0 0.729500 0.507500 0.031000 0.029000
0 0.366000 0.362500 0.022000 0.021000
0 0.474500 0.503500 0.018000 0.022000
0 0.506500 0.501500 0.015000 0.028000
0 0.669000 0.160000 0.020000 0.022000
0 0.264500 0.234500 0.018000 0.015000
0 0.280500 0.522000 0.018000 0.027000
0 0.495000 0.262000 0.016000 0.018000
0 0.798250 0.591500 0.017500 0.014000
0 0.730000 0.175000 0.023000 0.019000
0 0.458500 0.405500 0.015000 0.015000
0 0.714000 0.490000 0.016000 0.015000
0 0.490000 0.208000 0.022000 0.016000
0 0.183500 0.634500 0.024000 0.032000
0 0.562000 0.085500 0.025000 0.023000
0 0.495500 0.524000 0.014000 0.010000
0 0.186000 0.545000 0.013000 0.012000
0 0.242500 0.376000 0.019000 0.016000
0 0.267000 0.301000 0.009000 0.011000
0 0.627000 0.376000 0.016000 0.013000
0 0.510000 0.579000 0.023000 0.020000
0 0.401500 0.556000 0.015000 0.014000
0 0.524500 0.423500 0.010000 0.011000
0 0.373500 0.181000 0.021000 0.020000
0 0.677500 0.149500 0.026000 0.026000
0 0.169500 0.481000 0.022000 0.031000
0 0.390500 0.362000 0.026000 0.026000
0 0.748500 0.714500 0.014000 0.014000
0 0.427500 0.590000 0.019000 0.020000
0 0.580500 0.677500 0.021000 0.027000
0 0.622000 0.233000 0.021000 0.027000
0 0.242000 0.354500 0.026000 0.029000
0 0.538000 0.434000 0.008000 0.009000
0 0.501000 0.757500 0.017000 0.022000
0 0.536500 0.338000 0.015000 0.015000
0 0.304000 0.268500 0.021000 0.020000
0 0.619000 0.291500 0.023000 0.025000
0 0.178500 0.275500 0.017000 0.020000
0 0.583500 0.665500 0.028000 0.020000
0 0.274500 0.543000 0.019000 0.026000
0 0.915500 0.451500 0.023000 0.020000
0 0.551750 0.248250 0.020500 0.020500
0 0.506000 0.476000 0.015000 0.019000
0 0.715000 0.154500 0.016000 0.018000
0 0.842000 0.353500 0.013000 0.009000
0 0.542000 0.237000 0.011000 0.015000
0 0.252000 0.755500 0.029000 0.026000
0 0.464500 0.519500 0.023000 0.027000
0 0.488000 0.748000 0.018000 0.019000
0 0.289500 0.834500 0.035000 0.029000
0 0.459000 0.344000 0.019000 0.025000
0 0.796000 0.754500 0.027000 0.024000
0 0.326500 0.598000 0.031000 0.022000
0 0.793500 0.537000 0.028000 0.028000
0 0.721000 0.440500 0.014000 0.014000
0 0.601500 0.809000 0.017000 0.019000
0 0.754000 0.722000 0.022000 0.015000
0 0.638500 0.510000 0.019000 0.013000
0 0.642500 0.217500 0.011000 0.009000
0 0.213000 0.602500 0.019000 0.021000
0 0.696000 0.611500 0.021000 0.018000
0 0.499500 0.392000 0.020000 0.019000
0 0.648500 0.158000 0.018000 0.013000
0 0.790500 0.629500 0.014000 0.015000
0 0.640000 0.378000 0.020000 0.019000
0 0.565500 0.354500 0.014000 0.014000
0 0.421500 0.276000 0.021000 0.021000
0 0.159000 0.567000 0.024000 0.027000
0 0.307000 0.239500 0.026000 0.027000
0 0.911500 0.441000 0.018000 0.019000
0 0.486500 0.830500 0.012000 0.010000
0 0.257000 0.189000 0.019000 0.021000
0 0.589000 0.867500 0.017000 0.017000
0 0.417000 0.786500 0.028000 0.023000
0 0.606500 0.723000 0.020000 0.018000
0 0.625500 0.546000 0.018000 0.019000
0 0.267000 0.568500 0.019000 0.017000
0 0.266000 0.345500 0.015000 0.016000
0 0.754000 0.212000 0.023000 0.024000
0 0.488500 0.465000 0.025000 0.021000
0 0.189500 0.510500 0.024000 0.026000
0 0.130000 0.378500 0.016000 0.018000
0 0.585500 0.507000 0.016000 0.018000
0 0.280500 0.362000 0.026000 0.025000
0 0.487500 0.577250 0.012000 0.017500
0 0.247000 0.590500 0.018000 0.022000
0 0.167000 0.418000 0.025000 0.026000
0 0.523000 0.555000 0.025000 0.026000
0 0.478000 0.454500 0.014000 0.020000
0 0.698500 0.794000 0.026000 0.020000
0 0.604500 0.648500 0.025000 0.022000
0 0.413500 0.548500 0.014000 0.016000
0 0.244500 0.519000 0.019000 0.020000
0 0.277000 0.718500 0.017000 0.015000
0 0.338500 0.196000 0.035000 0.035000
0 0.411500 0.504000 0.027000 0.029000
0 0.502500 0.610500 0.017000 0.021000
0 0.584500 0.598500 0.017000 0.017000
0 0.441000 0.676000 0.011000 0.016000
0 0.674500 0.227000 0.021000 0.020000
0 0.317000 0.587000 0.013000 0.016000
0 0.193750 0.781000 0.014500 0.010000
0 0.402500 0.545500 0.022000 0.026000
0 0.701000 0.753500 0.014000 0.018000
0 0.851000 0.449500 0.028000 0.024000
0 0.676000 0.526500 0.019000 0.020000
0 0.308000 0.380000 0.024000 0.024000
0 0.481500 0.669500 0.015000 0.022000
0 0.661000 0.236000 0.013000 0.012000
0 0.387500 0.466500 0.016000 0.016000
0 0.511000 0.398500 0.015000 0.015000
0 0.495500 0.532500 0.019000 0.017000
0 0.511000 0.296500 0.019000 0.020000
0 0.552000 0.528000 0.011000 0.011000
0 0.422500 0.519500 0.018000 0.023000
0 0.106000 0.383000 0.019000 0.024000
0 0.698000 0.197000 0.028000 0.017000
0 0.648000 0.368000 0.022000 0.021000
0 0.429000 0.369500 0.026000 0.024000
0 0.653500 0.393000 0.009000 0.009000
0 0.525000 0.304500 0.025000 0.022000
0 0.579500 0.838000 0.029000 0.027000
0 0.832000 0.497500 0.013000 0.014000
0 0.484500 0.521000 0.011000 0.012000
0 0.723500 0.306500 0.022000 0.021000
0 0.510500 0.906000 0.013000 0.017000
0 0.321000 0.439000 0.016000 0.014000
0 0.241500 0.232500 0.022000 0.027000
0 0.698500 0.485500 0.023000 0.013000
0 0.501500 0.502500 0.026000 0.026000
0 0.728500 0.271000 0.014000 0.019000
0 0.316000 0.397500 0.028000 0.030000
0 0.328500 0.861500 0.022000 0.022000
0 0.768000 0.586500 0.016000 0.014000
0 0.542500 0.202000 0.023000 0.028000
0 0.527500 0.485000 0.025000 0.024000
0 0.522500 0.468500 0.019000 0.016000
0 0.632000 0.342000 0.015000 0.016000
0 0.357500 0.685000 0.017000 0.015000
0 0.477500 0.643500 0.014000 0.009000
0 0.818500 0.406000 0.025000 0.026000
0 0.306500 0.542500 0.017000 0.015000
0 0.449500 0.408500 0.013000 0.013000
0 0.237000 0.813000 0.022000 0.025000
0 0.598500 0.284500 0.017000 0.021000
0 0.296000 0.577000 0.018000 0.016000
0 0.601000 0.717500 0.026000 0.026000
0 0.719000 0.666000 0.019000 0.019000
0 0.354000 0.864500 0.032000 0.027000
0 0.643000 0.577500 0.013000 0.011000
0 0.517750 0.673500 0.023500 0.016000
0 0.854500 0.685500 0.033000 0.031000
0 0.508000 0.789500 0.031000 0.023000
0 0.398500 0.095000 0.024000 0.024000
0 0.527500 0.654000 0.016000 0.017000
0 0.390000 0.322000 0.023000 0.020000
0 0.499000 0.497000 0.011000 0.011000
0 0.373500 0.891000 0.014000 0.015000
0 0.540000 0.595500 0.033000 0.022000
0 0.656500 0.476500 0.019000 0.014000
0 0.381500 0.276500 0.009000 0.010000
0 0.593500 0.816500 0.025000 0.019000
0 0.758500 0.423000 0.018000 0.016000
0 0.394500 0.599000 0.024000 0.025000
0 0.411000 0.689000 0.022000 0.020000
0 0.608500 0.381000 0.019000 0.020000
0 0.441500 0.532750 0.017000 0.020500
0 0.533000 0.853000 0.018000 0.017000
0 0.714500 0.205500 0.012000 0.012000
0 0.638500 0.646000 0.027000 0.021000
0 0.145500 0.473000 0.028000 0.029000
0 0.309500 0.445500 0.018000 0.020000
0 0.252000 0.470000 0.011000 0.012000
0 0.827500 0.562000 0.031000 0.030000
0 0.280000 0.403500 0.021000 0.026000
0 0.675000 0.836500 0.026000 0.026000
0 0.656500 0.539500 0.025000 0.022000
0 0.542500 0.779500 0.016000 0.022000
0 0.613000 0.415000 0.017000 0.016000
0 0.255500 0.664000 0.015000 0.015000
0 0.847000 0.731000 0.013000 0.013000
0 0.232000 0.736500 0.018000 0.018000
0 0.285000 0.668000 0.024000 0.020000
0 0.736000 0.805500 0.016000 0.015000
0 0.692000 0.205500 0.024000 0.024000
0 0.579500 0.887000 0.014000 0.015000
0 0.504500 0.643000 0.023000 0.028000
0 0.757000 0.457000 0.023000 0.024000
0 0.344000 0.250500 0.029000 0.023000
0 0.302000 0.585500 0.017000 0.018000
0 0.567500 0.542500 0.015000 0.016000
0 0.727500 0.631500 0.023000 0.020000
0 0.523500 0.353000 0.016000 0.014000
0 0.568000 0.625000 0.031000 0.031000
0 0.430500 0.612000 0.016000 0.018000
0 0.820000 0.516500 0.017000 0.017000
0 0.399500 0.247250 0.018000 0.023500
0 0.517500 0.849000 0.017000 0.016000
0 0.402000 0.714500 0.018000 0.022000
0 0.861500 0.436000 0.027000 0.030000
0 0.523000 0.566000 0.016000 0.015000
0 0.560000 0.494500 0.019000 0.018000
0 0.774000 0.376500 0.017000 0.016000
0 0.676000 0.794500 0.020000 0.015000
0 0.436000 0.403500 0.027000 0.028000
0 0.251000 0.633000 0.023000 0.025000
0 0.523000 0.387000 0.034000 0.033000
0 0.815000 0.476500 0.023000 0.024000
0 0.794500 0.340500 0.022000 0.019000
0 0.348000 0.640000 0.024000 0.024000
0 0.754000 0.584000 0.013000 0.014000
0 0.615000 0.420000 0.023000 0.020000
0 0.494500 0.424250 0.011000 0.014500
0 0.618500 0.856500 0.029000 0.024000
0 0.540500 0.463500 0.030000 0.021000
0 0.486500 0.534500 0.019000 0.020000
0 0.677000 0.778500 0.030000 0.032000
0 0.828500 0.693500 0.019000 0.024000
0 0.445000 0.562500 0.036000 0.034000
0 0.668000 0.658500 0.018000 0.026000
0 0.626500 0.776000 0.027000 0.027000
0 0.733000 0.414500 0.029000 0.028000
0 0.234000 0.375500 0.025000 0.023000
0 0.860000 0.309000 0.018000 0.021000
0 0.507000 0.755000 0.031000 0.030000
0 0.657000 0.419000 0.019000 0.018000
0 0.265000 0.636000 0.013000 0.013000
0 0.630000 0.828000 0.013000 0.012000
0 0.471500 0.356000 0.023000 0.023000
0 0.110000 0.652500 0.024000 0.031000
0 0.480500 0.608000 0.017000 0.018000
0 0.652500 0.884500 0.021000 0.023000
0 0.502000 0.589500 0.029000 0.028000
0 0.303000 0.549000 0.017000 0.022000
0 0.306500 0.280500 0.010000 0.010000
0 0.204500 0.740500 0.021000 0.027000
0 0.649500 0.534000 0.028000 0.031000
0 0.188500 0.483000 0.013000 0.017000
0 0.393500 0.152500 0.012000 0.014000
0 0.362000 0.734000 0.017000 0.012000
0 0.457500 0.391000 0.011000 0.013000
0 0.579000 0.117000 0.008000 0.009000
0 0.524500 0.541000 0.016000 0.012000
0 0.616000 0.697500 0.031000 0.022000
0 0.679500 0.609000 0.027000 0.027000
0 0.702500 0.544000 0.019000 0.019000
0 0.659500 0.275500 0.014000 0.024000
0 0.435500 0.836500 0.013000 0.011000
0 0.531000 0.548500 0.021000 0.022000
0 0.721500 0.839500 0.013000 0.012000
0 0.263000 0.172500 0.024000 0.025000
0 0.352500 0.380500 0.020000 0.022000
0 0.502000 0.201500 0.014000 0.015000
0 0.841500 0.278000 0.014000 0.014000
0 0.522000 0.213000 0.015000 0.015000
0 0.224500 0.562000 0.013000 0.012000
0 0.517500 0.572000 0.025000 0.021000
0 0.291000 0.498500 0.026000 0.025000
0 0.432000 0.495500 0.018000 0.022000
0 0.499000 0.342000 0.030000 0.028000
0 0.165500 0.657000 0.020000 0.017000
0 0.408500 0.416500 0.021000 0.020000
0 0.428500 0.740000 0.014000 0.016000
0 0.414500 0.247000 0.021000 0.018000
0 0.737000 0.404000 0.021000 0.020000
0 0.386000 0.413000 0.030000 0.024000
0 0.454000 0.639500 0.017000 0.017000
0 0.494500 0.109000 0.018000 0.019000
0 0.359500 0.479500 0.013000 0.019000
0 0.588500 0.252500 0.016000 0.020000
0 0.105000 0.579000 0.031000 0.023000
0 0.764500 0.814500 0.021000 0.014000
0 0.800000 0.759500 0.013000 0.013000
0 0.290000 0.844250 0.018000 0.026500
0 0.373250 0.483000 0.026500 0.019000
0 0.843500 0.313000 0.018000 0.017000
0 0.423000 0.451500 0.034000 0.035000
0 0.612000 0.861500 0.020000 0.020000
0 0.374000 0.669500 0.014000 0.014000
0 0.464000 0.697500 0.009000 0.009000
0 0.695500 0.694000 0.025000 0.020000
0 0.320500 0.356000 0.016000 0.013000
0 0.311000 0.570000 0.011000 0.011000
0 0.525500 0.520000 0.026000 0.026000
0 0.678000 0.563500 0.017000 0.016000
0 0.626000 0.172000 0.021000 0.025000
0 0.185500 0.576500 0.016000 0.017000
0 0.599500 0.632000 0.018000 0.025000
0 0.110500 0.419000 0.025000 0.026000
0 0.605000 0.205500 0.031000 0.028000
0 0.294000 0.746250 0.009000 0.011500
0 0.644000 0.614000 0.023000 0.024000
0 0.242500 0.470000 0.015000 0.015000
0 0.205000 0.752000 0.015000 0.017000