0 0.465500 0.350000 0.013000 0.014000
0 0.832000 0.723000 0.022000 0.018000
0 0.266500 0.409500 0.021000 0.020000
0 0.367500 0.482000 0.028000 0.028000
0 0.786000 0.528500 0.021000 0.020000
0 0.442500 0.447000 0.023000 0.026000
0 0.463000 0.854000 0.016000 0.015000
0 0.501500 0.643000 0.019000 0.019000
0 0.494000 0.533500 0.017000 0.016000
0 0.373000 0.639500 0.026000 0.030000
0 0.529000 0.429000 0.013000 0.013000
0 0.366500 0.308000 0.022000 0.026000
0 0.349000 0.597500 0.024000 0.017000
0 0.645500 0.351000 0.024000 0.022000
0 0.722500 0.407000 0.033000 0.026000
0 0.150000 0.268500 0.030000 0.022000
0 0.387000 0.096000 0.036000 0.034000
0 0.501000 0.474500 0.023000 0.025000
0 0.417500 0.429500 0.016000 0.018000
0 0.691000 0.336000 0.023000 0.021000
0 0.362000 0.244000 0.012000 0.012000
0 0.434500 0.495000 0.028000 0.028000
0 0.601000 0.279000 0.020000 0.021000
0 0.498500 0.271000 0.013000 0.013000
0 0.662500 0.398500 0.026000 0.026000
0 0.587000 0.406000 0.010000 0.009000
0 0.309000 0.564000 0.028000 0.022000
0 0.407500 0.433000 0.027000 0.022000
0 0.478500 0.549500 0.026000 0.022000
0 0.502500 0.520500 0.017000 0.018000
0 0.183500 0.366000 0.020000 0.021000
0 0.383500 0.412000 0.014000 0.012000
0 0.449500 0.531500 0.011000 0.012000
0 0.681500 0.455000 0.013000 0.010000
0 0.503500 0.507500 0.029000 0.020000
0 0.305500 0.316500 0.021000 0.019000
0 0.552500 0.318000 0.017000 0.020000
0 0.350500 0.403500 0.020000 0.024000
0 0.499500 0.499500 0.026000 0.025000
0 0.464000 0.807500 0.015000 0.013000
0 0.413000 0.706500 0.029000 0.029000
0 0.157000 0.377000 0.021000 0.020000
0 0.123500 0.663500 0.029000 0.028000
0 0.105500 0.513500 0.022000 0.024000
0 0.576500 0.555500 0.025000 0.021000
0 0.285500 0.627500 0.017000 0.016000
0 0.247500 0.184000 0.029000 0.023000
0 0.508500 0.244500 0.013000 0.017000
0 0.768000 0.541500 0.015000 0.013000
0 0.519000 0.833500 0.018000 0.022000
0 0.223000 0.612500 0.011000 0.011000
0 0.508500 0.399500 0.026000 0.019000
0 0.613500 0.484500 0.015000 0.014000
0 0.666000 0.543500 0.022000 0.022000
0 0.537500 0.529000 0.027000 0.032000
0 0.556000 0.371500 0.020000 0.017000
0 0.692500 0.371000 0.027000 0.021000
0 0.601500 0.682000 0.022000 0.025000
0 0.504000 0.488500 0.019000 0.020000
0 0.707500 0.843500 0.016000 0.012000
0 0.518000 0.797500 0.026000 0.027000
0 0.486500 0.535500 0.020000 0.017000
0 0.622500 0.124500 0.025000 0.027000
0 0.606500 0.833000 0.025000 0.019000
0 0.477500 0.470500 0.013000 0.016000
0 0.649000 0.607500 0.021000 0.025000
0 0.283500 0.830500 0.029000 0.028000
0 0.351000 0.863500 0.011000 0.015000
0 0.521000 0.484000 0.021000 0.027000
0 0.397000 0.422000 0.022000 0.019000
0 0.714000 0.257000 0.014000 0.014000
0 0.303000 0.683500 0.023000 0.026000
0 0.500500 0.516500 0.012000 0.013000
0 0.489000 0.235000 0.023000 0.020000
0 0.580500 0.474000 0.020000 0.018000
0 0.231000 0.301500 0.022000 0.016000
0 0.504500 0.538000 0.034000 0.032000
0 0.649000 0.598500 0.013000 0.013000
0 0.434000 0.363500 0.016000 0.015000
0 0.691500 0.168500 0.018000 0.022000
0 0.456500 0.447000 0.019000 0.015000
0 0.665500 0.849500 0.017000 0.017000
0 0.797500 0.689500 0.016000 0.022000
0 0.580250 0.425000 0.011500 0.008000
0 0.510000 0.499500 0.011000 0.014000
0 0.515000 0.768500 0.015000 0.015000
0 0.261000 0.360500 0.029000 0.026000
0 0.498500 0.880000 0.015000 0.019000
0 0.491500 0.373500 0.015000 0.018000
0 0.262000 0.285000 0.012000 0.012000
0 0.169000 0.259000 0.022000 0.020000
0 0.497000 0.409500 0.020000 0.015000
0 0.591000 0.578500 0.014000 0.014000
0 0.471500 0.483000 0.026000 0.020000
0 0.535500 0.706500 0.018000 0.019000
0 0.356500 0.654500 0.022000 0.021000
0 0.592750 0.207500 0.014500 0.012000
0 0.626000 0.510250 0.024000 0.029500
0 0.469000 0.162500 0.013000 0.017000
0 0.431000 0.194000 0.019000 0.023000
0 0.606500 0.235500 0.035000 0.034000
0 0.463000 0.473000 0.016000 0.017000
0 0.525000 0.354000 0.022000 0.025000
0 0.531000 0.674500 0.015000 0.019000
0 0.154500 0.475000 0.028000 0.026000
0 0.541000 0.318000 0.020000 0.020000
0 0.424000 0.634500 0.018000 0.017000
0 0.493000 0.509000 0.020000 0.020000
0 0.441500 0.703500 0.018000 0.020000
0 0.777500 0.194500 0.012000 0.014000
0 0.552500 0.305500 0.020000 0.023000
0 0.111000 0.652000 0.024000 0.025000
0 0.281000 0.518500 0.024000 0.026000
0 0.496500 0.336000 0.024000 0.018000
0 0.166000 0.628500 0.012000 0.011000
0 0.536000 0.424000 0.012000 0.013000
0 0.545000 0.740000 0.023000 0.026000
0 0.292500 0.696500 0.012000 0.011000
0 0.274500 0.506500 0.033000 0.031000
0 0.856500 0.328500 0.032000 0.022000
0 0.379500 0.865500 0.018000 0.016000
0 0.665500 0.298000 0.018000 0.019000
0 0.465000 0.453000 0.031000 0.030000
0 0.610000 0.497500 0.014000 0.013000
0 0.259000 0.378500 0.014000 0.014000
0 0.318500 0.575000 0.027000 0.027000
0 0.143500 0.603000 0.022000 0.022000
0 0.466500 0.377500 0.017000 0.017000
0 0.745000 0.410500 0.027000 0.026000
0 0.692000 0.723750 0.009000 0.011500
0 0.448500 0.488500 0.017000 0.017000
0 0.311000 0.671500 0.026000 0.026000
0 0.753000 0.545000 0.015000 0.014000
0 0.765500 0.296500 0.009000 0.009000
0 0.492500 0.472500 0.014000 0.014000
0 0.341500 0.494500 0.022000 0.014000
0 0.289500 0.586500 0.018000 0.019000
0 0.390500 0.658000 0.023000 0.023000
0 0.471000 0.272500 0.017000 0.017000
0 0.519500 0.646500 0.017000 0.019000
0 0.425000 0.768500 0.022000 0.027000
0 0.386000 0.626500 0.011000 0.009000
0 0.676000 0.636000 0.012000 0.013000
0 0.769000 0.461000 0.021000 0.024000
0 0.214000 0.411000 0.018000 0.025000
0 0.508000 0.468000 0.017000 0.016000
0 0.841500 0.370000 0.020000 0.017000
0 0.668500 0.646000 0.020000 0.019000
0 0.239500 0.494000 0.030000 0.024000
0 0.514000 0.227500 0.021000 0.021000
0 0.558500 0.186500 0.017000 0.020000
0 0.791000 0.742500 0.012000 0.015000
0 0.138500 0.474000 0.019000 0.018000
0 0.514500 0.619000 0.025000 0.016000
0 0.424500 0.571500 0.022000 0.024000
0 0.448500 0.352000 0.023000 0.027000
0 0.488000 0.567500 0.025000 0.023000
0 0.299000 0.331000 0.014000 0.015000
0 0.437000 0.226000 0.021000 0.023000
0 0.360500 0.556500 0.022000 0.026000
0 0.453500 0.229000 0.016000 0.017000
0 0.489500 0.839500 0.031000 0.024000
0 0.818000 0.755000 0.015000 0.013000
0 0.738500 0.658500 0.021000 0.027000
0 0.621000 0.679500 0.015000 0.015000
0 0.603500 0.140000 0.019000 0.017000
0 0.423500 0.672500 0.022000 0.026000
0 0.428500 0.257500 0.013000 0.011000
0 0.718000 0.468500 0.013000 0.015000
0 0.302000 0.729000 0.013000 0.013000
0 0.690000 0.503750 0.016000 0.023500
0 0.677500 0.489000 0.018000 0.021000
0 0.497000 0.437500 0.031000 0.029000
0 0.507500 0.454000 0.020000 0.019000
0 0.802500 0.654500 0.021000 0.021000
0 0.531500 0.892500 0.026000 0.029000
0 0.309000 0.596000 0.026000 0.022000
0 0.442000 0.272000 0.025000 0.023000
0 0.519500 0.508500 0.019000 0.018000
0 0.406000 0.602500 0.019000 0.019000
0 0.357750 0.271000 0.026500 0.018000
0 0.608000 0.551000 0.012000 0.011000
0 0.172500 0.497500 0.017000 0.022000
0 0.362000 0.427500 0.015000 0.019000
0 0.195500 0.242000 0.029000 0.028000
0 0.840000 0.609500 0.024000 0.025000
0 0.794000 0.586000 0.017000 0.013000
0 0.409500 0.754750 0.017000 0.023500
0 0.564000 0.143500 0.030000 0.032000
0 0.391500 0.306500 0.023000 0.024000
0 0.527500 0.521000 0.017000 0.013000
0 0.725000 0.149500 0.023000 0.029000
0 0.494500 0.560500 0.028000 0.028000
0 0.687500 0.182500 0.026000 0.026000
0 0.390500 0.543000 0.013000 0.014000
0 0.544250 0.399500 0.020500 0.014000
0 0.533500 0.848500 0.028000 0.033000
0 0.519500 0.451500 0.016000 0.016000
0 0.376500 0.817000 0.014000 0.012000
0 0.236000 0.230500 0.035000 0.031000
0 0.295000 0.298000 0.031000 0.025000
0 0.392000 0.324500 0.014000 0.017000
0 0.264500 0.245000 0.033000 0.031000
0 0.393500 0.527000 0.017000 0.016000
0 0.123500 0.454000 0.016000 0.022000
0 0.599000 0.330000 0.019000 0.021000
0 0.427000 0.645000 0.015000 0.017000
0 0.275000 0.238500 0.029000 0.030000
0 0.399500 0.164500 0.013000 0.015000
0 0.658000 0.787500 0.016000 0.015000
0 0.482500 0.512000 0.023000 0.019000
0 0.292000 0.218000 0.019000 0.025000
0 0.352500 0.668000 0.023000 0.012000
0 0.364000 0.306500 0.011000 0.018000
0 0.618500 0.362000 0.011000 0.012000
0 0.245500 0.790000 0.016000 0.014000
0 0.607500 0.514000 0.025000 0.026000
0 0.601500 0.472000 0.021000 0.024000
0 0.632000 0.652000 0.027000 0.033000
0 0.548000 0.297500 0.018000 0.020000
0 0.502000 0.548000 0.020000 0.020000
0 0.472500 0.424500 0.019000 0.020000
0 0.329000 0.594500 0.018000 0.016000
0 0.357000 0.693000 0.023000 0.021000
0 0.563000 0.452000 0.015000 0.014000
0 0.783500 0.487500 0.017000 0.024000
0 0.697000 0.202500 0.014000 0.014000
0 0.678500 0.667000 0.034000 0.033000
0 0.711000 0.341500 0.014000 0.014000
0 0.580500 0.759000 0.032000 0.032000
0 0.627500 0.268500 0.015000 0.015000
0 0.280500 0.527000 0.014000 0.011000
0 0.549250 0.753000 0.032500 0.022000
0 0.573000 0.340000 0.014000 0.016000
0 0.451000 0.555000 0.022000 0.027000
0 0.492500 0.488500 0.017000 0.016000
0 0.405000 0.833500 0.026000 0.031000
0 0.456500 0.175500 0.019000 0.018000
0 0.505000 0.481000 0.010000 0.013000
0 0.275000 0.561500 0.021000 0.019000
0 0.470000 0.231000 0.017000 0.017000
0 0.845000 0.386500 0.023000 0.025000
0 0.479000 0.601000 0.013000 0.010000
0 0.603000 0.672500 0.012000 0.011000
0 0.569500 0.431000 0.020000 0.022000
0 0.531500 0.295000 0.018000 0.017000
0 0.828500 0.601000 0.011000 0.010000
0 0.691500 0.397000 0.022000 0.029000
0 0.359000 0.401500 0.011000 0.015000
0 0.549000 0.446000 0.015000 0.014000
0 0.487500 0.807000 0.015000 0.012000
0 0.519000 0.745500 0.020000 0.022000
0 0.339500 0.788000 0.031000 0.032000
0 0.556500 0.728500 0.019000 0.017000
0 0.697500 0.210000 0.031000 0.030000
0 0.684000 0.464500 0.018000 0.022000
0 0.635500 0.147000 0.025000 0.025000
0 0.828500 0.477000 0.017000 0.024000
0 0.568000 0.668000 0.026000 0.024000
0 0.507000 0.804500 0.010000 0.013000
0 0.571000 0.626000 0.011000 0.008000
0 0.280500 0.412000 0.020000 0.034000
0 0.202500 0.412000 0.021000 0.020000
0 0.343750 0.624000 0.011500 0.008000
0 0.550500 0.422500 0.020000 0.019000
0 0.525500 0.580000 0.024000 0.025000
0 0.130500 0.574500 0.012000 0.015000
0 0.384000 0.507000 0.022000 0.013000
0 0.344500 0.421000 0.023000 0.026000
0 0.419000 0.624000 0.012000 0.015000
0 0.815000 0.304500 0.017000 0.010000
0 0.455000 0.437000 0.014000 0.014000
0 0.499500 0.698500 0.009000 0.010000
0 0.547500 0.664500 0.022000 0.025000
0 0.409500 0.678000 0.017000 0.017000
0 0.356000 0.304000 0.022000 0.021000
0 0.526000 0.332000 0.017000 0.016000
0 0.574000 0.578500 0.024000 0.024000
0 0.767500 0.194500 0.022000 0.030000
0 0.638000 0.712000 0.011000 0.010000
0 0.428500 0.536000 0.014000 0.013000
0 0.312500 0.181000 0.016000 0.014000
0 0.466500 0.192500 0.014000 0.014000
0 0.463000 0.525000 0.018000 0.015000
0 0.380500 0.181000 0.018000 0.014000
0 0.519500 0.568500 0.028000 0.020000
0 0.173500 0.475500 0.013000 0.010000
0 0.646500 0.499500 0.015000 0.017000
0 0.724000 0.188500 0.022000 0.024000
0 0.729500 0.785750 0.008000 0.011500
0 0.184500 0.268000 0.023000 0.027000
0 0.397500 0.598000 0.023000 0.026000
0 0.528500 0.476000 0.019000 0.017000
0 0.744500 0.209500 0.016000 0.016000
0 0.574000 0.789000 0.010000 0.011000
0 0.411750 0.595500 0.026500 0.028000
0 0.250000 0.330000 0.025000 0.019000
0 0.773000 0.680500 0.027000 0.025000
0 0.264500 0.330500 0.024000 0.027000
0 0.247500 0.260000 0.025000 0.021000
0 0.742000 0.445000 0.023000 0.025000
0 0.484500 0.365000 0.021000 0.020000
0 0.519500 0.091000 0.028000 0.028000
0 0.462500 0.533000 0.012000 0.013000
0 0.409000 0.175000 0.013000 0.019000
0 0.363000 0.739500 0.012000 0.015000
0 0.644500 0.362000 0.025000 0.028000
0 0.361500 0.677000 0.033000 0.032000
0 0.164500 0.652500 0.018000 0.023000
0 0.535000 0.638500 0.018000 0.018000
0 0.915000 0.552500 0.030000 0.025000
0 0.594500 0.728500 0.021000 0.018000
0 0.143000 0.446000 0.024000 0.019000
0 0.422500 0.443500 0.027000 0.022000
0 0.589000 0.516750 0.018000 0.020500
0 0.498000 0.446500 0.020000 0.023000
0 0.481000 0.577500 0.022000 0.024000
0 0.552000 0.659500 0.020000 0.017000
0 0.525500 0.591500 0.011000 0.011000
0 0.817500 0.564500 0.020000 0.014000
0 0.508000 0.735000 0.027000 0.027000
0 0.289000 0.311500 0.014000 0.013000
0 0.571000 0.909500 0.014000 0.016000
0 0.754500 0.489000 0.012000 0.016000
0 0.544000 0.378500 0.015000 0.015000
0 0.529500 0.656500 0.032000 0.032000
0 0.166000 0.562000 0.015000 0.022000
0 0.135000 0.506000 0.023000 0.022000
0 0.491500 0.866000 0.011000 0.015000
0 0.274250 0.391000 0.026500 0.019000
0 0.278500 0.668000 0.023000 0.022000
0 0.521500 0.357500 0.029000 0.030000
0 0.541500 0.468500 0.027000 0.026000
0 0.700500 0.262000 0.030000 0.030000
0 0.776500 0.606000 0.011000 0.009000
0 0.461500 0.305000 0.013000 0.014000
0 0.393000 0.569000 0.031000 0.022000
0 0.608000 0.596000 0.020000 0.014000
0 0.457500 0.160000 0.012000 0.012000
0 0.484500 0.406000 0.014000 0.012000
0 0.552500 0.808500 0.019000 0.018000
0 0.311000 0.402500 0.027000 0.024000
0 0.613500 0.540000 0.014000 0.014000
0 0.400500 0.316000 0.015000 0.014000
0 0.845000 0.351000 0.022000 0.022000
0 0.514500 0.490500 0.017000 0.018000
0 0.570500 0.221000 0.022000 0.015000
0 0.166500 0.288000 0.024000 0.025000
0 0.717500 0.236500 0.013000 0.013000
0 0.181500 0.294000 0.025000 0.021000
0 0.825500 0.608500 0.021000 0.023000
0 0.249000 0.763000 0.014000 0.018000
0 0.562000 0.423500 0.014000 0.012000
0 0.691000 0.592000 0.025000 0.023000
0 0.343000 0.226000 0.025000 0.025000
0 0.515500 0.211500 0.011000 0.017000
0 0.299000 0.591000 0.019000 0.018000
0 0.417000 0.788000 0.011000 0.009000
0 0.375000 0.324000 0.022000 0.023000
0 0.510250 0.578000 0.017500 0.012000
0 0.672500 0.455000 0.026000 0.023000
0 0.328500 0.665000 0.015000 0.015000
0 0.291500 0.251000 0.035000 0.030000
0 0.480500 0.499500 0.025000 0.030000
0 0.634000 0.273500 0.013000 0.012000
0 0.430500 0.474000 0.014000 0.019000
0 0.606500 0.208000 0.034000 0.021000
0 0.516000 0.708500 0.009000 0.010000
0 0.777500 0.555500 0.017000 0.015000
0 0.248000 0.547500 0.015000 0.014000
0 0.445000 0.177500 0.024000 0.024000
0 0.827750 0.733000 0.014500 0.011000
0 0.454500 0.320000 0.018000 0.018000
0 0.369500 0.278000 0.012000 0.013000
0 0.457000 0.411000 0.013000 0.011000
0 0.502500 0.144000 0.013000 0.013000
0 0.819000 0.368500 0.029000 0.029000
0 0.724500 0.232500 0.020000 0.017000
0 0.852500 0.363500 0.015000 0.019000
0 0.546500 0.601500 0.010000 0.010000
0 0.321000 0.642000 0.025000 0.028000
0 0.614500 0.166000 0.028000 0.031000
0 0.770750 0.669500 0.023500 0.016000
0 0.493000 0.643000 0.021000 0.023000
0 0.713500 0.693500 0.022000 0.016000
0 0.332000 0.495500 0.016000 0.018000
0 0.257500 0.570000 0.020000 0.025000
0 0.363500 0.273000 0.016000 0.018000
0 0.481000 0.706000 0.018000 0.017000
0 0.108500 0.476500 0.016000 0.011000
0 0.703000 0.160000 0.019000 0.018000
0 0.399000 0.375500 0.021000 0.018000
0 0.533000 0.549000 0.032000 0.025000
0 0.742000 0.311500 0.017000 0.016000
0 0.458500 0.388000 0.027000 0.031000
0 0.201500 0.776000 0.022000 0.022000
0 0.705000 0.580000 0.028000 0.015000
0 0.250500 0.522000 0.027000 0.033000
0 0.608500 0.659500 0.017000 0.022000
0 0.513500 0.362500 0.024000 0.027000
0 0.590000 0.181000 0.015000 0.018000
0 0.478500 0.761500 0.009000 0.012000
0 0.304500 0.693000 0.020000 0.023000
0 0.399500 0.733000 0.011000 0.011000
0 0.349500 0.540000 0.025000 0.025000
0 0.408500 0.381500 0.021000 0.023000
0 0.460000 0.637500 0.017000 0.023000
0 0.419000 0.565000 0.019000 0.015000
0 0.272750 0.521000 0.026500 0.018000
0 0.800000 0.607500 0.024000 0.024000
0 0.436500 0.413000 0.022000 0.022000
0 0.585000 0.653000 0.018000 0.017000
0 0.234500 0.626500 0.017000 0.017000
0 0.429000 0.436500 0.014000 0.018000
0 0.496500 0.362000 0.014000 0.014000
0 0.424500 0.763500 0.020000 0.022000
0 0.455000 0.679500 0.016000 0.016000
0 0.638500 0.665000 0.025000 0.025000
0 0.565500 0.349500 0.022000 0.028000
0 0.584000 0.507500 0.016000 0.013000
0 0.862500 0.378000 0.019000 0.015000
0 0.675500 0.606000 0.029000 0.030000
0 0.720500 0.326500 0.009000 0.011000
0 0.385000 0.361000 0.029000 0.030000
0 0.639500 0.198000 0.023000 0.026000
0 0.520000 0.302000 0.014000 0.018000
0 0.498500 0.652500 0.011000 0.011000
0 0.799500 0.595500 0.023000 0.022000
0 0.509000 0.411500 0.025000 0.018000
0 0.816000 0.339000 0.013000 0.011000
0 0.329500 0.727500 0.009000 0.013000
0 0.516000 0.514000 0.023000 0.022000
0 0.666500 0.592500 0.024000 0.028000
0 0.589500 0.708000 0.018000 0.019000
0 0.371500 0.213500 0.021000 0.019000
0 0.357500 0.356500 0.034000 0.029000
0 0.618000 0.718000 0.024000 0.019000
0 0.401000 0.319500 0.012000 0.012000
0 0.672000 0.210500 0.020000 0.018000
0 0.456500 0.492000 0.025000 0.028000
0 0.367500 0.667500 0.025000 0.023000
0 0.480000 0.565500 0.021000 0.018000
0 0.167000 0.268000 0.021000 0.018000
0 0.377500 0.300500 0.020000 0.022000
0 0.230000 0.748000 0.022000 0.023000
0 0.556500 0.562000 0.018000 0.013000
0 0.404000 0.287000 0.018000 0.024000
0 0.683250 0.280500 0.029500 0.022000
0 0.640000 0.370500 0.031000 0.025000
0 0.591500 0.130500 0.020000 0.014000
0 0.682500 0.861000 0.018000 0.017000
0 0.787000 0.751000 0.014000 0.012000
0 0.745500 0.676000 0.021000 0.022000
0 0.335000 0.143000 0.013000 0.012000
0 0.147500 0.605500 0.020000 0.031000
0 0.563000 0.601000 0.032000 0.028000
0 0.570000 0.172000 0.015000 0.015000
0 0.710000 0.494500 0.015000 0.018000
0 0.803000 0.634000 0.022000 0.023000
0 0.394000 0.667500 0.029000 0.031000
0 0.586500 0.542000 0.017000 0.025000
0 0.444000 0.688500 0.022000 0.022000
0 0.712500 0.477500 0.023000 0.034000
0 0.309500 0.810000 0.010000 0.011000
0 0.502500 0.634500 0.013000 0.009000
0 0.443000 0.562000 0.012000 0.011000
0 0.806000 0.584500 0.014000 0.016000
0 0.165500 0.337500 0.014000 0.015000
0 0.512000 0.528000 0.019000 0.018000
0 0.285000 0.360500 0.024000 0.026000
0 0.160500 0.373000 0.026000 0.019000
0 0.413500 0.551000 0.010000 0.011000
0 0.643000 0.776500 0.015000 0.015000
0 0.171000 0.520000 0.023000 0.020000
0 0.428500 0.451500 0.025000 0.028000
0 0.319500 0.412000 0.017000 0.018000
0 0.313500 0.613500 0.012000 0.010000
0 0.555500 0.504500 0.019000 0.026000
0 0.510500 0.601500 0.020000 0.020000
0 0.673500 0.463000 0.017000 0.016000
0 0.460500 0.829500 0.020000 0.024000
0 0.576500 0.710500 0.023000 0.021000
0 0.223250 0.400000 0.026500 0.018000
0 0.160500 0.282000 0.014000 0.013000
0 0.326500 0.611500 0.012000 0.011000
0 0.548000 0.384500 0.028000 0.019000
0 0.190000 0.628500 0.024000 0.023000
0 0.383500 0.380000 0.010000 0.012000
0 0.495500 0.417000 0.023000 0.021000
0 0.393000 0.488500 0.023000 0.023000
0 0.288500 0.686500 0.018000 0.022000
0 0.116000 0.397500 0.025000 0.032000
0 0.460500 0.241500 0.011000 0.018000
0 0.885000 0.539500 0.017000 0.020000
0 0.216000 0.617500 0.019000 0.013000
0 0.527500 0.466000 0.021000 0.020000
0 0.619500 0.203500 0.017000 0.019000
0 0.827000 0.573500 0.020000 0.027000
0 0.474500 0.509500 0.017000 0.018000
0 0.170000 0.667000 0.019000 0.016000
0 0.389000 0.397000 0.019000 0.027000
0 0.677500 0.343500 0.025000 0.027000
0 0.208500 0.724000 0.028000 0.020000
0 0.329500 0.376500 0.022000 0.021000
0 0.561000 0.662000 0.015000 0.014000
0 0.543500 0.688500 0.020000 0.027000
0 0.762500 0.796000 0.020000 0.019000
0 0.560500 0.485000 0.022000 0.030000
0 0.469500 0.494500 0.027000 0.027000
0 0.737000 0.498000 0.021000 0.022000
0 0.343500 0.875750 0.019000 0.026500
0 0.442500 0.424500 0.017000 0.018000
0 0.269500 0.656000 0.021000 0.024000
0 0.496500 0.499000 0.023000 0.023000
0 0.590500 0.427000 0.021000 0.034000
0 0.779500 0.801000 0.024000 0.021000
0 0.541500 0.167000 0.019000 0.019000
0 0.635500 0.215000 0.031000 0.033000
0 0.674000 0.500500 0.013000 0.014000
0 0.718500 0.345500 0.024000 0.019000
0 0.501000 0.178000 0.018000 0.011000
0 0.628500 0.378500 0.015000 0.016000
0 0.312000 0.247000 0.018000 0.018000
0 0.873500 0.461000 0.022000 0.021000
0 0.612500 0.384500 0.018000 0.016000
0 0.852000 0.391000 0.012000 0.010000
0 0.839000 0.261000 0.015000 0.022000
0 0.214500 0.452500 0.024000 0.027000
0 0.645000 0.483500 0.014000 0.013000
0 0.494000 0.677000 0.012000 0.012000
0 0.484000 0.619500 0.029000 0.031000
0 0.827000 0.675000 0.022000 0.030000
0 0.608000 0.771000 0.011000 0.010000
0 0.386500 0.732500 0.020000 0.023000
0 0.435500 0.843500 0.019000 0.016000
0 0.730500 0.400500 0.028000 0.020000
0 0.442000 0.567000 0.012000 0.013000
0 0.663500 0.806500 0.021000 0.022000
0 0.473500 0.407000 0.014000 0.019000
0 0.424500 0.309500 0.020000 0.027000
0 0.326000 0.234000 0.011000 0.010000
0 0.497000 0.573500 0.029000 0.021000
0 0.836500 0.620500 0.017000 0.022000
0 0.836000 0.602500 0.024000 0.024000
0 0.276000 0.171000 0.021000 0.018000
0 0.564000 0.294000 0.013000 0.014000
0 0.786500 0.245500 0.015000 0.014000
0 0.663000 0.741500 0.026000 0.026000
0 0.559500 0.494500 0.020000 0.023000
0 0.589000 0.371000 0.020000 0.018000
0 0.470000 0.883500 0.024000 0.022000
0 0.522000 0.496000 0.014000 0.013000
0 0.663000 0.456000 0.031000 0.032000
0 0.656000 0.715000 0.024000 0.023000
0 0.478500 0.449000 0.012000 0.009000
0 0.663500 0.514500 0.016000 0.010000
0 0.256000 0.504500 0.021000 0.021000
0 0.683000 0.239000 0.016000 0.013000
0 0.715000 0.510000 0.032000 0.029000
0 0.359500 0.483500 0.015000 0.015000
0 0.196000 0.755000 0.011000 0.016000
0 0.508500 0.509500 0.018000 0.016000
0 0.476500 0.524000 0.020000 0.018000
0 0.326000 0.134000 0.013000 0.013000
0 0.751500 0.466500 0.013000 0.017000
0 0.448000 0.805000 0.020000 0.019000
0 0.556500 0.627000 0.020000 0.017000
0 0.629000 0.319000 0.014000 0.012000
0 0.348500 0.168000 0.026000 0.024000
0 0.432500 0.613000 0.023000 0.016000
0 0.598500 0.553000 0.009000 0.013000
0 0.847000 0.491000 0.016000 0.014000
0 0.382500 0.712500 0.025000 0.024000
0 0.456500 0.512500 0.027000 0.020000
0 0.652500 0.304500 0.016000 0.016000
0 0.145000 0.275500 0.024000 0.023000
0 0.558500 0.359500 0.023000 0.021000
0 0.383000 0.646500 0.016000 0.017000
0 0.540000 0.387000 0.027000 0.027000
0 0.668000 0.566000 0.012000 0.014000
0 0.251000 0.623500 0.018000 0.020000
0 0.450500 0.364000 0.018000 0.020000
0 0.715500 0.222500 0.021000 0.015000
0 0.815000 0.349500 0.019000 0.020000
0 0.679500 0.307000 0.032000 0.031000
0 0.099000 0.503000 0.016000 0.018000
0 0.693000 0.605000 0.015000 0.011000
0 0.179000 0.286000 0.014000 0.019000
0 0.358000 0.412000 0.016000 0.015000
0 0.706000 0.455000 0.027000 0.025000
0 0.585500 0.532000 0.012000 0.015000
0 0.661500 0.134500 0.017000 0.016000
0 0.710500 0.430500 0.011000 0.012000
0 0.556000 0.547500 0.023000 0.022000
0 0.575000 0.517500 0.017000 0.014000
0 0.450000 0.420000 0.012000 0.017000
0 0.187000 0.596500 0.017000 0.018000
0 0.256000 0.552500 0.025000 0.024000
0 0.397000 0.361000 0.012000 0.016000
0 0.491000 0.591500 0.019000 0.026000
0 0.352000 0.467000 0.022000 0.024000
0 0.421500 0.515000 0.019000 0.018000
0 0.797500 0.759500 0.013000 0.014000
0 0.157500 0.454000 0.028000 0.031000
0 0.811500 0.276500 0.016000 0.016000
0 0.611500 0.617000 0.029000 0.025000
0 0.574500 0.618000 0.012000 0.017000
0 0.494000 0.612500 0.013000 0.013000
0 0.773750 0.729500 0.017500 0.014000
0 0.556000 0.493500 0.011000 0.014000
0 0.614000 0.640000 0.018000 0.018000
0 0.894500 0.573000 0.018000 0.023000
0 0.298000 0.384000 0.023000 0.021000
0 0.251500 0.260500 0.019000 0.022000
0 0.634500 0.673000 0.022000 0.021000
0 0.425500 0.364000 0.028000 0.023000
0 0.488500 0.350500 0.014000 0.015000
0 0.233000 0.716500 0.021000 0.028000
0 0.449000 0.785000 0.016000 0.011000
0 0.264000 0.543000 0.018000 0.020000
0 0.737000 0.456500 0.021000 0.022000
0 0.518000 0.602500 0.030000 0.036000
0 0.645000 0.427000 0.012000 0.017000
0 0.624500 0.392000 0.015000 0.016000
0 0.471500 0.535000 0.024000 0.024000
0 0.234500 0.378500 0.013000 0.012000
0 0.463500 0.616000 0.016000 0.015000
0 0.852000 0.649000 0.022000 0.026000
0 0.458500 0.365500 0.015000 0.015000
0 0.430000 0.621500 0.030000 0.028000
0 0.559500 0.444500 0.026000 0.026000
0 0.444000 0.356500 0.026000 0.032000
0 0.562500 0.524000 0.020000 0.021000
0 0.516000 0.661000 0.014000 0.020000
0 0.528500 0.613000 0.028000 0.019000
0 0.468500 0.602000 0.010000 0.012000
0 0.501500 0.100500 0.013000 0.015000
0 0.529500 0.739000 0.016000 0.017000
0 0.451500 0.245000 0.022000 0.022000
0 0.243000 0.474500 0.025000 0.025000
0 0.631500 0.216500 0.017000 0.023000
0 0.508500 0.648500 0.023000 0.021000
0 0.408500 0.334500 0.022000 0.021000
0 0.553000 0.470500 0.021000 0.036000
0 0.385500 0.532500 0.026000 0.026000
0 0.259000 0.156000 0.015000 0.019000
0 0.523500 0.542000 0.022000 0.030000
0 0.283000 0.142500 0.009000 0.016000
0 0.141000 0.327000 0.013000 0.016000
0 0.368000 0.329500 0.020000 0.021000
0 0.455000 0.316500 0.017000 0.023000
0 0.405500 0.208500 0.016000 0.013000
0 0.454500 0.379000 0.030000 0.030000
0 0.350000 0.520500 0.022000 0.034000
0 0.192500 0.297000 0.017000 0.021000
0 0.407000 0.486500 0.013000 0.013000
0 0.341000 0.537500 0.020000 0.019000
0 0.889500 0.651500 0.010000 0.011000
0 0.555000 0.342000 0.023000 0.023000
0 0.458000 0.459500 0.024000 0.027000
0 0.190000 0.373500 0.021000 0.020000
0 0.630000 0.819500 0.015000 0.013000
0 0.452000 0.480000 0.019000 0.014000
0 0.393000 0.715500 0.022000 0.014000
0 0.685000 0.740500 0.015000 0.021000
0 0.175500 0.486000 0.014000 0.018000
0 0.796000 0.251000 0.020000 0.020000
0 0.472500 0.542500 0.010000 0.013000
0 0.283500 0.326750 0.012000 0.014500
0 0.536500 0.531500 0.011000 0.013000
0 0.633500 0.624000 0.025000 0.024000
0 0.806500 0.543500 0.031000 0.030000
0 0.729000 0.340500 0.016000 0.017000
0 0.821500 0.642500 0.017000 0.018000
0 0.789500 0.423500 0.019000 0.019000
0 0.416500 0.476500 0.017000 0.018000
0 0.367500 0.338500 0.028000 0.029000
0 0.819000 0.526000 0.028000 0.033000
0 0.329000 0.806000 0.023000 0.022000
0 0.458500 0.264000 0.017000 0.017000
0 0.580500 0.289000 0.013000 0.013000
0 0.532000 0.325500 0.020000 0.020000
0 0.441500 0.580000 0.027000 0.025000
0 0.594500 0.529000 0.015000 0.011000
0 0.179000 0.380000 0.011000 0.011000
0 0.538000 0.111500 0.022000 0.019000
0 0.356000 0.527000 0.009000 0.010000
0 0.448000 0.841000 0.024000 0.030000
0 0.664500 0.448500 0.019000 0.028000
0 0.597000 0.399000 0.018000 0.019000
0 0.379500 0.436000 0.022000 0.019000
0 0.604500 0.415500 0.015000 0.014000
0 0.500000 0.394000 0.012000 0.015000
0 0.094000 0.533000 0.032000 0.023000
0 0.171000 0.554500 0.021000 0.017000
0 0.566500 0.413000 0.012000 0.012000
0 0.730500 0.433000 0.016000 0.018000
0 0.487000 0.504500 0.019000 0.021000
0 0.521000 0.641500 0.015000 0.012000
0 0.578500 0.367500 0.012000 0.013000
0 0.821250 0.326500 0.020500 0.020000
0 0.879500 0.490500 0.014000 0.015000
0 0.619000 0.629000 0.020000 0.024000
0 0.438000 0.802500 0.016000 0.017000
0 0.311500 0.730500 0.013000 0.012000
0 0.572000 0.207000 0.012000 0.011000
0 0.486000 0.424000 0.022000 0.020000
0 0.422500 0.594500 0.020000 0.021000
0 0.192500 0.512500 0.021000 0.019000
0 0.273500 0.268500 0.020000 0.021000
0 0.180500 0.523000 0.018000 0.019000
0 0.174500 0.677000 0.019000 0.019000
0 0.310000 0.416000 0.025000 0.018000
0 0.667500 0.623000 0.013000 0.013000
0 0.517000 0.550500 0.014000 0.013000
0 0.334000 0.424000 0.023000 0.024000
0 0.625000 0.811000 0.024000 0.017000
0 0.529500 0.508000 0.010000 0.012000
0 0.705000 0.732500 0.022000 0.024000
0 0.367000 0.449500 0.016000 0.016000
0 0.590500 0.116000 0.028000 0.022000
0 0.568500 0.504000 0.022000 0.027000
0 0.490500 0.461000 0.026000 0.022000
0 0.218000 0.697500 0.010000 0.013000
0 0.479000 0.170000 0.025000 0.022000
0 0.591000 0.665000 0.015000 0.013000
0 0.444000 0.544000 0.020000 0.014000
0 0.397500 0.559000 0.022000 0.021000
0 0.354500 0.275000 0.019000 0.019000
0 0.483500 0.388500 0.011000 0.013000
0 0.356500 0.584000 0.010000 0.011000
0 0.497500 0.631000 0.027000 0.019000
0 0.296000 0.444500 0.024000 0.023000
0 0.608000 0.746500 0.016000 0.020000
0 0.314500 0.585000 0.020000 0.020000
0 0.489000 0.803000 0.022000 0.022000
0 0.307000 0.354000 0.018000 0.021000
0 0.397500 0.552500 0.027000 0.034000
0 0.251000 0.418000 0.023000 0.025000
0 0.683500 0.370000 0.019000 0.020000
0 0.855000 0.305000 0.024000 0.024000
0 0.382500 0.347000 0.020000 0.020000
0 0.284500 0.708000 0.015000 0.016000
0 0.280000 0.274000 0.017000 0.016000
0 0.881000 0.402500 0.013000 0.015000
0 0.241000 0.394000 0.026000 0.030000
0 0.428000 0.163500 0.014000 0.015000
0 0.791000 0.685000 0.016000 0.017000
0 0.240500 0.569000 0.017000 0.017000
0 0.239500 0.519500 0.015000 0.016000
0 0.239000 0.725500 0.030000 0.031000
0 0.825500 0.724500 0.018000 0.023000
0 0.144500 0.420500 0.029000 0.029000
0 0.510500 0.605500 0.011000 0.011000
0 0.364500 0.469000 0.010000 0.011000
0 0.277000 0.455000 0.016000 0.016000