0 0.412250 0.222000 0.017500 0.015000
0 0.222500 0.438000 0.019000 0.025000
0 0.434000 0.529000 0.016000 0.015000
0 0.536000 0.542500 0.010000 0.010000
0 0.503000 0.519000 0.015000 0.022000
0 0.533500 0.462500 0.020000 0.019000
0 0.615000 0.202000 0.022000 0.020000
0 0.462500 0.854000 0.014000 0.020000
0 0.482000 0.589500 0.025000 0.017000
0 0.501000 0.486000 0.016000 0.018000
0 0.558500 0.490500 0.027000 0.019000
0 0.371500 0.260000 0.016000 0.018000
0 0.403000 0.503000 0.013000 0.012000
0 0.368500 0.180000 0.017000 0.017000
0 0.655500 0.383000 0.025000 0.026000
0 0.463500 0.489500 0.013000 0.015000
0 0.312000 0.578000 0.019000 0.022000
0 0.551000 0.842000 0.030000 0.026000
0 0.364000 0.344000 0.021000 0.022000
0 0.321000 0.614000 0.019000 0.013000
0 0.814000 0.501000 0.014000 0.011000
0 0.440500 0.517000 0.012000 0.017000
0 0.466500 0.450500 0.015000 0.020000
0 0.480000 0.388500 0.029000 0.025000
0 0.502000 0.565000 0.023000 0.020000
0 0.549000 0.306500 0.025000 0.028000
0 0.630500 0.421000 0.023000 0.025000
0 0.480500 0.829500 0.019000 0.019000
0 0.333500 0.637000 0.021000 0.021000
0 0.643500 0.321500 0.018000 0.019000
0 0.634000 0.888500 0.014000 0.014000
0 0.348000 0.496000 0.031000 0.033000
0 0.682000 0.602500 0.019000 0.019000
0 0.334500 0.412500 0.032000 0.028000
0 0.375000 0.396000 0.027000 0.026000
0 0.253000 0.615500 0.010000 0.013000
0 0.195000 0.653500 0.020000 0.018000
0 0.396500 0.674500 0.012000 0.010000
0 0.778000 0.602000 0.025000 0.027000
0 0.184500 0.338500 0.026000 0.030000
0 0.316500 0.313500 0.025000 0.022000
0 0.531500 0.583500 0.018000 0.021000
0 0.507500 0.514500 0.015000 0.013000
0 0.674500 0.741500 0.025000 0.025000
0 0.348000 0.839000 0.021000 0.019000
0 0.397000 0.812000 0.015000 0.014000
0 0.451000 0.414500 0.012000 0.015000
0 0.488500 0.501500 0.014000 0.012000
0 0.496500 0.294500 0.015000 0.019000
0 0.645000 0.159500 0.013000 0.016000
0 0.359000 0.458000 0.013000 0.017000
0 0.452750 0.338000 0.023500 0.019000
0 0.527500 0.450500 0.028000 0.031000
0 0.555500 0.737000 0.027000 0.021000
0 0.728000 0.357000 0.015000 0.017000
0 0.430000 0.424000 0.019000 0.013000
0 0.540000 0.520000 0.028000 0.026000
0 0.703500 0.219500 0.016000 0.017000
0 0.508000 0.505000 0.022000 0.025000
0 0.766000 0.784000 0.013000 0.014000
0 0.507500 0.245500 0.017000 0.016000
0 0.424000 0.504500 0.009000 0.013000
0 0.553500 0.456000 0.008000 0.010000
0 0.745000 0.409500 0.024000 0.022000
0 0.640000 0.470500 0.022000 0.025000
0 0.711500 0.734500 0.017000 0.016000
0 0.697000 0.430500 0.025000 0.025000
0 0.302500 0.332500 0.018000 0.022000
0 0.491500 0.508500 0.013000 0.013000
0 0.678000 0.878000 0.014000 0.012000
0 0.728000 0.661000 0.024000 0.020000
0 0.629500 0.493000 0.023000 0.024000
0 0.432500 0.545000 0.023000 0.027000
0 0.742000 0.419000 0.019000 0.017000
0 0.475500 0.727500 0.028000 0.027000
0 0.759500 0.610000 0.015000 0.016000
0 0.533000 0.745000 0.026000 0.030000
0 0.461500 0.283500 0.018000 0.018000
0 0.193500 0.303000 0.019000 0.018000
0 0.464000 0.529500 0.026000 0.026000
0 0.552500 0.436500 0.026000 0.025000
0 0.658500 0.525000 0.018000 0.013000
0 0.368000 0.637000 0.010000 0.013000
0 0.407500 0.548000 0.013000 0.022000
0 0.480500 0.478500 0.015000 0.016000
0 0.378500 0.561250 0.012000 0.014500
0 0.676500 0.583000 0.017000 0.019000
0 0.162500 0.730000 0.025000 0.027000
0 0.448500 0.396000 0.020000 0.020000
0 0.451500 0.249500 0.012000 0.015000
0 0.422000 0.329000 0.031000 0.030000
0 0.495500 0.469500 0.015000 0.018000
0 0.407500 0.482500 0.025000 0.022000
0 0.590500 0.668500 0.028000 0.025000
0 0.459500 0.530000 0.029000 0.028000
0 0.193000 0.488000 0.019000 0.021000
0 0.433500 0.555000 0.018000 0.020000
0 0.422500 0.414000 0.014000 0.011000
0 0.427000 0.509000 0.031000 0.031000
0 0.639000 0.443500 0.017000 0.025000
0 0.617000 0.704000 0.022000 0.017000
0 0.538000 0.559000 0.025000 0.023000
0 0.732000 0.232500 0.026000 0.028000
0 0.885500 0.354500 0.025000 0.028000
0 0.816750 0.239500 0.026500 0.020000
0 0.686500 0.675000 0.020000 0.025000
0 0.338500 0.301500 0.020000 0.021000
0 0.671500 0.564500 0.017000 0.017000
0 0.487250 0.525000 0.026500 0.018000
0 0.551500 0.445000 0.021000 0.024000
0 0.647000 0.815500 0.020000 0.032000
0 0.845000 0.349500 0.012000 0.013000
0 0.425000 0.351500 0.025000 0.021000
0 0.489500 0.486000 0.012000 0.012000
0 0.498500 0.494500 0.013000 0.012000
0 0.233750 0.577000 0.017500 0.013000
0 0.461500 0.760000 0.013000 0.009000
0 0.533000 0.370500 0.019000 0.025000
0 0.214000 0.531000 0.009000 0.014000
0 0.564000 0.892000 0.015000 0.014000
0 0.491500 0.566500 0.019000 0.019000
0 0.631500 0.577500 0.022000 0.021000
0 0.545500 0.490500 0.024000 0.022000
0 0.805500 0.413000 0.018000 0.017000
0 0.658000 0.775500 0.020000 0.016000
0 0.506500 0.192500 0.015000 0.012000
0 0.667500 0.772000 0.023000 0.014000
0 0.838000 0.545000 0.018000 0.019000
0 0.669000 0.578500 0.022000 0.015000
0 0.776500 0.500500 0.027000 0.021000
0 0.502500 0.583000 0.022000 0.019000
0 0.326000 0.705000 0.026000 0.023000
0 0.838500 0.611500 0.023000 0.021000
0 0.730000 0.349000 0.021000 0.023000
0 0.154000 0.656500 0.029000 0.029000
0 0.390500 0.330500 0.021000 0.028000
0 0.577000 0.491000 0.030000 0.035000
0 0.675500 0.504500 0.017000 0.014000
0 0.455000 0.467500 0.018000 0.018000
0 0.545500 0.580000 0.012000 0.013000
0 0.292500 0.756500 0.020000 0.021000
0 0.224000 0.614000 0.023000 0.026000
0 0.391000 0.859000 0.016000 0.017000
0 0.502000 0.503000 0.011000 0.012000
0 0.403000 0.854500 0.016000 0.019000
0 0.659000 0.620000 0.012000 0.014000
0 0.812000 0.390500 0.024000 0.025000
0 0.567000 0.271000 0.013000 0.016000
0 0.617500 0.507500 0.026000 0.032000
0 0.619000 0.596000 0.015000 0.016000
0 0.703000 0.643500 0.014000 0.015000
0 0.399500 0.740000 0.025000 0.028000
0 0.293500 0.348000 0.013000 0.014000
0 0.430000 0.630500 0.013000 0.013000
0 0.707500 0.547500 0.013000 0.009000
0 0.578000 0.602000 0.015000 0.013000
0 0.416500 0.533000 0.013000 0.013000
0 0.414500 0.408000 0.015000 0.014000
0 0.654500 0.257500 0.020000 0.027000
0 0.473500 0.548500 0.023000 0.020000
0 0.165500 0.333500 0.019000 0.018000
0 0.472500 0.438500 0.019000 0.021000
0 0.511500 0.269000 0.013000 0.013000
0 0.257000 0.763000 0.022000 0.016000
0 0.478500 0.267500 0.022000 0.016000
0 0.600500 0.449500 0.018000 0.017000
0 0.270500 0.715000 0.024000 0.024000
0 0.576500 0.627500 0.014000 0.015000
0 0.418500 0.635000 0.020000 0.020000
0 0.690500 0.477000 0.026000 0.024000
0 0.746500 0.435500 0.010000 0.014000
0 0.416500 0.617500 0.014000 0.015000
0 0.523500 0.488500 0.012000 0.012000
0 0.789000 0.381000 0.015000 0.012000
0 0.745000 0.762500 0.024000 0.019000
0 0.517000 0.496000 0.018000 0.024000
0 0.448000 0.360000 0.028000 0.024000
0 0.140500 0.299500 0.025000 0.023000
0 0.677000 0.572500 0.009000 0.009000
0 0.432000 0.239500 0.018000 0.018000
0 0.637500 0.845500 0.011000 0.010000
0 0.367500 0.255500 0.019000 0.025000
0 0.139500 0.288000 0.018000 0.022000
0 0.524500 0.472000 0.029000 0.025000
0 0.719500 0.528000 0.021000 0.022000
0 0.215500 0.461500 0.026000 0.021000
0 0.631000 0.261000 0.025000 0.030000
0 0.407000 0.668000 0.026000 0.025000
0 0.251500 0.549250 0.010000 0.014500
0 0.610000 0.256500 0.024000 0.024000
0 0.783500 0.482000 0.014000 0.019000
0 0.664500 0.603500 0.016000 0.019000
0 0.777500 0.653500 0.014000 0.016000
0 0.565000 0.554500 0.015000 0.015000
0 0.186000 0.360500 0.017000 0.016000
0 0.147500 0.619500 0.020000 0.018000
0 0.232000 0.186000 0.026000 0.022000
0 0.403500 0.304750 0.010000 0.014500
0 0.571750 0.525000 0.029500 0.022000
0 0.428000 0.157500 0.025000 0.026000
0 0.239500 0.734000 0.036000 0.026000
0 0.807000 0.661500 0.015000 0.014000
0 0.250000 0.562500 0.016000 0.013000
0 0.834500 0.699000 0.025000 0.022000
0 0.706000 0.492500 0.033000 0.026000
0 0.418500 0.831500 0.019000 0.020000
0 0.368000 0.119000 0.034000 0.023000
0 0.535250 0.441000 0.026500 0.018000
0 0.505000 0.497000 0.035000 0.028000
0 0.625000 0.804500 0.032000 0.026000
0 0.570000 0.474000 0.031000 0.029000
0 0.634500 0.598000 0.020000 0.019000
0 0.223500 0.190000 0.028000 0.028000
0 0.470500 0.577500 0.030000 0.023000
0 0.509500 0.454000 0.016000 0.021000
0 0.538000 0.614000 0.018000 0.018000
0 0.833000 0.409000 0.010000 0.014000
0 0.209500 0.353500 0.022000 0.021000
0 0.419500 0.504000 0.028000 0.028000
0 0.471000 0.097000 0.024000 0.021000
0 0.738500 0.202000 0.018000 0.017000
0 0.440500 0.310500 0.013000 0.015000
0 0.366500 0.466500 0.024000 0.020000
0 0.277500 0.521500 0.024000 0.032000
0 0.405000 0.494000 0.013000 0.008000
0 0.440000 0.785500 0.021000 0.025000
0 0.715500 0.366500 0.022000 0.019000
0 0.789000 0.329500 0.027000 0.028000
0 0.719000 0.548500 0.015000 0.016000
0 0.701000 0.233000 0.012000 0.012000
0 0.437500 0.362500 0.012000 0.013000
0 0.476500 0.447000 0.029000 0.022000
0 0.170000 0.533000 0.011000 0.010000
0 0.506500 0.461500 0.018000 0.018000
0 0.720000 0.461500 0.016000 0.017000
0 0.200500 0.525500 0.020000 0.019000
0 0.252000 0.187000 0.017000 0.017000
0 0.493500 0.668500 0.024000 0.020000
0 0.226000 0.603500 0.020000 0.026000
0 0.625500 0.132500 0.023000 0.023000
0 0.668000 0.242500 0.014000 0.015000
0 0.542000 0.779000 0.015000 0.018000
0 0.474000 0.425500 0.031000 0.029000
0 0.350500 0.867000 0.025000 0.022000
0 0.349500 0.335500 0.011000 0.016000
0 0.471000 0.455000 0.028000 0.026000
0 0.647500 0.391000 0.010000 0.014000
0 0.232000 0.500500 0.015000 0.017000
0 0.603000 0.871500 0.011000 0.009000
0 0.207000 0.541000 0.025000 0.017000
0 0.672000 0.515000 0.026000 0.028000
0 0.450000 0.156000 0.021000 0.016000
0 0.738000 0.595500 0.013000 0.013000
0 0.496500 0.502500 0.026000 0.025000
0 0.579000 0.358000 0.019000 0.018000
0 0.308000 0.743000 0.020000 0.017000
0 0.670000 0.668500 0.021000 0.018000
0 0.148000 0.354500 0.014000 0.013000
0 0.472500 0.360500 0.019000 0.024000
0 0.830250 0.722500 0.020500 0.015000
0 0.801000 0.760500 0.036000 0.026000
0 0.479500 0.422000 0.024000 0.024000
0 0.129500 0.418000 0.011000 0.013000
0 0.613000 0.561000 0.014000 0.014000
0 0.479500 0.739500 0.026000 0.024000
0 0.334000 0.564000 0.014000 0.017000
0 0.551500 0.889000 0.020000 0.030000
0 0.727500 0.733000 0.025000 0.023000
0 0.265500 0.790500 0.019000 0.024000
0 0.235500 0.216000 0.019000 0.018000
0 0.751500 0.615000 0.009000 0.012000
0 0.518000 0.222500 0.020000 0.019000
0 0.193500 0.464000 0.030000 0.030000
0 0.516000 0.480000 0.016000 0.019000
0 0.557000 0.722500 0.016000 0.017000
0 0.480500 0.356000 0.015000 0.014000
0 0.462000 0.543250 0.020000 0.029500
0 0.227000 0.651500 0.009000 0.013000
0 0.532500 0.182500 0.018000 0.017000
0 0.397500 0.895500 0.012000 0.014000
0 0.656500 0.421000 0.015000 0.015000
0 0.748000 0.477500 0.019000 0.029000
0 0.509000 0.425500 0.024000 0.022000
0 0.902000 0.594500 0.014000 0.011000
0 0.436000 0.665500 0.026000 0.024000
0 0.159500 0.588500 0.029000 0.028000
0 0.705000 0.763000 0.019000 0.020000
0 0.498500 0.247500 0.021000 0.021000
0 0.315000 0.524000 0.028000 0.023000
0 0.445500 0.463500 0.018000 0.015000
0 0.432000 0.569500 0.025000 0.026000
0 0.452000 0.864500 0.022000 0.023000
0 0.687500 0.544500 0.016000 0.021000
0 0.477500 0.674000 0.017000 0.010000
0 0.243500 0.430000 0.015000 0.014000
0 0.490000 0.182500 0.036000 0.033000
0 0.541000 0.379000 0.017000 0.014000
0 0.641500 0.526000 0.017000 0.018000
0 0.440000 0.539500 0.026000 0.020000
0 0.508000 0.324000 0.019000 0.022000
0 0.647500 0.353500 0.027000 0.029000
0 0.579000 0.668000 0.034000 0.032000
0 0.762000 0.571000 0.009000 0.010000
0 0.605500 0.709500 0.018000 0.015000
0 0.439000 0.486000 0.020000 0.020000
0 0.773500 0.241000 0.018000 0.018000
0 0.900500 0.618000 0.021000 0.028000
0 0.488000 0.492000 0.020000 0.016000
0 0.543000 0.254500 0.031000 0.028000
0 0.508000 0.489500 0.029000 0.029000
0 0.685000 0.701000 0.014000 0.014000
0 0.454500 0.521500 0.026000 0.028000
0 0.578250 0.292000 0.014500 0.010000
0 0.322500 0.586250 0.014000 0.020500
0 0.593000 0.225000 0.026000 0.022000
0 0.720500 0.371500 0.019000 0.029000
0 0.285000 0.547000 0.026000 0.021000
0 0.556000 0.336000 0.022000 0.023000
0 0.713500 0.631500 0.010000 0.014000
0 0.319000 0.479000 0.014000 0.010000
0 0.522000 0.495000 0.021000 0.023000
0 0.896000 0.436000 0.019000 0.021000
0 0.673500 0.159500 0.023000 0.030000
0 0.140500 0.601500 0.014000 0.012000
0 0.224000 0.409500 0.024000 0.027000
0 0.557000 0.682000 0.016000 0.014000
0 0.893000 0.457500 0.024000 0.022000
0 0.685000 0.318500 0.028000 0.026000
0 0.424500 0.497000 0.015000 0.017000
0 0.478000 0.328000 0.012000 0.015000
0 0.408000 0.099500 0.024000 0.025000
0 0.258000 0.721500 0.034000 0.024000
0 0.701500 0.542000 0.016000 0.017000
0 0.175000 0.725500 0.015000 0.019000
0 0.412000 0.838000 0.011000 0.013000
0 0.435000 0.478000 0.019000 0.019000
0 0.431250 0.447500 0.026500 0.021000
0 0.595000 0.198000 0.021000 0.021000
0 0.384500 0.564500 0.016000 0.013000
0 0.552000 0.490000 0.013000 0.011000
0 0.477000 0.573500 0.023000 0.021000
0 0.718500 0.315500 0.023000 0.025000
0 0.409250 0.744000 0.014500 0.010000
0 0.799500 0.388000 0.014000 0.019000
0 0.677500 0.339000 0.022000 0.027000
0 0.511000 0.539500 0.026000 0.028000
0 0.245000 0.270000 0.017000 0.020000
0 0.159500 0.279500 0.024000 0.022000
0 0.656000 0.482000 0.014000 0.014000
0 0.362000 0.323000 0.021000 0.019000
0 0.553500 0.279000 0.021000 0.021000
0 0.443000 0.271500 0.024000 0.023000
0 0.316500 0.178500 0.022000 0.030000
0 0.569500 0.789500 0.022000 0.018000
0 0.159500 0.675500 0.023000 0.025000
0 0.441000 0.609750 0.022000 0.032500
0 0.666500 0.500000 0.023000 0.023000
0 0.579500 0.537500 0.014000 0.014000
0 0.203000 0.793000 0.017000 0.017000
0 0.622500 0.330500 0.018000 0.019000
0 0.478500 0.710500 0.011000 0.012000
0 0.217000 0.549000 0.018000 0.013000
0 0.611500 0.611000 0.020000 0.021000
0 0.667500 0.720000 0.019000 0.013000
0 0.564500 0.565500 0.032000 0.032000
0 0.649500 0.310500 0.018000 0.025000
0 0.390000 0.419000 0.022000 0.025000
0 0.188500 0.403500 0.018000 0.021000
0 0.356000 0.795500 0.020000 0.026000
0 0.533000 0.665000 0.025000 0.024000
0 0.878500 0.422500 0.020000 0.025000
0 0.604000 0.835500 0.015000 0.014000
0 0.404000 0.107500 0.023000 0.023000
0 0.678000 0.188500 0.015000 0.014000
0 0.425000 0.276500 0.027000 0.026000
0 0.530000 0.110000 0.016000 0.017000
0 0.877500 0.633500 0.022000 0.026000
0 0.582000 0.531500 0.020000 0.015000
0 0.364000 0.573500 0.013000 0.016000
0 0.512500 0.779500 0.019000 0.025000
0 0.672500 0.794500 0.014000 0.011000
0 0.390500 0.203500 0.023000 0.022000
0 0.586500 0.544500 0.011000 0.011000
0 0.697500 0.649500 0.017000 0.017000
0 0.194500 0.376500 0.020000 0.019000
0 0.549000 0.701500 0.017000 0.020000
0 0.428500 0.341000 0.011000 0.008000
0 0.406500 0.780000 0.022000 0.018000
0 0.339500 0.483500 0.025000 0.025000
0 0.549000 0.653500 0.019000 0.019000
0 0.473500 0.793500 0.022000 0.019000
0 0.813500 0.318500 0.022000 0.024000
0 0.481000 0.426500 0.014000 0.015000
0 0.368500 0.454500 0.026000 0.035000
0 0.645500 0.562500 0.017000 0.017000
0 0.708000 0.610500 0.019000 0.026000
0 0.201000 0.782500 0.016000 0.013000
0 0.255000 0.808500 0.012000 0.016000
0 0.347500 0.712500 0.025000 0.026000
0 0.494000 0.459000 0.034000 0.035000
0 0.432000 0.204000 0.029000 0.026000
0 0.491000 0.270500 0.012000 0.012000
0 0.520500 0.677000 0.023000 0.025000
0 0.272500 0.786000 0.018000 0.015000
0 0.542500 0.169000 0.030000 0.029000
0 0.482500 0.562500 0.030000 0.027000
0 0.463000 0.376500 0.026000 0.024000
0 0.104500 0.640500 0.012000 0.013000
0 0.859000 0.350500 0.021000 0.018000
0 0.775000 0.565500 0.010000 0.009000
0 0.508500 0.497000 0.013000 0.013000
0 0.463500 0.407000 0.015000 0.016000
0 0.840000 0.529000 0.018000 0.024000
0 0.512000 0.517500 0.023000 0.024000
0 0.150500 0.731000 0.024000 0.030000
0 0.580500 0.252500 0.024000 0.025000
0 0.279500 0.561000 0.022000 0.018000
0 0.856000 0.650000 0.024000 0.025000
0 0.372500 0.678500 0.026000 0.027000
0 0.378000 0.135000 0.014000 0.015000
0 0.404000 0.455000 0.019000 0.015000
0 0.794500 0.437500 0.012000 0.013000
0 0.573500 0.341000 0.030000 0.030000
0 0.298500 0.365000 0.019000 0.019000
0 0.591000 0.576500 0.015000 0.012000
0 0.186500 0.300000 0.028000 0.019000
0 0.397000 0.164000 0.012000 0.015000
0 0.267000 0.654750 0.018000 0.026500
0 0.552500 0.089500 0.023000 0.032000
0 0.622500 0.408500 0.022000 0.033000
0 0.688000 0.874000 0.012000 0.013000
0 0.796000 0.460000 0.029000 0.029000
0 0.566000 0.629500 0.015000 0.021000
0 0.565000 0.427000 0.020000 0.021000
0 0.205500 0.286500 0.019000 0.024000
0 0.483000 0.593000 0.029000 0.030000
0 0.294500 0.593500 0.017000 0.014000
0 0.439500 0.576500 0.019000 0.017000
0 0.216000 0.406500 0.022000 0.031000
0 0.737500 0.559500 0.017000 0.020000
0 0.623000 0.388500 0.023000 0.017000
0 0.598500 0.310000 0.020000 0.020000
0 0.644000 0.195000 0.025000 0.027000
0 0.282500 0.607000 0.018000 0.015000
0 0.297750 0.758000 0.023500 0.016000
0 0.259500 0.442750 0.016000 0.017500
0 0.475250 0.523000 0.011500 0.011000
0 0.252500 0.356000 0.019000 0.028000
0 0.770500 0.374500 0.024000 0.020000
0 0.420500 0.717000 0.010000 0.014000
0 0.585000 0.500000 0.012000 0.011000
0 0.740500 0.649500 0.026000 0.024000
0 0.558500 0.448500 0.023000 0.021000
0 0.897500 0.392000 0.020000 0.029000
0 0.699500 0.200000 0.017000 0.020000
0 0.404000 0.479500 0.017000 0.017000
0 0.409250 0.604000 0.032500 0.022000
0 0.328500 0.860500 0.018000 0.022000
0 0.472000 0.568500 0.018000 0.020000
0 0.356500 0.636500 0.016000 0.012000
0 0.413500 0.631500 0.022000 0.015000
0 0.267000 0.368000 0.013000 0.018000
0 0.390500 0.518500 0.017000 0.013000
0 0.613000 0.418500 0.015000 0.015000
0 0.757500 0.245000 0.025000 0.018000
0 0.318500 0.787500 0.028000 0.025000
0 0.422500 0.315000 0.016000 0.017000
0 0.293000 0.165000 0.024000 0.024000
0 0.535500 0.705000 0.018000 0.019000
0 0.517500 0.532500 0.011000 0.012000
0 0.349500 0.380500 0.018000 0.018000
0 0.459000 0.511750 0.017000 0.023500
0 0.796000 0.710000 0.010000 0.013000
0 0.519500 0.562500 0.014000 0.019000
0 0.183500 0.468000 0.026000 0.021000
0 0.244500 0.307000 0.014000 0.012000
0 0.294500 0.602500 0.030000 0.030000
0 0.740000 0.360500 0.016000 0.014000
0 0.841500 0.558500 0.015000 0.018000
0 0.502500 0.629500 0.014000 0.015000
0 0.116000 0.659000 0.016000 0.017000
0 0.219500 0.512000 0.016000 0.014000
0 0.556000 0.895500 0.015000 0.021000
0 0.405000 0.433000 0.018000 0.017000
0 0.707500 0.323000 0.016000 0.016000
0 0.472000 0.696250 0.008000 0.011500
0 0.473000 0.390000 0.019000 0.021000
0 0.536500 0.861000 0.031000 0.020000
0 0.735000 0.607500 0.019000 0.020000
0 0.549500 0.424500 0.025000 0.030000
0 0.607500 0.463500 0.021000 0.013000
0 0.700000 0.408500 0.015000 0.016000
0 0.603500 0.439000 0.029000 0.031000
0 0.602500 0.569000 0.015000 0.014000
0 0.834500 0.720500 0.022000 0.022000
0 0.819500 0.311000 0.029000 0.020000
0 0.405500 0.340500 0.011000 0.010000
0 0.244000 0.780500 0.022000 0.025000
0 0.753000 0.402500 0.017000 0.020000
0 0.760500 0.382000 0.016000 0.020000
0 0.629000 0.351500 0.014000 0.013000
0 0.869000 0.653000 0.022000 0.023000
0 0.331000 0.662500 0.025000 0.032000
0 0.694000 0.332000 0.019000 0.030000
0 0.291500 0.181500 0.026000 0.025000
0 0.136000 0.352000 0.010000 0.013000
0 0.569500 0.516500 0.023000 0.017000
0 0.307500 0.699500 0.021000 0.025000
0 0.604500 0.267750 0.018000 0.023500
0 0.894000 0.522000 0.026000 0.032000
0 0.481000 0.506000 0.021000 0.018000
0 0.392000 0.845500 0.014000 0.013000
0 0.633000 0.314000 0.034000 0.022000
0 0.396000 0.386000 0.020000 0.015000
0 0.450000 0.509000 0.023000 0.024000
0 0.512000 0.602000 0.029000 0.022000
0 0.296000 0.559000 0.013000 0.015000
0 0.456000 0.238000 0.026000 0.022000
0 0.492000 0.650500 0.011000 0.011000
0 0.381000 0.211000 0.019000 0.026000
0 0.296000 0.721500 0.017000 0.018000
0 0.344000 0.564000 0.016000 0.016000
0 0.531000 0.494500 0.012000 0.017000
0 0.373500 0.250000 0.013000 0.012000
0 0.524000 0.176500 0.022000 0.023000
0 0.543000 0.140000 0.021000 0.019000
0 0.616500 0.454500 0.012000 0.018000
0 0.665500 0.283000 0.012000 0.013000
0 0.347500 0.610000 0.019000 0.018000
0 0.740000 0.625500 0.012000 0.010000
0 0.438000 0.286500 0.025000 0.023000
0 0.469000 0.516000 0.030000 0.031000
0 0.499500 0.683500 0.015000 0.022000
0 0.888500 0.505000 0.019000 0.016000
0 0.797500 0.328500 0.022000 0.020000
0 0.667500 0.681000 0.013000 0.015000
0 0.259000 0.260500 0.023000 0.023000
0 0.657250 0.357250 0.023500 0.024500
0 0.589500 0.589000 0.029000 0.031000
0 0.739500 0.294500 0.022000 0.022000
0 0.471500 0.667500 0.017000 0.025000
0 0.264000 0.802000 0.011000 0.014000
0 0.492000 0.425500 0.023000 0.024000
0 0.773000 0.630500 0.017000 0.016000
0 0.566500 0.656500 0.013000 0.011000
0 0.854000 0.596000 0.013000 0.011000
0 0.189500 0.434000 0.026000 0.020000
0 0.673000 0.370000 0.022000 0.015000
0 0.541500 0.702000 0.017000 0.014000
0 0.520000 0.555000 0.033000 0.033000
0 0.521500 0.576500 0.031000 0.027000
0 0.596500 0.277000 0.016000 0.011000
0 0.481000 0.467000 0.016000 0.013000
0 0.625000 0.504000 0.023000 0.020000
0 0.758000 0.292750 0.012000 0.017500
0 0.681500 0.828000 0.013000 0.010000
0 0.546500 0.270500 0.031000 0.031000
0 0.721500 0.569500 0.025000 0.027000
0 0.372500 0.599000 0.023000 0.023000
0 0.727000 0.192000 0.014000 0.014000
0 0.346000 0.429500 0.015000 0.015000
0 0.829500 0.422000 0.012000 0.012000
0 0.641250 0.492250 0.019500 0.019500
0 0.622000 0.611000 0.032000 0.027000
0 0.511500 0.545500 0.014000 0.017000
0 0.435000 0.379500 0.016000 0.015000
0 0.426000 0.471000 0.032000 0.031000
0 0.567000 0.289000 0.028000 0.024000
0 0.401000 0.594000 0.017000 0.017000
0 0.625500 0.696000 0.011000 0.010000
0 0.088500 0.535000 0.023000 0.025000
0 0.380500 0.353000 0.017000 0.020000
0 0.544000 0.666000 0.015000 0.013000
0 0.724000 0.644000 0.019000 0.018000
0 0.482000 0.537500 0.017000 0.020000
0 0.545500 0.568000 0.019000 0.020000
0 0.512000 0.438500 0.032000 0.019000
0 0.457000 0.850000 0.013000 0.015000
0 0.674500 0.181000 0.019000 0.019000
0 0.387000 0.441500 0.027000 0.022000
0 0.763000 0.651500 0.017000 0.018000
0 0.375000 0.721000 0.009000 0.013000
0 0.501500 0.480500 0.026000 0.027000
0 0.118000 0.345500 0.010000 0.010000
0 0.422500 0.585500 0.023000 0.017000
0 0.500000 0.196500 0.021000 0.023000
0 0.236500 0.309000 0.023000 0.020000
0 0.462000 0.444500 0.018000 0.016000
0 0.290000 0.242000 0.009000 0.010000
0 0.642000 0.554000 0.011000 0.016000
0 0.415000 0.470000 0.028000 0.032000
0 0.398500 0.525500 0.021000 0.023000
0 0.758000 0.275000 0.013000 0.013000
0 0.280500 0.676500 0.020000 0.017000
0 0.313000 0.351000 0.022000 0.024000
0 0.685500 0.485000 0.021000 0.027000
0 0.585000 0.236000 0.030000 0.023000
0 0.325500 0.345000 0.034000 0.033000
0 0.638000 0.509500 0.030000 0.018000
0 0.411500 0.495000 0.014000 0.014000
0 0.755500 0.587500 0.023000 0.019000
0 0.300000 0.835000 0.021000 0.023000
0 0.884500 0.609000 0.016000 0.014000
0 0.566500 0.508000 0.018000 0.020000
0 0.436000 0.390000 0.026000 0.027000
0 0.857500 0.505500 0.010000 0.011000
0 0.212000 0.581000 0.016000 0.016000
0 0.670000 0.399500 0.017000 0.014000
0 0.871500 0.626000 0.017000 0.013000
0 0.694000 0.583500 0.030000 0.025000
0 0.639500 0.643000 0.026000 0.026000
0 0.478000 0.623000 0.021000 0.029000
0 0.714000 0.476000 0.025000 0.022000
0 0.823500 0.276500 0.012000 0.014000
0 0.356000 0.427500 0.023000 0.024000
0 0.196000 0.701500 0.014000 0.014000
0 0.687500 0.293000 0.016000 0.020000
0 0.500500 0.645500 0.013000 0.009000
0 0.128500 0.454000 0.010000 0.012000
0 0.821000 0.769000 0.016000 0.016000
0 0.654000 0.496000 0.018000 0.018000
0 0.604500 0.467500 0.018000 0.012000
0 0.875500 0.495000 0.029000 0.027000
0 0.877000 0.591500 0.023000 0.023000
0 0.597000 0.565000 0.028000 0.031000
0 0.475500 0.498000 0.028000 0.027000
0 0.257500 0.193500 0.015000 0.016000
0 0.453500 0.762500 0.022000 0.022000
0 0.607000 0.900500 0.023000 0.026000
0 0.437000 0.503500 0.014000 0.015000
0 0.633500 0.230000 0.019000 0.026000
0 0.481500 0.624500 0.020000 0.018000
0 0.463500 0.484000 0.031000 0.036000
0 0.446000 0.742000 0.022000 0.023000
0 0.565000 0.354000 0.017000 0.022000
0 0.186500 0.683000 0.020000 0.017000
0 0.317000 0.499500 0.020000 0.024000
0 0.402500 0.722000 0.014000 0.013000
0 0.431000 0.580000 0.023000 0.024000
0 0.456500 0.361500 0.009000 0.010000
0 0.570500 0.546500 0.015000 0.012000
0 0.342500 0.509000 0.029000 0.030000
0 0.114500 0.574000 0.017000 0.020000
0 0.557500 0.627000 0.030000 0.023000
0 0.347000 0.637000 0.021000 0.025000
0 0.366500 0.775000 0.016000 0.014000
0 0.567500 0.461500 0.015000 0.022000
0 0.146000 0.383500 0.013000 0.014000
0 0.376000 0.301000 0.021000 0.025000
0 0.519500 0.519000 0.017000 0.017000
0 0.228500 0.587500 0.025000 0.023000
0 0.473000 0.766500 0.017000 0.013000
0 0.545500 0.862500 0.013000 0.010000
0 0.629000 0.306500 0.027000 0.023000
0 0.387500 0.802500 0.027000 0.029000
0 0.342500 0.534000 0.014000 0.012000
0 0.408500 0.688500 0.014000 0.014000
0 0.294000 0.468500 0.017000 0.018000
0 0.428000 0.524000 0.017000 0.019000
0 0.768500 0.545500 0.018000 0.020000
0 0.868000 0.602500 0.019000 0.018000
0 0.344000 0.115000 0.016000 0.010000
0 0.481000 0.911500 0.016000 0.015000
0 0.875500 0.539500 0.019000 0.019000
0 0.403500 0.414000 0.025000 0.027000
0 0.416000 0.782000 0.011000 0.012000
0 0.670500 0.571000 0.028000 0.024000
0 0.092500 0.452500 0.024000 0.027000
0 0.215000 0.286000 0.013000 0.018000
0 0.526000 0.505500 0.013000 0.014000
0 0.313500 0.684000 0.013000 0.010000
0 0.532500 0.641500 0.018000 0.023000
0 0.407500 0.123500 0.029000 0.023000
0 0.275500 0.750500 0.019000 0.018000
0 0.428500 0.560500 0.019000 0.019000
0 0.808500 0.554500 0.021000 0.019000
0 0.237500 0.634500 0.025000 0.028000
0 0.828000 0.345000 0.019000 0.019000
0 0.506500 0.435000 0.025000 0.022000
0 0.851500 0.279000 0.028000 0.025000
0 0.394500 0.439500 0.021000 0.017000
0 0.541000 0.720250 0.017000 0.023500
0 0.492000 0.491000 0.011000 0.011000
0 0.243000 0.605000 0.032000 0.023000
0 0.445500 0.479000 0.014000 0.014000
0 0.778500 0.572500 0.018000 0.023000
0 0.343500 0.342000 0.017000 0.018000
0 0.790500 0.621000 0.027000 0.026000
0 0.441000 0.503000 0.018000 0.019000
0 0.407500 0.452500 0.023000 0.032000
0 0.594000 0.421000 0.016000 0.014000
0 0.605500 0.525000 0.018000 0.022000
0 0.623500 0.537500 0.024000 0.018000
0 0.473000 0.337000 0.021000 0.019000
0 0.506000 0.494000 0.018000 0.018000
0 0.370000 0.189000 0.011000 0.015000
0 0.483500 0.286500 0.021000 0.025000
0 0.547000 0.510500 0.023000 0.022000
0 0.491500 0.337500 0.015000 0.012000
0 0.358000 0.500500 0.016000 0.016000
0 0.600500 0.866500 0.023000 0.022000
0 0.761500 0.673500 0.014000 0.014000
0 0.502000 0.433000 0.015000 0.019000
0 0.305500 0.638500 0.020000 0.022000
0 0.396500 0.555000 0.029000 0.028000