0 0.668000 0.509000 0.031000 0.030000
0 0.449000 0.556000 0.011000 0.011000
0 0.430000 0.665000 0.018000 0.017000
0 0.441000 0.123000 0.027000 0.028000
0 0.443500 0.698000 0.014000 0.014000
0 0.493500 0.456500 0.028000 0.027000
0 0.450500 0.492000 0.017000 0.021000
0 0.675500 0.359000 0.023000 0.023000
0 0.657000 0.437000 0.019000 0.017000
0 0.515000 0.451500 0.019000 0.023000
0 0.225000 0.440000 0.026000 0.020000
0 0.759500 0.764000 0.034000 0.027000
0 0.629500 0.482500 0.026000 0.027000
0 0.544000 0.153500 0.011000 0.008000
0 0.342500 0.621000 0.013000 0.014000
0 0.342000 0.464500 0.011000 0.013000
0 0.336500 0.291000 0.024000 0.020000
0 0.589500 0.474500 0.024000 0.026000
0 0.146500 0.601500 0.019000 0.015000
0 0.492500 0.499000 0.020000 0.020000
0 0.336500 0.820000 0.028000 0.026000
0 0.635000 0.298000 0.022000 0.024000
0 0.594000 0.150000 0.028000 0.020000
0 0.555500 0.871000 0.019000 0.016000
0 0.538500 0.484000 0.027000 0.027000
0 0.544000 0.469500 0.018000 0.023000
0 0.508500 0.527000 0.028000 0.033000
0 0.462000 0.459500 0.014000 0.016000
0 0.538500 0.663500 0.010000 0.011000
0 0.487000 0.308500 0.015000 0.012000
0 0.523500 0.486000 0.013000 0.010000
0 0.386000 0.283500 0.025000 0.024000
0 0.354000 0.773500 0.019000 0.017000
0 0.489500 0.441500 0.018000 0.013000
0 0.453500 0.655000 0.025000 0.021000
0 0.778000 0.416500 0.018000 0.012000
0 0.576500 0.511500 0.013000 0.009000
0 0.301000 0.399500 0.016000 0.019000
0 0.613000 0.824000 0.022000 0.022000
0 0.408500 0.553500 0.028000 0.032000
0 0.451000 0.364500 0.020000 0.021000
0 0.498000 0.499750 0.018000 0.026500
0 0.535000 0.424500 0.025000 0.023000
0 0.502000 0.482500 0.019000 0.019000
0 0.787500 0.335000 0.011000 0.014000
0 0.698500 0.713000 0.022000 0.026000
0 0.635500 0.467000 0.018000 0.014000
0 0.562500 0.777000 0.022000 0.021000
0 0.588500 0.410500 0.015000 0.014000
0 0.488000 0.531000 0.022000 0.017000
0 0.738000 0.512000 0.023000 0.022000
0 0.566000 0.256000 0.027000 0.034000
0 0.333000 0.592500 0.016000 0.014000
0 0.558000 0.417000 0.023000 0.019000
0 0.713000 0.838000 0.016000 0.018000
0 0.189500 0.475500 0.029000 0.023000
0 0.624500 0.676000 0.012000 0.014000
0 0.219000 0.297500 0.025000 0.022000
0 0.617500 0.565000 0.023000 0.022000
0 0.640500 0.527500 0.019000 0.029000
0 0.868000 0.640500 0.014000 0.015000
0 0.578500 0.652000 0.018000 0.018000
0 0.664000 0.322500 0.023000 0.022000
0 0.539000 0.551000 0.019000 0.016000
0 0.488500 0.718500 0.022000 0.022000
0 0.104500 0.610500 0.019000 0.020000
0 0.497000 0.473000 0.014000 0.009000
0 0.496750 0.573000 0.014500 0.013000
0 0.550000 0.893000 0.019000 0.020000
0 0.734000 0.219250 0.011000 0.011500
0 0.296500 0.838000 0.013000 0.012000
0 0.455250 0.483000 0.023500 0.020000
0 0.604500 0.139500 0.023000 0.020000
0 0.711000 0.780000 0.020000 0.019000
0 0.444000 0.433500 0.012000 0.011000
0 0.340500 0.765500 0.027000 0.025000
0 0.303000 0.514500 0.020000 0.022000
0 0.217500 0.290000 0.016000 0.011000
0 0.478000 0.662500 0.022000 0.015000
0 0.510500 0.589000 0.030000 0.028000
0 0.480000 0.512000 0.011000 0.010000
0 0.452500 0.608500 0.011000 0.011000
0 0.484000 0.475500 0.024000 0.023000
0 0.183000 0.232000 0.026000 0.026000
0 0.596500 0.607500 0.014000 0.014000
0 0.612500 0.209000 0.022000 0.024000
0 0.589500 0.359500 0.009000 0.013000
0 0.572000 0.473000 0.022000 0.022000
0 0.389000 0.669500 0.018000 0.014000
0 0.482500 0.504500 0.018000 0.018000
0 0.708500 0.794000 0.030000 0.024000
0 0.518000 0.369000 0.032000 0.031000
0 0.471500 0.491000 0.015000 0.015000
0 0.285500 0.390000 0.031000 0.029000
0 0.856500 0.666000 0.015000 0.014000
0 0.365000 0.285500 0.021000 0.030000
0 0.522000 0.176500 0.018000 0.018000
0 0.529000 0.567500 0.030000 0.030000
0 0.506500 0.493500 0.016000 0.015000
0 0.473000 0.911000 0.035000 0.035000
0 0.288000 0.540500 0.023000 0.022000
0 0.582500 0.723500 0.015000 0.019000
0 0.553000 0.322500 0.015000 0.015000
0 0.665000 0.673000 0.020000 0.027000
0 0.837000 0.326000 0.014000 0.012000
0 0.389500 0.640250 0.018000 0.020500
0 0.760500 0.243000 0.018000 0.020000
0 0.472000 0.539000 0.010000 0.013000
0 0.614500 0.697000 0.013000 0.012000
0 0.463500 0.435500 0.013000 0.010000
0 0.539000 0.526500 0.015000 0.020000
0 0.463000 0.405500 0.018000 0.014000
0 0.443500 0.562500 0.027000 0.027000
0 0.669500 0.552500 0.016000 0.017000
0 0.235500 0.189000 0.019000 0.022000
0 0.608000 0.270500 0.015000 0.012000
0 0.493500 0.516000 0.028000 0.033000
0 0.251500 0.432500 0.012000 0.012000
0 0.388000 0.846500 0.020000 0.020000
0 0.652250 0.857000 0.026500 0.018000
0 0.507500 0.471000 0.020000 0.022000
0 0.623500 0.267000 0.013000 0.012000
0 0.497500 0.397500 0.027000 0.016000
0 0.397000 0.269000 0.031000 0.031000
0 0.378500 0.596500 0.014000 0.019000
0 0.595000 0.586500 0.021000 0.025000
0 0.549500 0.709500 0.031000 0.030000
0 0.263500 0.685500 0.026000 0.030000
0 0.622000 0.467000 0.025000 0.020000
0 0.824500 0.541500 0.028000 0.028000
0 0.592500 0.572500 0.024000 0.032000
0 0.424500 0.572500 0.019000 0.018000
0 0.475500 0.807500 0.020000 0.020000
0 0.532000 0.500000 0.019000 0.020000
0 0.666500 0.547000 0.021000 0.023000
0 0.816500 0.585500 0.012000 0.017000
0 0.516000 0.513000 0.021000 0.023000
0 0.308500 0.587000 0.016000 0.015000
0 0.560000 0.402000 0.018000 0.016000
0 0.457000 0.548500 0.012000 0.011000
0 0.526000 0.438500 0.013000 0.011000
0 0.623000 0.491500 0.032000 0.034000
0 0.489000 0.375500 0.018000 0.018000
0 0.370500 0.250000 0.012000 0.012000
0 0.651000 0.738000 0.015000 0.013000
0 0.235500 0.386000 0.023000 0.019000
0 0.824000 0.565500 0.024000 0.023000
0 0.457000 0.224000 0.021000 0.018000
0 0.552000 0.372000 0.022000 0.020000
0 0.590500 0.555000 0.023000 0.024000
0 0.578000 0.158000 0.015000 0.015000
0 0.421000 0.416000 0.023000 0.023000
0 0.807500 0.480000 0.022000 0.022000
0 0.325500 0.423000 0.023000 0.023000
0 0.728000 0.479000 0.013000 0.013000
0 0.489500 0.387500 0.026000 0.033000
0 0.713500 0.350500 0.030000 0.019000
0 0.596750 0.406250 0.021500 0.022500
0 0.651500 0.670000 0.017000 0.017000
0 0.829250 0.527000 0.017500 0.012000
0 0.565500 0.271500 0.021000 0.024000
0 0.433000 0.501000 0.016000 0.020000
0 0.256000 0.310500 0.032000 0.032000
0 0.579000 0.245500 0.016000 0.017000
0 0.749500 0.307000 0.019000 0.021000
0 0.344000 0.285500 0.021000 0.023000
0 0.440500 0.547500 0.020000 0.019000
0 0.299000 0.571500 0.020000 0.020000
0 0.529500 0.582000 0.027000 0.030000
0 0.260500 0.551500 0.012000 0.013000
0 0.678500 0.324500 0.028000 0.025000
0 0.663000 0.466500 0.015000 0.015000
0 0.699500 0.442500 0.033000 0.029000
0 0.304000 0.464000 0.020000 0.023000
0 0.520000 0.658000 0.026000 0.026000
0 0.769000 0.244500 0.009000 0.013000
0 0.423500 0.098500 0.023000 0.022000
0 0.608000 0.527500 0.010000 0.010000
0 0.545000 0.641000 0.016000 0.012000
0 0.142500 0.588500 0.017000 0.017000
0 0.480500 0.520500 0.035000 0.036000
0 0.765500 0.400500 0.023000 0.019000
0 0.274000 0.396500 0.013000 0.019000
0 0.433000 0.784500 0.015000 0.015000
0 0.419500 0.578000 0.016000 0.016000
0 0.721500 0.542000 0.016000 0.025000
0 0.410500 0.600500 0.024000 0.026000
0 0.358000 0.481500 0.026000 0.025000
0 0.595500 0.774000 0.021000 0.018000
0 0.476000 0.569500 0.014000 0.013000
0 0.295500 0.720000 0.029000 0.023000
0 0.391500 0.428000 0.029000 0.027000
0 0.525000 0.457000 0.020000 0.022000
0 0.685000 0.722500 0.013000 0.019000
0 0.503000 0.422000 0.026000 0.021000
0 0.550500 0.343500 0.018000 0.020000
0 0.599500 0.376750 0.014000 0.017500
0 0.644500 0.559000 0.029000 0.029000
0 0.274500 0.762500 0.017000 0.017000
0 0.838500 0.277000 0.029000 0.024000
0 0.647000 0.637500 0.025000 0.030000
0 0.183000 0.466000 0.026000 0.025000
0 0.378500 0.170000 0.029000 0.029000
0 0.309500 0.446500 0.020000 0.020000
0 0.445500 0.511000 0.018000 0.018000
0 0.181500 0.572000 0.014000 0.014000
0 0.529000 0.596500 0.018000 0.020000
0 0.528500 0.245500 0.012000 0.012000
0 0.527000 0.558500 0.010000 0.010000
0 0.447000 0.269000 0.022000 0.026000
0 0.586500 0.220500 0.035000 0.033000
0 0.380000 0.754000 0.019000 0.026000
0 0.429000 0.306000 0.021000 0.018000
0 0.491000 0.486500 0.013000 0.013000
0 0.582000 0.553000 0.018000 0.019000
0 0.372000 0.346500 0.015000 0.018000
0 0.645000 0.745000 0.021000 0.026000
0 0.583000 0.095500 0.023000 0.022000
0 0.602000 0.207500 0.020000 0.018000
0 0.360500 0.472000 0.014000 0.019000
0 0.569000 0.547500 0.021000 0.015000
0 0.562000 0.473500 0.009000 0.012000
0 0.321000 0.733750 0.015000 0.020500
0 0.311000 0.671500 0.014000 0.015000
0 0.584000 0.524250 0.024000 0.026500
0 0.403000 0.395000 0.035000 0.025000
0 0.582500 0.370500 0.013000 0.011000
0 0.436500 0.272500 0.013000 0.012000
0 0.466500 0.229500 0.017000 0.019000
0 0.549500 0.763500 0.017000 0.015000
0 0.476000 0.499500 0.021000 0.017000
0 0.731000 0.666500 0.034000 0.035000
0 0.572000 0.457750 0.015000 0.020500
0 0.132500 0.478000 0.022000 0.023000
0 0.295000 0.587000 0.032000 0.032000
0 0.628500 0.681500 0.021000 0.023000
0 0.502500 0.277000 0.011000 0.014000
0 0.749000 0.395500 0.024000 0.016000
0 0.548000 0.578500 0.014000 0.015000
0 0.649500 0.430500 0.026000 0.024000
0 0.759500 0.198500 0.010000 0.015000
0 0.749000 0.180500 0.028000 0.031000
0 0.409500 0.522500 0.023000 0.024000
0 0.576000 0.707000 0.035000 0.025000
0 0.483000 0.497500 0.021000 0.019000
0 0.541000 0.538500 0.023000 0.025000
0 0.642500 0.111500 0.020000 0.017000
0 0.552000 0.587000 0.018000 0.013000
0 0.554000 0.659000 0.014000 0.013000
0 0.579000 0.503500 0.029000 0.027000
0 0.815000 0.736500 0.022000 0.024000
0 0.855000 0.337500 0.025000 0.022000
0 0.339000 0.599000 0.013000 0.010000
0 0.408000 0.125500 0.020000 0.017000
0 0.858000 0.368500 0.033000 0.031000
0 0.501000 0.687500 0.029000 0.029000
0 0.443000 0.518500 0.025000 0.029000
0 0.164000 0.332500 0.023000 0.019000
0 0.497000 0.191500 0.017000 0.012000
0 0.557000 0.179500 0.033000 0.025000
0 0.247000 0.567500 0.031000 0.026000
0 0.422000 0.587500 0.013000 0.015000
0 0.341500 0.366500 0.024000 0.019000
0 0.499000 0.643500 0.019000 0.022000
0 0.605500 0.479000 0.024000 0.026000
0 0.337500 0.711000 0.009000 0.009000
0 0.244000 0.241500 0.020000 0.021000
0 0.526000 0.421000 0.022000 0.024000
0 0.543500 0.482000 0.024000 0.020000
0 0.196000 0.465000 0.019000 0.019000
0 0.517500 0.694000 0.022000 0.022000
0 0.501500 0.450500 0.019000 0.016000
0 0.757000 0.659000 0.027000 0.027000
0 0.667500 0.494500 0.022000 0.022000
0 0.431000 0.407000 0.022000 0.023000
0 0.508500 0.136000 0.010000 0.012000
0 0.642250 0.869000 0.017500 0.013000
0 0.339500 0.159500 0.018000 0.015000
0 0.548500 0.395000 0.031000 0.025000
0 0.853500 0.568000 0.016000 0.014000
0 0.650000 0.586000 0.013000 0.014000
0 0.503000 0.735250 0.015000 0.020500
0 0.586000 0.151500 0.014000 0.013000
0 0.866500 0.490000 0.016000 0.015000
0 0.500000 0.215500 0.028000 0.028000
0 0.736500 0.573000 0.023000 0.020000
0 0.506000 0.858000 0.016000 0.015000
0 0.197500 0.497500 0.022000 0.021000
0 0.536500 0.457000 0.023000 0.027000
0 0.456000 0.512250 0.013000 0.014500
0 0.295000 0.693000 0.030000 0.019000
0 0.631500 0.562000 0.010000 0.010000
0 0.498500 0.537000 0.014000 0.016000
0 0.344000 0.519000 0.032000 0.026000
0 0.367000 0.408500 0.014000 0.013000
0 0.670500 0.336500 0.016000 0.019000
0 0.519500 0.331000 0.012000 0.013000
0 0.673000 0.209000 0.022000 0.025000
0 0.605500 0.594500 0.016000 0.020000
0 0.673500 0.219500 0.017000 0.020000
0 0.676000 0.179500 0.027000 0.028000
0 0.678500 0.490500 0.023000 0.018000
0 0.131000 0.610500 0.010000 0.013000
0 0.657500 0.833500 0.014000 0.017000
0 0.202000 0.450000 0.026000 0.028000
0 0.602000 0.436000 0.015000 0.017000
0 0.213500 0.539000 0.033000 0.032000
0 0.354500 0.435500 0.016000 0.017000
0 0.327000 0.755500 0.023000 0.024000
0 0.838000 0.535000 0.027000 0.027000
0 0.409500 0.241500 0.012000 0.015000
0 0.422500 0.376500 0.014000 0.020000
0 0.540500 0.849500 0.022000 0.017000
0 0.882500 0.343000 0.017000 0.018000
0 0.509500 0.518500 0.025000 0.020000
0 0.793500 0.768500 0.012000 0.012000
0 0.510500 0.382500 0.026000 0.022000
0 0.188500 0.454500 0.026000 0.019000
0 0.231000 0.346000 0.021000 0.020000
0 0.273000 0.748000 0.030000 0.026000
0 0.593000 0.513000 0.024000 0.024000
0 0.533000 0.232000 0.022000 0.026000
0 0.707750 0.742000 0.020500 0.017000
0 0.398000 0.177500 0.021000 0.030000
0 0.621500 0.577000 0.026000 0.027000
0 0.668500 0.765000 0.019000 0.016000
0 0.650500 0.781500 0.013000 0.011000
0 0.428500 0.485500 0.024000 0.029000
0 0.588000 0.904000 0.028000 0.029000
0 0.579500 0.844000 0.026000 0.029000
0 0.349000 0.454500 0.019000 0.021000
0 0.539000 0.507500 0.025000 0.014000
0 0.248000 0.642500 0.013000 0.015000
0 0.761000 0.650000 0.020000 0.016000
0 0.510500 0.678000 0.013000 0.016000
0 0.230000 0.424000 0.020000 0.022000
0 0.301500 0.326000 0.011000 0.013000
0 0.501000 0.506500 0.017000 0.013000
0 0.460500 0.567500 0.030000 0.030000
0 0.181000 0.446000 0.023000 0.019000
0 0.300000 0.491000 0.013000 0.013000
0 0.585000 0.653500 0.010000 0.018000
0 0.753000 0.209000 0.012000 0.014000
0 0.424000 0.365500 0.026000 0.023000
0 0.490500 0.681500 0.021000 0.021000
0 0.315500 0.256500 0.015000 0.013000
0 0.574500 0.878500 0.013000 0.013000
0 0.883000 0.381000 0.034000 0.035000
0 0.144500 0.596000 0.019000 0.016000
0 0.153500 0.413000 0.010000 0.011000
0 0.280500 0.788500 0.028000 0.028000
0 0.624500 0.596500 0.023000 0.020000
0 0.570500 0.892000 0.021000 0.016000
0 0.551000 0.304000 0.016000 0.016000
0 0.598500 0.747500 0.020000 0.016000
0 0.506000 0.496500 0.016000 0.014000
0 0.225500 0.556500 0.025000 0.025000
0 0.576500 0.526000 0.021000 0.023000
0 0.475000 0.181000 0.019000 0.018000
0 0.150000 0.709000 0.020000 0.019000
0 0.498000 0.495500 0.009000 0.013000
0 0.601500 0.784500 0.025000 0.027000
0 0.440000 0.114000 0.010000 0.012000
0 0.655500 0.790000 0.020000 0.016000
0 0.480500 0.546000 0.021000 0.021000
0 0.698000 0.736000 0.019000 0.019000
0 0.579000 0.665500 0.011000 0.011000
0 0.589500 0.425500 0.011000 0.014000
0 0.716000 0.302500 0.019000 0.016000
0 0.644000 0.503000 0.016000 0.014000
0 0.639000 0.422500 0.026000 0.032000
0 0.790000 0.234000 0.017000 0.019000
0 0.643500 0.516000 0.018000 0.014000
0 0.825500 0.349000 0.032000 0.028000
0 0.553000 0.244000 0.012000 0.009000
0 0.502500 0.353000 0.017000 0.025000
0 0.485500 0.428000 0.016000 0.016000
0 0.328500 0.390500 0.012000 0.011000
0 0.523500 0.502000 0.035000 0.027000
0 0.341000 0.829000 0.013000 0.011000
0 0.285000 0.831000 0.023000 0.018000
0 0.494000 0.259000 0.013000 0.012000
0 0.417500 0.481000 0.021000 0.019000
0 0.672000 0.734000 0.011000 0.014000
0 0.470000 0.608000 0.018000 0.014000
0 0.581500 0.200500 0.021000 0.020000
0 0.325500 0.246000 0.011000 0.016000
0 0.506500 0.716000 0.018000 0.017000
0 0.318500 0.301500 0.011000 0.013000
0 0.482000 0.799500 0.029000 0.027000
0 0.309000 0.823000 0.031000 0.029000
0 0.610500 0.396000 0.020000 0.020000
0 0.598000 0.444000 0.010000 0.014000
0 0.363500 0.472000 0.020000 0.021000
0 0.197000 0.560000 0.011000 0.012000
0 0.311000 0.628500 0.024000 0.021000
0 0.435000 0.549000 0.013000 0.014000
0 0.175500 0.683500 0.017000 0.019000
0 0.396000 0.579000 0.024000 0.019000
0 0.447000 0.732000 0.029000 0.026000
0 0.818500 0.421500 0.024000 0.023000
0 0.579500 0.823500 0.014000 0.016000
0 0.815500 0.481000 0.020000 0.022000
0 0.378000 0.429500 0.014000 0.016000
0 0.335000 0.745000 0.016000 0.018000
0 0.802500 0.315000 0.014000 0.017000
0 0.533000 0.444500 0.012000 0.012000
0 0.866500 0.503000 0.019000 0.029000
0 0.316000 0.601500 0.019000 0.014000
0 0.524000 0.639000 0.012000 0.010000
0 0.459500 0.896000 0.015000 0.016000
0 0.443000 0.285000 0.010000 0.009000
0 0.335000 0.339000 0.016000 0.014000
0 0.493500 0.380000 0.011000 0.014000
0 0.692000 0.235500 0.029000 0.028000
0 0.513000 0.651000 0.012000 0.015000
0 0.512000 0.503000 0.012000 0.012000
0 0.601500 0.502500 0.015000 0.013000
0 0.461500 0.511000 0.031000 0.027000
0 0.368000 0.507500 0.016000 0.015000
0 0.527000 0.737500 0.015000 0.011000
0 0.468500 0.566000 0.012000 0.012000
0 0.787000 0.761000 0.012000 0.011000
0 0.372000 0.819000 0.022000 0.017000
0 0.639500 0.541000 0.018000 0.019000
0 0.168000 0.323500 0.015000 0.022000
0 0.468000 0.819500 0.028000 0.033000
0 0.404500 0.483000 0.016000 0.018000
0 0.252000 0.667500 0.019000 0.028000
0 0.756000 0.500500 0.019000 0.019000
0 0.466000 0.505000 0.025000 0.029000
0 0.410000 0.533500 0.013000 0.017000
0 0.393500 0.689000 0.019000 0.019000
0 0.381000 0.556000 0.029000 0.029000
0 0.409000 0.254500 0.029000 0.029000
0 0.688500 0.261000 0.018000 0.014000
0 0.841750 0.644250 0.020500 0.020500
0 0.321000 0.484500 0.015000 0.012000
0 0.612500 0.598000 0.010000 0.013000
0 0.110500 0.613000 0.030000 0.029000
0 0.260500 0.199000 0.011000 0.012000
0 0.406000 0.563500 0.030000 0.029000
0 0.596000 0.439500 0.024000 0.024000
0 0.544000 0.432500 0.013000 0.013000
0 0.304000 0.718500 0.024000 0.024000
0 0.634000 0.677500 0.017000 0.019000
0 0.884500 0.547500 0.012000 0.013000
0 0.570000 0.678500 0.011000 0.016000
0 0.355000 0.148000 0.024000 0.024000
0 0.901000 0.471000 0.020000 0.021000
0 0.700000 0.398500 0.021000 0.026000
0 0.204000 0.422250 0.012000 0.017500
0 0.315000 0.708000 0.013000 0.009000
0 0.323500 0.296000 0.033000 0.024000
0 0.313000 0.136000 0.020000 0.024000
0 0.467000 0.449500 0.021000 0.022000
0 0.534500 0.680500 0.013000 0.010000
0 0.538500 0.160500 0.016000 0.012000
0 0.381500 0.428000 0.024000 0.019000
0 0.872000 0.430000 0.020000 0.019000
0 0.456500 0.828500 0.014000 0.012000
0 0.603500 0.680000 0.019000 0.017000
0 0.433500 0.271000 0.024000 0.026000
0 0.440500 0.407000 0.021000 0.022000
0 0.362000 0.107750 0.014000 0.020500
0 0.264000 0.579000 0.019000 0.019000
0 0.147500 0.722500 0.021000 0.024000
0 0.866000 0.387500 0.013000 0.014000
0 0.415000 0.674500 0.017000 0.016000
0 0.352500 0.554000 0.018000 0.013000
0 0.323000 0.212500 0.023000 0.024000
0 0.647500 0.163500 0.024000 0.019000
0 0.713000 0.240000 0.013000 0.015000
0 0.301500 0.214000 0.020000 0.013000
0 0.639500 0.785500 0.016000 0.016000
0 0.169000 0.266500 0.014000 0.016000
0 0.621000 0.275500 0.013000 0.010000
0 0.691000 0.835500 0.022000 0.015000
0 0.567500 0.354500 0.014000 0.012000
0 0.611000 0.677500 0.011000 0.013000
0 0.431000 0.432500 0.016000 0.016000
0 0.575000 0.329500 0.020000 0.024000
0 0.562000 0.136000 0.016000 0.016000
0 0.379000 0.379000 0.029000 0.024000
0 0.460000 0.522500 0.013000 0.013000
0 0.343000 0.723000 0.021000 0.017000
0 0.564000 0.555000 0.015000 0.022000
0 0.687500 0.857000 0.024000 0.025000
0 0.633500 0.311000 0.018000 0.017000
0 0.578000 0.364000 0.018000 0.014000
0 0.507750 0.119500 0.026500 0.021000
0 0.199500 0.381000 0.026000 0.024000
0 0.217000 0.323500 0.026000 0.022000
0 0.175000 0.757000 0.024000 0.023000
0 0.659500 0.520750 0.019000 0.026500
0 0.676500 0.785000 0.021000 0.020000
0 0.219000 0.522000 0.010000 0.013000
0 0.675500 0.190250 0.019000 0.020500
0 0.757500 0.413500 0.021000 0.019000
0 0.432000 0.354500 0.019000 0.019000
0 0.445500 0.763500 0.021000 0.024000
0 0.515000 0.487500 0.024000 0.019000
0 0.280000 0.613500 0.021000 0.019000
0 0.498500 0.417000 0.018000 0.018000
0 0.469000 0.516000 0.017000 0.020000
0 0.348000 0.669500 0.012000 0.011000
0 0.308000 0.611000 0.021000 0.023000
0 0.696000 0.541000 0.014000 0.015000
0 0.593500 0.380000 0.014000 0.015000
0 0.532500 0.414000 0.012000 0.012000
0 0.568000 0.619000 0.013000 0.013000
0 0.538500 0.445000 0.029000 0.025000
0 0.364000 0.425250 0.019000 0.023500
0 0.544000 0.498000 0.027000 0.026000
0 0.200500 0.363500 0.012000 0.013000
0 0.527000 0.715500 0.014000 0.021000
0 0.593000 0.700500 0.024000 0.024000
0 0.658500 0.552500 0.023000 0.026000
0 0.392500 0.470500 0.023000 0.022000
0 0.491500 0.594000 0.026000 0.022000
0 0.384500 0.454500 0.018000 0.023000
0 0.340500 0.492000 0.010000 0.013000
0 0.458250 0.374000 0.020500 0.014000
0 0.686500 0.544500 0.030000 0.029000
0 0.519000 0.495500 0.029000 0.022000
0 0.796500 0.625000 0.017000 0.017000
0 0.680000 0.401000 0.034000 0.024000
0 0.641000 0.794500 0.020000 0.022000
0 0.629500 0.771000 0.016000 0.016000
0 0.621000 0.632500 0.025000 0.018000
0 0.559500 0.462500 0.020000 0.027000
0 0.619500 0.588000 0.012000 0.012000
0 0.593500 0.826500 0.022000 0.023000
0 0.867500 0.359000 0.010000 0.010000
0 0.480500 0.487000 0.019000 0.017000
0 0.735000 0.234000 0.028000 0.027000
0 0.630500 0.694000 0.023000 0.022000
0 0.313000 0.719000 0.016000 0.017000
0 0.709000 0.570500 0.015000 0.016000
0 0.435500 0.877500 0.028000 0.032000
0 0.637000 0.281500 0.011000 0.012000
0 0.354000 0.888000 0.024000 0.028000
0 0.555000 0.904000 0.018000 0.016000
0 0.470500 0.146500 0.025000 0.017000
0 0.493000 0.549500 0.020000 0.020000
0 0.550500 0.316000 0.031000 0.030000