0 0.553500 0.494500 0.018000 0.017000
0 0.747000 0.384000 0.018000 0.020000
0 0.344500 0.282500 0.026000 0.025000
0 0.808500 0.483000 0.015000 0.019000
0 0.629000 0.288000 0.011000 0.010000
0 0.809000 0.455500 0.021000 0.017000
0 0.386500 0.454500 0.013000 0.019000
0 0.656000 0.546000 0.020000 0.022000
0 0.766000 0.182500 0.025000 0.020000
0 0.738500 0.587500 0.029000 0.026000
0 0.281500 0.200500 0.029000 0.029000
0 0.445250 0.496500 0.014500 0.013000
0 0.581500 0.706500 0.011000 0.011000
0 0.473000 0.299500 0.012000 0.015000
0 0.407000 0.534500 0.030000 0.026000
0 0.907000 0.474500 0.015000 0.019000
0 0.482000 0.812500 0.028000 0.019000
0 0.463000 0.433500 0.024000 0.020000
0 0.389500 0.706000 0.011000 0.015000
0 0.503500 0.398250 0.018000 0.026500
0 0.514000 0.436000 0.023000 0.022000
0 0.566000 0.513500 0.011000 0.012000
0 0.593500 0.428000 0.009000 0.015000
0 0.618500 0.499500 0.010000 0.011000
0 0.678000 0.208500 0.012000 0.012000
0 0.533000 0.541000 0.009000 0.010000
0 0.626000 0.454000 0.014000 0.016000
0 0.218500 0.581500 0.020000 0.028000
0 0.553500 0.381500 0.016000 0.020000
0 0.410000 0.115500 0.030000 0.026000
0 0.862000 0.636500 0.022000 0.019000
0 0.650500 0.329500 0.016000 0.011000
0 0.410000 0.513750 0.013000 0.014500
0 0.747000 0.694000 0.013000 0.013000
0 0.421000 0.319000 0.028000 0.024000
0 0.587500 0.846000 0.011000 0.011000
0 0.520000 0.511500 0.019000 0.018000
0 0.559500 0.447500 0.026000 0.022000
0 0.466000 0.186500 0.017000 0.015000
0 0.568000 0.249000 0.021000 0.021000
0 0.335000 0.154000 0.024000 0.023000
0 0.174000 0.614000 0.025000 0.023000
0 0.530000 0.369500 0.019000 0.015000
0 0.303500 0.335500 0.023000 0.024000
0 0.591000 0.638500 0.012000 0.014000
0 0.177500 0.533500 0.018000 0.018000
0 0.488500 0.701500 0.017000 0.017000
0 0.682500 0.542250 0.010000 0.014500
0 0.194500 0.734000 0.016000 0.012000
0 0.468500 0.625250 0.017000 0.020500
0 0.508000 0.501000 0.023000 0.026000
0 0.349500 0.633000 0.017000 0.018000
0 0.561000 0.337500 0.032000 0.030000
0 0.571000 0.382500 0.032000 0.027000
0 0.333500 0.509000 0.027000 0.021000
0 0.328000 0.518000 0.023000 0.021000
0 0.666000 0.852000 0.016000 0.011000
0 0.522500 0.489000 0.015000 0.013000
0 0.548500 0.111000 0.019000 0.031000
0 0.479000 0.742000 0.015000 0.013000
0 0.383000 0.668000 0.023000 0.022000
0 0.499500 0.498000 0.027000 0.033000
0 0.370500 0.804000 0.020000 0.015000
0 0.536000 0.456500 0.014000 0.010000
0 0.618500 0.365000 0.010000 0.009000
0 0.094000 0.605500 0.012000 0.011000
0 0.520500 0.468000 0.018000 0.015000
0 0.365500 0.642500 0.026000 0.022000
0 0.897500 0.522500 0.019000 0.016000
0 0.350000 0.687500 0.019000 0.021000
0 0.441500 0.808500 0.018000 0.017000
0 0.567500 0.853000 0.019000 0.022000
0 0.376500 0.553000 0.015000 0.019000
0 0.343000 0.429500 0.018000 0.017000
0 0.458500 0.425500 0.017000 0.020000
0 0.587000 0.773000 0.019000 0.019000
0 0.601000 0.389000 0.029000 0.028000
0 0.290000 0.391000 0.026000 0.027000
0 0.507500 0.481500 0.027000 0.028000
0 0.466500 0.463500 0.013000 0.013000
0 0.598500 0.441000 0.017000 0.026000
0 0.807500 0.664500 0.018000 0.019000
0 0.799000 0.300500 0.018000 0.021000
0 0.400500 0.417500 0.018000 0.022000
0 0.392500 0.637500 0.026000 0.021000
0 0.796500 0.218000 0.022000 0.018000
0 0.761500 0.817000 0.019000 0.018000
0 0.837250 0.365000 0.014500 0.010000
0 0.730000 0.295000 0.020000 0.021000
0 0.522500 0.528000 0.031000 0.033000
0 0.482500 0.301000 0.016000 0.016000
0 0.528500 0.516000 0.014000 0.011000
0 0.660500 0.539000 0.013000 0.013000
0 0.739000 0.723000 0.031000 0.021000
0 0.569000 0.590500 0.010000 0.011000
0 0.278500 0.518000 0.021000 0.027000
0 0.504500 0.488500 0.023000 0.023000
0 0.661500 0.693500 0.010000 0.009000
0 0.268000 0.289000 0.011000 0.014000
0 0.649000 0.399500 0.020000 0.015000
0 0.391500 0.421500 0.025000 0.025000
0 0.482500 0.495500 0.016000 0.012000
0 0.237500 0.447000 0.018000 0.023000
0 0.557500 0.720000 0.024000 0.020000
0 0.719500 0.543500 0.031000 0.031000
0 0.843000 0.391500 0.017000 0.015000
0 0.622000 0.555000 0.025000 0.020000
0 0.461500 0.361500 0.021000 0.028000
0 0.650000 0.352000 0.019000 0.018000
0 0.479000 0.666000 0.021000 0.021000
0 0.213500 0.322000 0.020000 0.019000
0 0.370500 0.563500 0.025000 0.022000
0 0.648500 0.342000 0.031000 0.030000
0 0.355500 0.432000 0.016000 0.016000
0 0.200500 0.496000 0.020000 0.019000
0 0.475500 0.599000 0.016000 0.018000
0 0.522500 0.762500 0.017000 0.017000
0 0.529000 0.523500 0.031000 0.032000
0 0.732000 0.311500 0.021000 0.027000
0 0.119500 0.674000 0.020000 0.021000
0 0.338500 0.310500 0.026000 0.025000
0 0.866000 0.697500 0.017000 0.014000
0 0.707500 0.640000 0.021000 0.030000
0 0.451000 0.279000 0.009000 0.014000
0 0.891500 0.474000 0.013000 0.014000
0 0.755500 0.225500 0.022000 0.024000
0 0.509000 0.295000 0.020000 0.020000
0 0.810000 0.602000 0.026000 0.027000
0 0.807000 0.398500 0.020000 0.021000
0 0.750500 0.809000 0.021000 0.031000
0 0.449500 0.484000 0.023000 0.021000
0 0.472000 0.493500 0.031000 0.022000
0 0.740500 0.543500 0.023000 0.032000
0 0.416000 0.493000 0.018000 0.022000
0 0.504000 0.456500 0.013000 0.014000
0 0.407500 0.390000 0.022000 0.020000
0 0.253500 0.707000 0.019000 0.017000
0 0.466000 0.162000 0.021000 0.020000
0 0.385000 0.723500 0.028000 0.028000
0 0.448000 0.567000 0.026000 0.028000
0 0.839000 0.338000 0.022000 0.021000
0 0.475500 0.583500 0.014000 0.014000
0 0.633500 0.335500 0.017000 0.018000
0 0.351500 0.553000 0.023000 0.029000
0 0.596500 0.731000 0.014000 0.013000
0 0.519000 0.460500 0.021000 0.027000
0 0.406500 0.334000 0.018000 0.019000
0 0.673500 0.784500 0.030000 0.024000
0 0.341000 0.456500 0.023000 0.023000
0 0.489000 0.379500 0.019000 0.024000
0 0.614250 0.524500 0.020500 0.015000
0 0.325500 0.384000 0.032000 0.029000
0 0.761500 0.220000 0.015000 0.014000
0 0.742000 0.525500 0.021000 0.027000
0 0.512000 0.292000 0.019000 0.019000
0 0.308500 0.583000 0.019000 0.014000
0 0.608000 0.574000 0.021000 0.019000
0 0.342500 0.440000 0.015000 0.017000
0 0.469000 0.780500 0.019000 0.017000
0 0.584500 0.909500 0.016000 0.016000
0 0.327500 0.369500 0.027000 0.028000
0 0.372000 0.671000 0.030000 0.030000
0 0.490000 0.518000 0.017000 0.018000
0 0.574500 0.808000 0.019000 0.028000
0 0.379000 0.642500 0.018000 0.013000
0 0.143000 0.537500 0.031000 0.032000
0 0.343000 0.193000 0.021000 0.018000
0 0.724000 0.805000 0.015000 0.011000
0 0.488000 0.556000 0.017000 0.015000
0 0.704000 0.609000 0.017000 0.017000
0 0.358000 0.255500 0.025000 0.020000
0 0.857000 0.664500 0.035000 0.036000
0 0.281500 0.569500 0.030000 0.031000
0 0.279500 0.263000 0.010000 0.010000
0 0.513500 0.904500 0.019000 0.018000
0 0.775000 0.419500 0.013000 0.012000
0 0.451000 0.745000 0.025000 0.019000
0 0.482500 0.456500 0.021000 0.024000
0 0.615000 0.497500 0.012000 0.011000
0 0.393500 0.379500 0.018000 0.018000
0 0.506000 0.473000 0.009000 0.015000
0 0.200000 0.552000 0.013000 0.013000
0 0.624500 0.884500 0.014000 0.014000
0 0.255500 0.646500 0.030000 0.028000
0 0.446500 0.529000 0.020000 0.017000
0 0.428500 0.471500 0.024000 0.025000
0 0.450000 0.623000 0.015000 0.014000
0 0.564500 0.889500 0.019000 0.020000
0 0.857500 0.409500 0.025000 0.024000
0 0.636000 0.667000 0.018000 0.021000
0 0.276000 0.608000 0.025000 0.028000
0 0.782000 0.682000 0.015000 0.013000
0 0.585000 0.410500 0.020000 0.017000
0 0.694500 0.772000 0.008000 0.008000
0 0.769500 0.547000 0.017000 0.023000
0 0.739500 0.182000 0.019000 0.015000
0 0.416000 0.249000 0.028000 0.022000
0 0.575500 0.109000 0.013000 0.011000
0 0.749500 0.760500 0.017000 0.024000
0 0.400000 0.527500 0.020000 0.019000
0 0.501000 0.484500 0.017000 0.016000
0 0.349500 0.328500 0.014000 0.016000
0 0.361500 0.526000 0.013000 0.012000
0 0.567500 0.093000 0.026000 0.024000
0 0.478000 0.766500 0.026000 0.027000
0 0.263000 0.651000 0.024000 0.024000
0 0.470000 0.411000 0.021000 0.015000
0 0.832000 0.417000 0.025000 0.027000
0 0.674500 0.613500 0.017000 0.023000
0 0.661000 0.586500 0.015000 0.015000
0 0.754500 0.550500 0.028000 0.027000
0 0.315000 0.571500 0.019000 0.021000
0 0.510000 0.445500 0.025000 0.027000
0 0.528000 0.423500 0.024000 0.022000
0 0.712000 0.671500 0.014000 0.013000
0 0.500000 0.665500 0.018000 0.020000
0 0.429000 0.733500 0.030000 0.023000
0 0.808500 0.355500 0.014000 0.014000
0 0.517500 0.606000 0.032000 0.033000
0 0.778500 0.268500 0.017000 0.018000
0 0.745500 0.302000 0.028000 0.022000
0 0.135000 0.613000 0.014000 0.014000
0 0.424000 0.427000 0.019000 0.021000
0 0.777000 0.501000 0.018000 0.015000
0 0.594500 0.305000 0.022000 0.017000
0 0.522000 0.633000 0.013000 0.015000
0 0.507000 0.309000 0.029000 0.031000
0 0.862000 0.444500 0.019000 0.018000
0 0.410500 0.462500 0.026000 0.023000
0 0.694000 0.658500 0.025000 0.024000
0 0.645000 0.387500 0.015000 0.015000
0 0.156500 0.400500 0.018000 0.018000
0 0.474500 0.645500 0.022000 0.031000
0 0.742500 0.412500 0.015000 0.021000
0 0.529250 0.409500 0.026500 0.018000
0 0.486500 0.503000 0.021000 0.017000
0 0.667000 0.496500 0.022000 0.017000
0 0.486500 0.597500 0.013000 0.012000
0 0.548500 0.480000 0.016000 0.017000
0 0.640500 0.478000 0.016000 0.015000
0 0.561000 0.497500 0.025000 0.024000
0 0.316500 0.313000 0.015000 0.012000
0 0.586000 0.518500 0.025000 0.019000
0 0.431000 0.458500 0.021000 0.019000
0 0.795000 0.320000 0.018000 0.014000
0 0.573000 0.430000 0.017000 0.026000
0 0.158500 0.479500 0.016000 0.010000
0 0.277500 0.536500 0.026000 0.018000
0 0.810000 0.521000 0.020000 0.024000
0 0.545000 0.621000 0.025000 0.030000
0 0.357500 0.540000 0.018000 0.021000
0 0.592000 0.589000 0.016000 0.018000
0 0.284500 0.486500 0.013000 0.014000
0 0.554000 0.536500 0.011000 0.016000
0 0.501000 0.515500 0.009000 0.010000
0 0.567000 0.834500 0.017000 0.015000
0 0.491500 0.603500 0.017000 0.015000
0 0.830000 0.667000 0.021000 0.012000
0 0.305000 0.440000 0.015000 0.017000
0 0.283500 0.221500 0.021000 0.020000
0 0.513000 0.545750 0.022000 0.023500
0 0.212500 0.661500 0.033000 0.032000
0 0.841000 0.265500 0.023000 0.022000
0 0.221500 0.579500 0.026000 0.022000
0 0.491000 0.101500 0.027000 0.023000
0 0.415000 0.439500 0.019000 0.022000
0 0.115000 0.641500 0.021000 0.016000
0 0.591500 0.234000 0.021000 0.020000
0 0.418000 0.893500 0.018000 0.018000
0 0.269000 0.502000 0.028000 0.023000
0 0.531000 0.491500 0.026000 0.025000
0 0.444000 0.263500 0.013000 0.012000
0 0.489000 0.466000 0.016000 0.015000
0 0.322500 0.472500 0.026000 0.025000
0 0.431500 0.748500 0.010000 0.015000
0 0.216000 0.446000 0.024000 0.023000
0 0.277000 0.315000 0.023000 0.021000
0 0.319000 0.456750 0.021000 0.023500
0 0.492500 0.549500 0.017000 0.018000
0 0.281000 0.370000 0.016000 0.017000
0 0.456000 0.225000 0.010000 0.011000
0 0.583000 0.887000 0.026000 0.026000
0 0.507000 0.362500 0.013000 0.014000
0 0.732500 0.395500 0.022000 0.019000
0 0.423000 0.887500 0.030000 0.026000
0 0.685500 0.289500 0.019000 0.023000
0 0.396000 0.873000 0.010000 0.013000
0 0.914750 0.483000 0.017500 0.016000
0 0.271000 0.677000 0.023000 0.024000
0 0.347500 0.754500 0.023000 0.024000
0 0.199000 0.673000 0.008000 0.010000
0 0.506000 0.424000 0.029000 0.029000
0 0.279000 0.830000 0.022000 0.021000
0 0.303500 0.344000 0.013000 0.013000
0 0.300000 0.715500 0.030000 0.026000
0 0.448000 0.854000 0.026000 0.023000
0 0.449500 0.448000 0.023000 0.022000
0 0.575000 0.451000 0.020000 0.019000
0 0.285000 0.419000 0.020000 0.019000
0 0.504000 0.597500 0.014000 0.020000
0 0.326000 0.660500 0.021000 0.023000
0 0.499500 0.507000 0.024000 0.023000
0 0.514000 0.537500 0.026000 0.025000
0 0.508000 0.506500 0.013000 0.012000
0 0.428500 0.345000 0.019000 0.016000
0 0.422500 0.602500 0.015000 0.014000
0 0.714000 0.312000 0.031000 0.031000
0 0.462500 0.473500 0.024000 0.019000
0 0.685500 0.703000 0.022000 0.021000
0 0.526000 0.695000 0.032000 0.028000
0 0.110000 0.434000 0.022000 0.033000
0 0.494000 0.503000 0.023000 0.023000
0 0.608000 0.479000 0.020000 0.017000
0 0.437500 0.638500 0.027000 0.024000
0 0.325000 0.598500 0.018000 0.019000
0 0.425000 0.464500 0.014000 0.014000
0 0.522000 0.612500 0.017000 0.016000
0 0.476000 0.852000 0.012000 0.013000
0 0.532500 0.653500 0.020000 0.012000
0 0.238500 0.263000 0.017000 0.014000
0 0.561000 0.223500 0.015000 0.014000
0 0.512500 0.569500 0.023000 0.022000
0 0.724500 0.513000 0.016000 0.016000
0 0.504500 0.770000 0.021000 0.018000
0 0.796500 0.203000 0.030000 0.025000
0 0.484500 0.773500 0.029000 0.027000
0 0.672500 0.365000 0.026000 0.026000
0 0.610000 0.344500 0.019000 0.018000
0 0.149000 0.428000 0.022000 0.023000
0 0.407000 0.576000 0.014000 0.012000
0 0.176500 0.554000 0.026000 0.026000
0 0.491750 0.817000 0.014500 0.010000
0 0.705500 0.514000 0.012000 0.013000
0 0.681500 0.864000 0.014000 0.017000
0 0.730000 0.453500 0.020000 0.018000
0 0.497500 0.475000 0.019000 0.022000
0 0.574500 0.549500 0.026000 0.024000
0 0.875500 0.623500 0.023000 0.023000
0 0.570500 0.150000 0.021000 0.025000
0 0.491500 0.688500 0.012000 0.013000
0 0.194250 0.421000 0.020500 0.014000
0 0.377500 0.611500 0.023000 0.024000
0 0.532500 0.479000 0.012000 0.010000
0 0.312000 0.503500 0.023000 0.027000
0 0.710500 0.493000 0.019000 0.027000
0 0.534500 0.361500 0.017000 0.018000
0 0.624500 0.853000 0.034000 0.027000
0 0.876500 0.393000 0.017000 0.015000
0 0.223000 0.329500 0.014000 0.013000
0 0.383000 0.467000 0.014000 0.011000
0 0.581000 0.362500 0.024000 0.024000
0 0.600500 0.349000 0.015000 0.009000
0 0.099000 0.543500 0.009000 0.013000
0 0.341000 0.614000 0.013000 0.013000
0 0.457000 0.544000 0.016000 0.014000
0 0.338000 0.753500 0.017000 0.027000
0 0.679750 0.328000 0.029500 0.021000
0 0.452500 0.524500 0.015000 0.019000
0 0.444000 0.549500 0.017000 0.012000
0 0.587500 0.506500 0.015000 0.014000
0 0.401000 0.672000 0.019000 0.019000
0 0.782000 0.235000 0.023000 0.027000
0 0.713500 0.168000 0.016000 0.016000
0 0.654000 0.608500 0.017000 0.029000
0 0.364000 0.760000 0.017000 0.015000
0 0.863000 0.300000 0.021000 0.022000
0 0.264500 0.527500 0.019000 0.017000
0 0.244500 0.696000 0.017000 0.013000
0 0.295500 0.406500 0.019000 0.030000
0 0.583000 0.442000 0.010000 0.014000
0 0.409500 0.261000 0.020000 0.019000
0 0.601500 0.498500 0.015000 0.017000
0 0.456750 0.615000 0.014500 0.012000
0 0.281500 0.667500 0.026000 0.026000
0 0.517000 0.749500 0.015000 0.013000
0 0.716500 0.295500 0.027000 0.027000
0 0.905500 0.392500 0.012000 0.015000
0 0.544500 0.485500 0.018000 0.017000
0 0.654500 0.291000 0.018000 0.015000
0 0.751500 0.422500 0.016000 0.015000
0 0.440500 0.641500 0.024000 0.029000
0 0.400000 0.501500 0.023000 0.021000
0 0.485000 0.540500 0.017000 0.021000
0 0.698000 0.620000 0.022000 0.015000
0 0.203500 0.530500 0.011000 0.012000
0 0.628500 0.123000 0.023000 0.012000
0 0.177000 0.300000 0.020000 0.020000
0 0.433000 0.428500 0.010000 0.012000
0 0.187000 0.608000 0.017000 0.021000
0 0.356500 0.802500 0.012000 0.016000
0 0.531500 0.228500 0.019000 0.018000
0 0.388500 0.812500 0.022000 0.022000
0 0.178500 0.335500 0.021000 0.018000
0 0.496500 0.492000 0.030000 0.028000
0 0.622000 0.566000 0.022000 0.028000
0 0.781000 0.743500 0.012000 0.013000
0 0.493500 0.483500 0.011000 0.012000
0 0.535000 0.274000 0.027000 0.029000
0 0.811500 0.674000 0.016000 0.018000
0 0.088000 0.491000 0.022000 0.018000
0 0.181000 0.229500 0.010000 0.016000
0 0.208000 0.399500 0.024000 0.020000
0 0.203500 0.471500 0.025000 0.019000
0 0.546500 0.426500 0.031000 0.029000
0 0.502500 0.447500 0.019000 0.018000
0 0.470500 0.485500 0.021000 0.022000
0 0.440000 0.592500 0.021000 0.023000
0 0.109500 0.564000 0.020000 0.023000
0 0.722500 0.341500 0.012000 0.016000
0 0.443000 0.433000 0.023000 0.019000
0 0.425000 0.839000 0.010000 0.013000
0 0.152000 0.617000 0.014000 0.014000
0 0.370000 0.591000 0.024000 0.024000
0 0.826000 0.502000 0.016000 0.023000
0 0.403500 0.768500 0.014000 0.018000
0 0.782000 0.256500 0.021000 0.014000
0 0.624750 0.874750 0.031500 0.032500
0 0.717000 0.745500 0.023000 0.026000
0 0.630500 0.244500 0.021000 0.022000
0 0.339500 0.298750 0.019000 0.026500
0 0.869500 0.616750 0.013000 0.017500
0 0.496000 0.564000 0.031000 0.022000
0 0.602000 0.783000 0.029000 0.032000
0 0.688500 0.828000 0.023000 0.024000
0 0.519500 0.673000 0.019000 0.019000
0 0.604500 0.154000 0.012000 0.012000
0 0.183000 0.424000 0.016000 0.017000
0 0.489500 0.435000 0.013000 0.011000
0 0.403000 0.544000 0.014000 0.013000
0 0.347500 0.307500 0.018000 0.017000
0 0.660500 0.319500 0.031000 0.022000
0 0.442000 0.661500 0.024000 0.026000
0 0.131000 0.567500 0.021000 0.022000
0 0.811000 0.231000 0.010000 0.012000
0 0.469500 0.315500 0.029000 0.028000
0 0.448000 0.517500 0.014000 0.019000
0 0.415500 0.813500 0.018000 0.012000
0 0.344500 0.576000 0.012000 0.014000
0 0.556500 0.725500 0.016000 0.015000
0 0.560000 0.607500 0.026000 0.022000
0 0.180000 0.248500 0.013000 0.019000
0 0.753500 0.430500 0.010000 0.016000
0 0.527500 0.677000 0.029000 0.028000
0 0.363500 0.473500 0.014000 0.013000
0 0.757000 0.518000 0.023000 0.019000
0 0.262500 0.658500 0.011000 0.009000
0 0.302500 0.453000 0.012000 0.010000
0 0.457000 0.327500 0.017000 0.021000
0 0.280000 0.846000 0.021000 0.022000
0 0.502000 0.563500 0.028000 0.024000
0 0.328500 0.782000 0.013000 0.012000
0 0.653500 0.631500 0.029000 0.023000
0 0.508500 0.665000 0.013000 0.012000
0 0.409000 0.444000 0.022000 0.026000
0 0.341000 0.469500 0.013000 0.013000
0 0.466500 0.591500 0.018000 0.022000
0 0.208000 0.542000 0.023000 0.024000
0 0.385500 0.446000 0.026000 0.027000
0 0.504000 0.197500 0.024000 0.020000
0 0.662000 0.477500 0.027000 0.021000
0 0.556000 0.667500 0.015000 0.013000
0 0.620750 0.306000 0.017500 0.012000
0 0.719000 0.580000 0.016000 0.015000
0 0.262000 0.484000 0.023000 0.024000
0 0.710500 0.384500 0.016000 0.015000
0 0.646000 0.503000 0.013000 0.014000
0 0.598000 0.315000 0.030000 0.025000
0 0.666000 0.772500 0.019000 0.021000
0 0.651000 0.766000 0.019000 0.022000
0 0.401500 0.170000 0.010000 0.009000
0 0.316000 0.162000 0.029000 0.028000
0 0.556500 0.472500 0.022000 0.016000
0 0.484500 0.398500 0.018000 0.018000
0 0.360000 0.778500 0.017000 0.016000
0 0.255500 0.358000 0.022000 0.021000
0 0.232500 0.690000 0.026000 0.020000
0 0.334500 0.458000 0.026000 0.026000
0 0.399000 0.848000 0.030000 0.023000
0 0.437500 0.698500 0.026000 0.027000
0 0.543000 0.525000 0.021000 0.024000
0 0.163000 0.492500 0.017000 0.026000
0 0.334000 0.196000 0.017000 0.014000
0 0.693000 0.530000 0.026000 0.024000
0 0.731500 0.529500 0.022000 0.021000
0 0.415500 0.174000 0.010000 0.010000
0 0.366000 0.138000 0.014000 0.014000
0 0.634500 0.165000 0.032000 0.033000
0 0.184000 0.521500 0.009000 0.009000
0 0.705000 0.405500 0.012000 0.012000
0 0.789500 0.716000 0.013000 0.008000
0 0.857500 0.530500 0.021000 0.023000
0 0.656500 0.463000 0.014000 0.014000
0 0.631500 0.493000 0.023000 0.020000
0 0.789500 0.466500 0.029000 0.025000
0 0.427000 0.515500 0.026000 0.019000
0 0.440500 0.490500 0.016000 0.018000
0 0.346500 0.274000 0.025000 0.022000
0 0.833500 0.685000 0.019000 0.014000
0 0.506500 0.651500 0.018000 0.017000
0 0.835000 0.732000 0.028000 0.023000
0 0.172000 0.666500 0.012000 0.011000
0 0.547000 0.708000 0.022000 0.018000
0 0.673500 0.581000 0.023000 0.018000
0 0.256000 0.473500 0.010000 0.010000
0 0.265500 0.579500 0.019000 0.018000
0 0.611500 0.748500 0.026000 0.028000
0 0.278000 0.646500 0.023000 0.026000
0 0.307250 0.218000 0.020500 0.020000
0 0.858000 0.433500 0.026000 0.021000
0 0.515000 0.527000 0.025000 0.022000
0 0.449000 0.596500 0.018000 0.017000
0 0.558000 0.639500 0.016000 0.014000
0 0.579000 0.401000 0.017000 0.013000
0 0.540000 0.586500 0.021000 0.017000
0 0.554500 0.299000 0.010000 0.013000
0 0.394000 0.612500 0.023000 0.022000
0 0.200500 0.314500 0.013000 0.014000
0 0.443500 0.378500 0.018000 0.015000
0 0.473000 0.202500 0.021000 0.022000
0 0.359000 0.653000 0.013000 0.009000
0 0.336000 0.355500 0.020000 0.021000
0 0.538000 0.462500 0.018000 0.019000
0 0.543500 0.570500 0.020000 0.020000
0 0.778000 0.395500 0.016000 0.019000
0 0.275500 0.776000 0.014000 0.016000
0 0.501500 0.545500 0.026000 0.024000
0 0.339000 0.449000 0.017000 0.018000
0 0.633000 0.211000 0.014000 0.012000
0 0.238500 0.374000 0.015000 0.014000
0 0.428500 0.577750 0.009000 0.011500
0 0.530500 0.435500 0.011000 0.012000
0 0.562000 0.370000 0.016000 0.018000
0 0.602000 0.105000 0.013000 0.012000
0 0.577000 0.799500 0.030000 0.022000
0 0.644500 0.295500 0.021000 0.021000
0 0.221000 0.539500 0.031000 0.034000
0 0.732000 0.733500 0.023000 0.027000
0 0.532500 0.505000 0.010000 0.013000
0 0.549000 0.868500 0.015000 0.015000
0 0.419500 0.438000 0.016000 0.018000
0 0.761000 0.766500 0.030000 0.032000
0 0.436000 0.173000 0.023000 0.031000
0 0.622000 0.446000 0.018000 0.019000
0 0.255750 0.801500 0.014500 0.010000
0 0.685500 0.455500 0.025000 0.024000
0 0.342000 0.776500 0.015000 0.020000
0 0.426500 0.121000 0.016000 0.014000
0 0.727500 0.414500 0.015000 0.014000
0 0.439500 0.609500 0.020000 0.019000
0 0.666000 0.243000 0.012000 0.013000
0 0.545000 0.413500 0.022000 0.018000
0 0.644500 0.526500 0.023000 0.021000
0 0.276500 0.471500 0.023000 0.022000
0 0.745000 0.188000 0.014000 0.017000
0 0.443500 0.603000 0.016000 0.012000
0 0.233000 0.505000 0.011000 0.012000
0 0.400500 0.259000 0.032000 0.031000
0 0.178000 0.486500 0.015000 0.016000
0 0.311000 0.329000 0.021000 0.019000
0 0.811000 0.709500 0.020000 0.021000
0 0.460500 0.648000 0.017000 0.017000
0 0.415500 0.734000 0.016000 0.020000
0 0.516000 0.485000 0.019000 0.017000
0 0.541000 0.339500 0.014000 0.018000
0 0.687500 0.147500 0.016000 0.017000
0 0.846500 0.727500 0.011000 0.013000
0 0.462500 0.910500 0.014000 0.016000
0 0.394500 0.292000 0.015000 0.013000