0 0.549000 0.514500 0.016000 0.016000
0 0.298500 0.746000 0.023000 0.025000
0 0.173000 0.304000 0.017000 0.024000
0 0.551500 0.620500 0.014000 0.016000
0 0.318500 0.656500 0.021000 0.023000
0 0.484000 0.452500 0.015000 0.010000
0 0.422000 0.707500 0.011000 0.012000
0 0.505500 0.500000 0.015000 0.015000
0 0.628500 0.685500 0.023000 0.020000
0 0.461000 0.501000 0.011000 0.017000
0 0.730000 0.249500 0.019000 0.015000
0 0.458500 0.616500 0.008000 0.008000
0 0.666500 0.315000 0.024000 0.021000
0 0.634000 0.625500 0.031000 0.032000
0 0.494000 0.516000 0.027000 0.023000
0 0.365500 0.665500 0.014000 0.013000
0 0.086500 0.538250 0.024000 0.023500
0 0.509000 0.693500 0.016000 0.016000
0 0.509000 0.627500 0.028000 0.022000
0 0.586000 0.654000 0.032000 0.032000
0 0.507000 0.319000 0.029000 0.028000
0 0.561000 0.550000 0.016000 0.026000
0 0.206000 0.669000 0.018000 0.021000
0 0.348500 0.698500 0.030000 0.032000
0 0.374500 0.355500 0.029000 0.027000
0 0.715000 0.233000 0.030000 0.023000
0 0.725000 0.760000 0.009000 0.010000
0 0.550000 0.524500 0.014000 0.015000
0 0.499000 0.361000 0.026000 0.025000
0 0.490000 0.354500 0.022000 0.021000
0 0.588000 0.641500 0.010000 0.017000
0 0.339500 0.536500 0.015000 0.017000
0 0.570000 0.728000 0.027000 0.026000
0 0.275500 0.543500 0.023000 0.024000
0 0.762250 0.610000 0.020500 0.015000
0 0.398000 0.552000 0.023000 0.021000
0 0.701000 0.211000 0.025000 0.030000
0 0.417000 0.877500 0.021000 0.021000
0 0.255500 0.296000 0.023000 0.024000
0 0.594500 0.328500 0.028000 0.022000
0 0.685000 0.848500 0.020000 0.025000
0 0.469000 0.753500 0.009000 0.015000
0 0.595500 0.411000 0.023000 0.022000
0 0.346500 0.512500 0.021000 0.022000
0 0.745500 0.513500 0.010000 0.013000
0 0.439500 0.563500 0.034000 0.021000
0 0.789500 0.757500 0.012000 0.013000
0 0.752500 0.444000 0.018000 0.022000
0 0.120500 0.430500 0.012000 0.015000
0 0.449000 0.293000 0.022000 0.015000
0 0.771500 0.709000 0.013000 0.011000
0 0.834500 0.752500 0.021000 0.021000
0 0.897000 0.483500 0.021000 0.020000
0 0.577000 0.653500 0.024000 0.025000
0 0.422500 0.467000 0.025000 0.024000
0 0.519000 0.521000 0.014000 0.014000
0 0.489500 0.524500 0.019000 0.019000
0 0.493000 0.260500 0.016000 0.016000
0 0.653000 0.488000 0.021000 0.030000
0 0.514500 0.482500 0.023000 0.028000
0 0.473000 0.221000 0.018000 0.020000
0 0.673000 0.337500 0.014000 0.014000
0 0.286500 0.570250 0.013000 0.014500
0 0.497000 0.506500 0.013000 0.014000
0 0.503000 0.632000 0.023000 0.021000
0 0.550500 0.468000 0.022000 0.019000
0 0.354500 0.577500 0.025000 0.027000
0 0.818500 0.397000 0.017000 0.015000
0 0.330500 0.609500 0.014000 0.014000
0 0.528000 0.543000 0.015000 0.014000
0 0.633000 0.475000 0.014000 0.014000
0 0.766500 0.568500 0.026000 0.015000
0 0.497500 0.502000 0.012000 0.012000
0 0.506000 0.489500 0.017000 0.022000
0 0.603500 0.445500 0.017000 0.025000
0 0.246500 0.436000 0.026000 0.031000
0 0.500500 0.499500 0.033000 0.032000
0 0.556500 0.715000 0.011000 0.013000
0 0.653000 0.538000 0.025000 0.024000
0 0.421000 0.559000 0.019000 0.021000
0 0.816500 0.601000 0.026000 0.026000
0 0.304000 0.662000 0.015000 0.016000
0 0.628000 0.458000 0.021000 0.020000
0 0.653500 0.714500 0.025000 0.022000
0 0.510500 0.280000 0.021000 0.018000
0 0.169500 0.407500 0.014000 0.012000
0 0.776000 0.703000 0.015000 0.011000
0 0.182000 0.766500 0.025000 0.025000
0 0.511000 0.573000 0.016000 0.022000
0 0.645500 0.855000 0.025000 0.019000
0 0.885500 0.463000 0.013000 0.014000
0 0.478500 0.540000 0.016000 0.026000
0 0.104000 0.615000 0.012000 0.016000
0 0.133500 0.604000 0.019000 0.019000
0 0.442500 0.245000 0.023000 0.023000
0 0.806500 0.489000 0.023000 0.019000
0 0.609500 0.440000 0.018000 0.019000
0 0.554500 0.603500 0.023000 0.021000
0 0.419500 0.364000 0.019000 0.014000
0 0.540500 0.243000 0.016000 0.016000
0 0.724000 0.512500 0.016000 0.018000
0 0.780500 0.728500 0.017000 0.011000
0 0.734500 0.619500 0.011000 0.012000
0 0.490500 0.889000 0.019000 0.014000
0 0.567500 0.119500 0.016000 0.015000
0 0.441000 0.410000 0.014000 0.013000
0 0.724500 0.445500 0.027000 0.019000
0 0.495000 0.479000 0.022000 0.016000
0 0.549500 0.499500 0.017000 0.021000
0 0.502500 0.555500 0.018000 0.020000
0 0.351000 0.185500 0.022000 0.021000
0 0.371500 0.256000 0.014000 0.013000
0 0.492500 0.542000 0.019000 0.022000
0 0.615000 0.405000 0.021000 0.016000
0 0.335500 0.421500 0.012000 0.013000
0 0.406000 0.376500 0.024000 0.029000
0 0.830500 0.546000 0.022000 0.021000
0 0.613000 0.134000 0.024000 0.032000
0 0.114000 0.530000 0.013000 0.012000
0 0.576000 0.413500 0.030000 0.030000
0 0.103000 0.602500 0.018000 0.018000
0 0.413000 0.285500 0.024000 0.023000
0 0.456000 0.602500 0.013000 0.012000
0 0.364000 0.626000 0.027000 0.023000
0 0.712500 0.605500 0.015000 0.015000
0 0.485000 0.764500 0.024000 0.028000
0 0.428500 0.556000 0.021000 0.021000
0 0.744500 0.758000 0.031000 0.029000
0 0.442000 0.304000 0.027000 0.020000
0 0.482000 0.263500 0.017000 0.010000
0 0.551500 0.274000 0.017000 0.018000
0 0.345000 0.577000 0.026000 0.018000
0 0.183000 0.737000 0.021000 0.017000
0 0.906500 0.494500 0.022000 0.021000
0 0.426500 0.772000 0.024000 0.020000
0 0.365500 0.164000 0.024000 0.022000
0 0.506000 0.350000 0.021000 0.022000
0 0.437000 0.504500 0.015000 0.014000
0 0.345500 0.414500 0.021000 0.021000
0 0.468000 0.476500 0.018000 0.025000
0 0.347000 0.327500 0.018000 0.024000
0 0.376000 0.670500 0.017000 0.018000
0 0.307500 0.746500 0.024000 0.020000
0 0.804000 0.723000 0.024000 0.030000
0 0.101500 0.454000 0.024000 0.024000
0 0.706500 0.328500 0.019000 0.017000
0 0.487000 0.563000 0.019000 0.031000
0 0.566500 0.272500 0.032000 0.030000
0 0.402000 0.497500 0.027000 0.027000
0 0.471000 0.534500 0.028000 0.028000
0 0.290500 0.202500 0.013000 0.011000
0 0.595500 0.500000 0.021000 0.026000
0 0.413500 0.225500 0.018000 0.024000
0 0.483500 0.443000 0.030000 0.028000
0 0.502000 0.871500 0.012000 0.013000
0 0.387500 0.357500 0.012000 0.009000
0 0.429000 0.512500 0.017000 0.016000
0 0.496500 0.496000 0.014000 0.015000
0 0.778500 0.263500 0.027000 0.022000
0 0.417000 0.606500 0.032000 0.025000
0 0.391000 0.460500 0.018000 0.012000
0 0.591000 0.435000 0.015000 0.017000
0 0.670500 0.656000 0.010000 0.015000
0 0.438500 0.833500 0.027000 0.019000
0 0.231500 0.734500 0.023000 0.026000
0 0.476500 0.511500 0.015000 0.016000
0 0.384000 0.444000 0.022000 0.020000
0 0.276000 0.165500 0.016000 0.011000
0 0.245500 0.475000 0.030000 0.027000
0 0.619000 0.274000 0.015000 0.011000
0 0.298500 0.624500 0.022000 0.022000
0 0.610000 0.652500 0.023000 0.017000
0 0.530500 0.372000 0.033000 0.033000
0 0.111000 0.471000 0.025000 0.027000
0 0.771500 0.354000 0.023000 0.024000
0 0.525000 0.382000 0.012000 0.012000
0 0.465500 0.315500 0.026000 0.026000
0 0.460500 0.303000 0.019000 0.019000
0 0.438000 0.583500 0.014000 0.010000
0 0.516500 0.457000 0.020000 0.018000
0 0.477000 0.336000 0.011000 0.009000
0 0.424500 0.804500 0.028000 0.025000
0 0.845000 0.396500 0.013000 0.013000
0 0.334000 0.374000 0.021000 0.029000
0 0.577000 0.639000 0.016000 0.020000
0 0.671500 0.518000 0.020000 0.022000
0 0.130000 0.363500 0.024000 0.021000
0 0.721000 0.663500 0.018000 0.014000
0 0.363500 0.584000 0.012000 0.013000
0 0.542500 0.865500 0.016000 0.021000
0 0.443500 0.358500 0.011000 0.011000
0 0.488000 0.567500 0.015000 0.016000
0 0.197000 0.543000 0.015000 0.016000
0 0.645000 0.338500 0.024000 0.019000
0 0.534000 0.599000 0.022000 0.021000
0 0.713500 0.702500 0.023000 0.022000
0 0.782250 0.716250 0.014500 0.014500
0 0.167000 0.594000 0.014000 0.012000
0 0.534500 0.490500 0.021000 0.016000
0 0.194500 0.556000 0.020000 0.019000
0 0.366000 0.345500 0.012000 0.013000
0 0.286500 0.677500 0.026000 0.028000
0 0.476500 0.752500 0.016000 0.011000
0 0.448000 0.880500 0.030000 0.022000
0 0.643500 0.286000 0.023000 0.025000
0 0.562000 0.452000 0.027000 0.028000
0 0.566000 0.578500 0.019000 0.021000
0 0.374500 0.689000 0.020000 0.019000
0 0.666000 0.829500 0.021000 0.021000
0 0.638000 0.140000 0.030000 0.026000
0 0.600000 0.398000 0.021000 0.020000
0 0.455500 0.271500 0.025000 0.025000
0 0.601500 0.593000 0.011000 0.012000
0 0.619000 0.669500 0.013000 0.011000
0 0.495500 0.467500 0.025000 0.024000
0 0.517000 0.767500 0.027000 0.021000
0 0.648500 0.329000 0.012000 0.020000
0 0.683500 0.371000 0.016000 0.015000
0 0.502000 0.475750 0.021000 0.023500
0 0.569500 0.618500 0.018000 0.019000
0 0.250500 0.454500 0.021000 0.027000
0 0.673000 0.329500 0.017000 0.016000
0 0.824500 0.425500 0.015000 0.015000
0 0.686000 0.328500 0.020000 0.019000
0 0.770500 0.738000 0.026000 0.026000
0 0.444500 0.538500 0.019000 0.021000
0 0.736500 0.414000 0.026000 0.030000
0 0.622250 0.258500 0.020500 0.014000
0 0.525000 0.243500 0.014000 0.017000
0 0.215000 0.644000 0.021000 0.016000
0 0.454000 0.399000 0.022000 0.023000
0 0.521000 0.348500 0.010000 0.012000
0 0.425000 0.841000 0.027000 0.034000
0 0.846500 0.273000 0.021000 0.022000
0 0.658500 0.410000 0.017000 0.016000
0 0.323000 0.577000 0.018000 0.022000
0 0.312500 0.765500 0.027000 0.029000
0 0.241000 0.229000 0.023000 0.028000
0 0.524500 0.216500 0.013000 0.013000
0 0.534000 0.460500 0.030000 0.030000
0 0.430500 0.682000 0.034000 0.034000
0 0.393500 0.365500 0.022000 0.018000
0 0.584500 0.465000 0.021000 0.018000
0 0.557500 0.655500 0.022000 0.023000
0 0.516500 0.468500 0.015000 0.022000
0 0.485000 0.197000 0.022000 0.021000
0 0.393500 0.571500 0.021000 0.027000
0 0.702000 0.342500 0.012000 0.018000
0 0.432000 0.380000 0.020000 0.018000
0 0.642500 0.611500 0.016000 0.021000
0 0.443000 0.648500 0.016000 0.011000
0 0.153500 0.528000 0.023000 0.022000
0 0.150500 0.662500 0.019000 0.018000
0 0.692000 0.222500 0.029000 0.029000
0 0.663000 0.349500 0.023000 0.023000
0 0.479000 0.370000 0.013000 0.012000
0 0.583500 0.589500 0.016000 0.021000
0 0.538500 0.112000 0.021000 0.023000
0 0.362500 0.759500 0.024000 0.025000
0 0.515500 0.488500 0.022000 0.020000
0 0.563500 0.493500 0.019000 0.025000
0 0.120500 0.570500 0.020000 0.020000
0 0.558500 0.187500 0.012000 0.010000
0 0.430000 0.484500 0.019000 0.022000
0 0.308000 0.552500 0.018000 0.017000
0 0.490500 0.395000 0.021000 0.020000
0 0.479500 0.479500 0.027000 0.027000
0 0.387000 0.814500 0.011000 0.012000
0 0.882500 0.380000 0.023000 0.018000
0 0.665500 0.734500 0.026000 0.025000
0 0.576000 0.833000 0.023000 0.030000
0 0.443000 0.514500 0.022000 0.019000
0 0.275500 0.321500 0.031000 0.033000
0 0.503750 0.530000 0.017500 0.014000
0 0.166500 0.496500 0.009000 0.011000
0 0.453000 0.201000 0.015000 0.014000
0 0.402000 0.099000 0.019000 0.029000
0 0.454000 0.579000 0.017000 0.018000
0 0.327500 0.300500 0.009000 0.012000
0 0.535500 0.189000 0.024000 0.023000
0 0.254750 0.169000 0.017500 0.012000
0 0.105000 0.370500 0.015000 0.015000
0 0.275000 0.479500 0.030000 0.029000
0 0.755000 0.603000 0.016000 0.016000
0 0.278500 0.409000 0.021000 0.025000
0 0.177500 0.581000 0.016000 0.013000
0 0.782000 0.503000 0.029000 0.023000
0 0.558500 0.558000 0.015000 0.013000
0 0.696000 0.355000 0.011000 0.011000
0 0.769000 0.347000 0.014000 0.016000
0 0.482000 0.503000 0.019000 0.028000
0 0.473000 0.504500 0.024000 0.020000
0 0.500000 0.489000 0.022000 0.024000
0 0.493500 0.099000 0.011000 0.009000
0 0.643000 0.553500 0.019000 0.021000
0 0.506000 0.145000 0.013000 0.012000
0 0.308500 0.588000 0.019000 0.018000
0 0.247500 0.330500 0.020000 0.020000
0 0.518500 0.248500 0.030000 0.024000
0 0.588500 0.108500 0.024000 0.018000
0 0.445000 0.419500 0.019000 0.019000
0 0.304500 0.671000 0.018000 0.017000
0 0.673500 0.171500 0.017000 0.024000
0 0.568000 0.357500 0.021000 0.023000
0 0.413000 0.870500 0.018000 0.010000
0 0.508500 0.516500 0.031000 0.025000
0 0.535500 0.545000 0.025000 0.028000
0 0.627500 0.833500 0.021000 0.022000
0 0.525000 0.511000 0.024000 0.016000
0 0.876000 0.350000 0.012000 0.011000
0 0.300000 0.510000 0.019000 0.020000
0 0.544500 0.539000 0.012000 0.010000
0 0.626500 0.632500 0.023000 0.020000
0 0.234000 0.342000 0.027000 0.026000
0 0.659000 0.628500 0.023000 0.023000
0 0.573500 0.446000 0.015000 0.014000
0 0.411000 0.578000 0.016000 0.014000
0 0.782500 0.409500 0.012000 0.012000
0 0.301500 0.811500 0.013000 0.015000
0 0.628500 0.608500 0.014000 0.014000
0 0.561000 0.439000 0.022000 0.018000
0 0.386000 0.897000 0.030000 0.030000
0 0.476500 0.527500 0.020000 0.022000
0 0.497000 0.906000 0.016000 0.012000
0 0.820000 0.608500 0.027000 0.027000
0 0.328500 0.855750 0.010000 0.014500
0 0.263500 0.629500 0.015000 0.019000
0 0.218500 0.205500 0.014000 0.014000
0 0.615000 0.517500 0.025000 0.032000
0 0.331500 0.592000 0.029000 0.031000
0 0.540500 0.426000 0.010000 0.011000
0 0.297000 0.368500 0.014000 0.014000
0 0.808000 0.418500 0.018000 0.020000
0 0.524500 0.690500 0.011000 0.015000
0 0.258500 0.526500 0.020000 0.021000
0 0.517000 0.512000 0.022000 0.016000
0 0.548500 0.455000 0.025000 0.021000
0 0.642500 0.293500 0.017000 0.019000
0 0.733000 0.500000 0.031000 0.023000
0 0.187000 0.245500 0.021000 0.019000
0 0.635500 0.271000 0.027000 0.019000
0 0.560500 0.906500 0.011000 0.016000
0 0.363000 0.804000 0.021000 0.022000
0 0.711000 0.388500 0.017000 0.017000
0 0.582500 0.641500 0.014000 0.015000
0 0.620000 0.593750 0.012000 0.017500
0 0.285500 0.235500 0.019000 0.025000
0 0.443500 0.597000 0.009000 0.010000
0 0.290000 0.777000 0.023000 0.024000
0 0.643500 0.461500 0.028000 0.020000
0 0.374500 0.624500 0.015000 0.014000
0 0.349500 0.558500 0.024000 0.018000
0 0.500500 0.411000 0.019000 0.017000
0 0.674000 0.807000 0.024000 0.025000
0 0.483000 0.410500 0.012000 0.013000
0 0.227000 0.294500 0.022000 0.021000
0 0.256500 0.655000 0.015000 0.024000
0 0.886500 0.528500 0.010000 0.011000
0 0.876500 0.360000 0.025000 0.016000
0 0.475000 0.492500 0.024000 0.025000
0 0.379000 0.534000 0.020000 0.024000
0 0.289500 0.372000 0.014000 0.017000
0 0.379000 0.676500 0.031000 0.023000
0 0.646000 0.145500 0.021000 0.020000
0 0.643500 0.428500 0.012000 0.013000
0 0.569500 0.889500 0.012000 0.009000
0 0.286000 0.625000 0.013000 0.014000
0 0.722000 0.753000 0.023000 0.025000
0 0.447000 0.465500 0.019000 0.013000
0 0.757000 0.719000 0.016000 0.015000
0 0.296000 0.306000 0.027000 0.020000
0 0.635000 0.754000 0.024000 0.016000
0 0.424500 0.450000 0.016000 0.020000
0 0.533500 0.834000 0.013000 0.012000
0 0.628500 0.561000 0.032000 0.030000
0 0.702500 0.847500 0.033000 0.031000
0 0.337000 0.228500 0.027000 0.025000
0 0.717000 0.455500 0.017000 0.016000
0 0.441000 0.711000 0.015000 0.017000
0 0.286000 0.390500 0.023000 0.023000
0 0.612000 0.294000 0.011000 0.009000
0 0.334500 0.176000 0.018000 0.019000
0 0.516500 0.381500 0.028000 0.026000
0 0.680500 0.385500 0.023000 0.018000
0 0.481500 0.613000 0.014000 0.016000
0 0.117500 0.407250 0.022000 0.029500
0 0.331000 0.212000 0.017000 0.022000
0 0.279000 0.684000 0.016000 0.013000
0 0.302000 0.687000 0.024000 0.016000
0 0.304500 0.332000 0.016000 0.015000
0 0.479500 0.559500 0.012000 0.012000
0 0.654000 0.465500 0.015000 0.011000
0 0.511500 0.476500 0.016000 0.014000
0 0.457000 0.553500 0.016000 0.017000
0 0.336000 0.492500 0.031000 0.027000
0 0.522500 0.626000 0.030000 0.029000
0 0.576500 0.480000 0.016000 0.016000
0 0.467500 0.323000 0.017000 0.025000
0 0.680000 0.567000 0.023000 0.021000
0 0.377500 0.839500 0.020000 0.019000
0 0.236500 0.357000 0.016000 0.016000
0 0.775000 0.423000 0.015000 0.015000
0 0.252500 0.720500 0.020000 0.024000
0 0.559000 0.392000 0.008000 0.014000
0 0.402500 0.820500 0.019000 0.014000
0 0.219500 0.231500 0.015000 0.018000
0 0.433000 0.662500 0.016000 0.019000
0 0.291000 0.448000 0.017000 0.018000
0 0.718500 0.241500 0.020000 0.021000
0 0.466500 0.675000 0.017000 0.013000
0 0.678000 0.667500 0.016000 0.014000
0 0.339000 0.394500 0.028000 0.020000
0 0.219500 0.786500 0.014000 0.013000
0 0.718500 0.561000 0.030000 0.032000
0 0.344500 0.169500 0.023000 0.022000
0 0.491000 0.131500 0.014000 0.014000
0 0.258500 0.545500 0.015000 0.014000
0 0.260500 0.254000 0.025000 0.027000
0 0.530000 0.502000 0.022000 0.025000
0 0.595000 0.231500 0.029000 0.029000
0 0.432000 0.624500 0.026000 0.022000
0 0.333500 0.194000 0.012000 0.012000
0 0.429000 0.437500 0.018000 0.022000
0 0.520500 0.594500 0.019000 0.017000
0 0.523000 0.683000 0.022000 0.017000
0 0.691500 0.310500 0.033000 0.032000
0 0.750000 0.282500 0.017000 0.017000
0 0.213500 0.611500 0.021000 0.019000
0 0.356500 0.361000 0.009000 0.010000
0 0.397000 0.476500 0.015000 0.015000
0 0.534000 0.447000 0.012000 0.012000
0 0.138000 0.500000 0.012000 0.012000
0 0.511500 0.556500 0.021000 0.016000
0 0.494000 0.341000 0.017000 0.021000
0 0.227000 0.812000 0.016000 0.012000
0 0.499000 0.466500 0.012000 0.015000
0 0.620000 0.875000 0.015000 0.016000
0 0.412500 0.589000 0.015000 0.011000
0 0.656000 0.456500 0.021000 0.031000
0 0.377500 0.547000 0.023000 0.019000
0 0.446500 0.372500 0.016000 0.029000
0 0.539500 0.646000 0.014000 0.014000
0 0.357500 0.394000 0.018000 0.020000
0 0.700500 0.365000 0.010000 0.013000
0 0.401500 0.575500 0.019000 0.017000
0 0.767500 0.362500 0.024000 0.017000
0 0.762500 0.773500 0.032000 0.032000
0 0.576000 0.584500 0.026000 0.027000
0 0.445500 0.718000 0.018000 0.019000
0 0.479500 0.471000 0.016000 0.016000
0 0.389000 0.313000 0.024000 0.025000
0 0.740000 0.385000 0.011000 0.013000
0 0.794500 0.732500 0.020000 0.020000
0 0.650000 0.136000 0.013000 0.016000
0 0.547000 0.598500 0.011000 0.016000
0 0.463500 0.561500 0.026000 0.026000
0 0.303000 0.390500 0.013000 0.015000
0 0.627500 0.882000 0.018000 0.024000
0 0.474000 0.479500 0.011000 0.013000
0 0.571500 0.392500 0.024000 0.030000
0 0.680500 0.866000 0.012000 0.013000
0 0.346500 0.321000 0.014000 0.015000
0 0.364500 0.472000 0.021000 0.026000
0 0.680500 0.348000 0.026000 0.022000
0 0.775000 0.393000 0.020000 0.024000
0 0.252000 0.771500 0.022000 0.021000
0 0.320000 0.427000 0.022000 0.021000
0 0.851000 0.561000 0.016000 0.015000
0 0.648500 0.757000 0.013000 0.013000
0 0.657500 0.339500 0.013000 0.014000
0 0.418500 0.617500 0.021000 0.017000
0 0.292500 0.546500 0.013000 0.014000
0 0.508000 0.450000 0.013000 0.011000
0 0.535000 0.415000 0.013000 0.009000
0 0.500500 0.391500 0.026000 0.027000
0 0.507500 0.229250 0.014000 0.020500
0 0.432000 0.192000 0.022000 0.024000
0 0.469000 0.186500 0.012000 0.011000
0 0.234000 0.630000 0.029000 0.025000
0 0.225500 0.629000 0.025000 0.027000
0 0.641500 0.543000 0.012000 0.012000
0 0.652500 0.191500 0.024000 0.026000
0 0.211000 0.412000 0.022000 0.016000
0 0.566000 0.521500 0.031000 0.032000
0 0.357500 0.827000 0.016000 0.020000
0 0.240000 0.419500 0.017000 0.025000
0 0.449000 0.568000 0.029000 0.031000
0 0.554500 0.310500 0.023000 0.022000
0 0.305000 0.146500 0.028000 0.024000
0 0.666500 0.163000 0.013000 0.016000
0 0.704500 0.443500 0.013000 0.013000
0 0.306500 0.632500 0.025000 0.023000
0 0.280500 0.453500 0.010000 0.011000
0 0.740500 0.453500 0.026000 0.020000
0 0.623500 0.753000 0.019000 0.017000
0 0.549500 0.358500 0.018000 0.018000
0 0.362000 0.504500 0.031000 0.031000
0 0.372500 0.460000 0.025000 0.023000
0 0.733000 0.360000 0.016000 0.015000
0 0.520000 0.432000 0.019000 0.019000
0 0.485000 0.499000 0.013000 0.009000
0 0.540000 0.538500 0.012000 0.013000
0 0.555000 0.417500 0.012000 0.014000
0 0.527000 0.625500 0.011000 0.015000
0 0.502000 0.578500 0.023000 0.027000
0 0.357500 0.591000 0.023000 0.023000
0 0.393000 0.582000 0.027000 0.028000
0 0.472500 0.407000 0.017000 0.015000
0 0.358500 0.425500 0.017000 0.019000
0 0.623000 0.379500 0.022000 0.024000
0 0.489500 0.858000 0.020000 0.015000
0 0.529000 0.867000 0.010000 0.010000
0 0.378000 0.268000 0.014000 0.015000
0 0.547000 0.287500 0.023000 0.019000
0 0.500000 0.158000 0.018000 0.017000
0 0.576500 0.300000 0.018000 0.014000
0 0.219500 0.432000 0.019000 0.015000
0 0.099000 0.450500 0.014000 0.009000
0 0.851500 0.664000 0.014000 0.013000
0 0.326500 0.481000 0.015000 0.018000
0 0.582500 0.432000 0.016000 0.017000
0 0.546000 0.208500 0.009000 0.016000
0 0.428000 0.493500 0.014000 0.015000
0 0.842500 0.638000 0.015000 0.013000
0 0.623000 0.484500 0.014000 0.016000
0 0.643750 0.515000 0.020500 0.014000
0 0.225000 0.316000 0.011000 0.011000
0 0.344500 0.538500 0.014000 0.013000
0 0.834000 0.396000 0.028000 0.027000
0 0.867500 0.658500 0.029000 0.027000
0 0.366000 0.873500 0.015000 0.016000
0 0.622500 0.469500 0.026000 0.029000
0 0.250000 0.600500 0.018000 0.021000
0 0.509000 0.724000 0.009000 0.016000
0 0.401000 0.514500 0.025000 0.020000
0 0.355000 0.507500 0.020000 0.017000
0 0.297500 0.795500 0.011000 0.015000
0 0.517500 0.499000 0.011000 0.014000
0 0.607500 0.562500 0.012000 0.012000
0 0.478500 0.476000 0.016000 0.015000
0 0.598500 0.549000 0.025000 0.026000
0 0.438000 0.521500 0.025000 0.025000
0 0.459750 0.464000 0.023500 0.016000
0 0.381500 0.590750 0.017000 0.020500
0 0.683500 0.552500 0.022000 0.021000
0 0.305500 0.444000 0.015000 0.020000
0 0.521500 0.671500 0.011000 0.009000
0 0.478500 0.630500 0.019000 0.012000
0 0.177000 0.488500 0.017000 0.023000
0 0.422000 0.481000 0.029000 0.029000
0 0.509500 0.464000 0.013000 0.013000
0 0.480000 0.341000 0.023000 0.022000
0 0.108500 0.445000 0.022000 0.028000
0 0.496500 0.090000 0.017000 0.016000
0 0.448500 0.488250 0.010000 0.011500
0 0.437500 0.390000 0.019000 0.016000
0 0.420000 0.503000 0.020000 0.019000
0 0.316000 0.780000 0.026000 0.026000
0 0.337000 0.694000 0.031000 0.021000
0 0.474000 0.576000 0.030000 0.019000
0 0.584500 0.629000 0.013000 0.012000
0 0.218500 0.352500 0.018000 0.014000
0 0.440000 0.494500 0.011000 0.009000
0 0.773500 0.524500 0.013000 0.016000
0 0.725500 0.183000 0.013000 0.016000
0 0.639500 0.558000 0.019000 0.019000
0 0.588000 0.839000 0.018000 0.016000
0 0.574500 0.337000 0.011000 0.012000
0 0.234500 0.610000 0.017000 0.012000
0 0.506000 0.548000 0.020000 0.021000
0 0.537000 0.579500 0.020000 0.020000
0 0.753000 0.404500 0.029000 0.034000
0 0.558000 0.218000 0.017000 0.016000
0 0.366500 0.407500 0.011000 0.016000
0 0.676500 0.584000 0.020000 0.026000
0 0.411000 0.469000 0.019000 0.019000
0 0.201000 0.770000 0.020000 0.024000
0 0.444000 0.791000 0.020000 0.021000
0 0.844500 0.307000 0.017000 0.016000
0 0.557500 0.302000 0.012000 0.013000
0 0.828000 0.253000 0.022000 0.022000
0 0.610500 0.549500 0.025000 0.027000
0 0.543000 0.257500 0.022000 0.027000
0 0.495500 0.150500 0.028000 0.027000
0 0.579500 0.405000 0.010000 0.010000
0 0.759500 0.269000 0.012000 0.012000
0 0.383000 0.227500 0.021000 0.018000
0 0.285500 0.653500 0.019000 0.019000
0 0.229500 0.641000 0.009000 0.009000
0 0.462500 0.586000 0.013000 0.010000
0 0.523000 0.526000 0.028000 0.030000
0 0.125500 0.528000 0.023000 0.022000
0 0.509500 0.582000 0.020000 0.018000
0 0.648500 0.778500 0.018000 0.018000
0 0.466000 0.827000 0.018000 0.017000
0 0.795250 0.768500 0.014500 0.010000
0 0.283500 0.194000 0.025000 0.021000
0 0.675000 0.541500 0.015000 0.020000
0 0.269500 0.415000 0.019000 0.016000
0 0.383000 0.849000 0.023000 0.020000
0 0.515500 0.594000 0.015000 0.020000
0 0.317500 0.800000 0.014000 0.017000
0 0.433500 0.443500 0.030000 0.026000
0 0.535500 0.476500 0.024000 0.025000
0 0.488000 0.463000 0.026000 0.024000
0 0.448000 0.555500 0.030000 0.032000
0 0.199000 0.596500 0.011000 0.015000
0 0.259000 0.321000 0.019000 0.020000
0 0.367000 0.593000 0.019000 0.018000
0 0.812500 0.493500 0.021000 0.028000
0 0.753000 0.314000 0.017000 0.017000
0 0.538000 0.495500 0.023000 0.021000
0 0.371500 0.830500 0.015000 0.015000
0 0.439500 0.426000 0.024000 0.026000
0 0.752000 0.373000 0.028000 0.027000
0 0.481500 0.379500 0.026000 0.025000
0 0.349500 0.870500 0.029000 0.031000
0 0.504000 0.663500 0.022000 0.031000
0 0.459000 0.141500 0.019000 0.020000
0 0.242250 0.184500 0.011500 0.008000
0 0.622500 0.438000 0.017000 0.015000
0 0.353000 0.470000 0.012000 0.013000
0 0.861500 0.638500 0.024000 0.031000
0 0.436500 0.580500 0.015000 0.014000
0 0.663000 0.258000 0.018000 0.015000
0 0.560000 0.098500 0.021000 0.012000
0 0.263500 0.749500 0.013000 0.014000
0 0.281000 0.640500 0.017000 0.015000
0 0.869000 0.317500 0.029000 0.028000
0 0.717000 0.358000 0.011000 0.013000
0 0.409500 0.747500 0.023000 0.023000
0 0.692000 0.173000 0.029000 0.033000
0 0.554500 0.367500 0.014000 0.016000
0 0.342000 0.161000 0.017000 0.016000
0 0.388500 0.692000 0.024000 0.026000
0 0.700500 0.555500 0.022000 0.020000
0 0.763000 0.629500 0.029000 0.026000
0 0.643000 0.214000 0.017000 0.014000
0 0.366500 0.200000 0.033000 0.034000
0 0.426500 0.407500 0.029000 0.032000
0 0.864000 0.329500 0.028000 0.016000
0 0.705000 0.827500 0.030000 0.025000
0 0.722000 0.407000 0.012000 0.019000
0 0.452500 0.451000 0.020000 0.018000
0 0.556500 0.660500 0.015000 0.012000
0 0.542500 0.513000 0.023000 0.020000
0 0.837500 0.697500 0.013000 0.012000
0 0.352500 0.712000 0.024000 0.022000
0 0.611500 0.110000 0.017000 0.016000
0 0.624000 0.493000 0.012000 0.009000
0 0.470000 0.366000 0.028000 0.030000
0 0.442500 0.725000 0.021000 0.019000
0 0.528500 0.855500 0.018000 0.023000
0 0.825500 0.640000 0.011000 0.016000
0 0.350000 0.448000 0.020000 0.018000
0 0.524000 0.458500 0.026000 0.032000
0 0.565000 0.234500 0.013000 0.016000
0 0.464500 0.394500 0.015000 0.016000
0 0.676500 0.742500 0.020000 0.016000
0 0.240500 0.819000 0.021000 0.020000
0 0.437000 0.543500 0.023000 0.020000
0 0.478000 0.484000 0.022000 0.025000
0 0.277500 0.765000 0.024000 0.024000
0 0.387000 0.495500 0.019000 0.018000
0 0.697500 0.836500 0.018000 0.016000
0 0.304500 0.539500 0.023000 0.025000
0 0.649500 0.581500 0.025000 0.026000
0 0.580500 0.755500 0.026000 0.023000
0 0.321500 0.516000 0.024000 0.021000
0 0.357000 0.411000 0.015000 0.016000
0 0.367500 0.381500 0.014000 0.015000
0 0.851000 0.726500 0.019000 0.018000
0 0.768000 0.270000 0.022000 0.027000
0 0.481500 0.511500 0.029000 0.029000
0 0.637000 0.448500 0.022000 0.024000
0 0.534000 0.845000 0.023000 0.020000
0 0.534750 0.733500 0.014500 0.012000
0 0.413500 0.557000 0.020000 0.018000
0 0.548000 0.589500 0.019000 0.020000
0 0.485000 0.575500 0.025000 0.021000
0 0.198000 0.320500 0.008000 0.008000
0 0.405000 0.627000 0.028000 0.025000
0 0.321500 0.600500 0.018000 0.025000
0 0.510500 0.549000 0.023000 0.024000
0 0.385000 0.274500 0.023000 0.023000
0 0.263500 0.232500 0.025000 0.027000
0 0.422500 0.547000 0.010000 0.011000
0 0.141000 0.689500 0.026000 0.021000
0 0.487500 0.555500 0.022000 0.020000
0 0.655500 0.542500 0.023000 0.022000
0 0.594000 0.263500 0.014000 0.012000
0 0.329500 0.355500 0.013000 0.015000
0 0.157000 0.383000 0.029000 0.023000
0 0.194500 0.613500 0.033000 0.025000
0 0.560500 0.666000 0.020000 0.028000
0 0.611000 0.820500 0.028000 0.029000
0 0.495000 0.404500 0.022000 0.018000
0 0.146750 0.567000 0.020500 0.014000
0 0.863000 0.312500 0.024000 0.023000
0 0.882500 0.337500 0.027000 0.022000
0 0.798000 0.404500 0.023000 0.019000
0 0.646000 0.316500 0.014000 0.016000
0 0.361500 0.604500 0.018000 0.020000
0 0.526500 0.594000 0.017000 0.016000
0 0.490500 0.430000 0.012000 0.012000
0 0.672000 0.401000 0.022000 0.024000
0 0.472000 0.422500 0.023000 0.023000
0 0.335500 0.451500 0.023000 0.028000
0 0.437500 0.208500 0.021000 0.020000
0 0.571000 0.684500 0.023000 0.026000
0 0.535500 0.680000 0.023000 0.025000
0 0.367500 0.309000 0.011000 0.010000
0 0.500000 0.437500 0.018000 0.022000
0 0.622500 0.291000 0.031000 0.021000