0 0.501500 0.638000 0.025000 0.021000
0 0.536000 0.121000 0.022000 0.020000
0 0.882500 0.570000 0.032000 0.031000
0 0.225000 0.652500 0.028000 0.030000
0 0.513000 0.907500 0.022000 0.024000
0 0.734500 0.290500 0.015000 0.018000
0 0.408000 0.427500 0.017000 0.017000
0 0.239500 0.778000 0.014000 0.013000
0 0.521000 0.857000 0.017000 0.013000
0 0.903000 0.489000 0.021000 0.026000
0 0.431500 0.512500 0.023000 0.018000
0 0.488500 0.637000 0.011000 0.015000
0 0.703000 0.611500 0.022000 0.021000
0 0.168500 0.366000 0.018000 0.010000
0 0.488500 0.221500 0.014000 0.022000
0 0.674000 0.223500 0.024000 0.020000
0 0.365500 0.694000 0.025000 0.024000
0 0.754500 0.389000 0.015000 0.016000
0 0.301500 0.721000 0.020000 0.018000
0 0.455000 0.541500 0.025000 0.024000
0 0.488500 0.643500 0.012000 0.016000
0 0.347500 0.399000 0.020000 0.023000
0 0.670000 0.448000 0.026000 0.027000
0 0.458500 0.698000 0.033000 0.026000
0 0.689500 0.550500 0.021000 0.022000
0 0.548500 0.364500 0.029000 0.021000
0 0.558500 0.421000 0.029000 0.020000
0 0.211000 0.651500 0.022000 0.021000
0 0.876500 0.499000 0.029000 0.029000
0 0.265000 0.383500 0.028000 0.026000
0 0.542500 0.475500 0.033000 0.024000
0 0.458500 0.692500 0.014000 0.012000
0 0.341000 0.461000 0.024000 0.019000
0 0.511000 0.626500 0.016000 0.016000
0 0.735000 0.666000 0.019000 0.022000
0 0.363500 0.380500 0.024000 0.024000
0 0.303000 0.164500 0.023000 0.023000
0 0.468500 0.553500 0.014000 0.013000
0 0.529500 0.563500 0.019000 0.025000
0 0.192000 0.544000 0.027000 0.027000
0 0.461500 0.546000 0.014000 0.013000
0 0.457000 0.348500 0.030000 0.025000
0 0.206500 0.436000 0.022000 0.017000
0 0.687000 0.279000 0.012000 0.012000
0 0.546000 0.243500 0.020000 0.021000
0 0.629500 0.372500 0.018000 0.015000
0 0.507500 0.919500 0.014000 0.013000
0 0.511000 0.430500 0.016000 0.011000
0 0.569000 0.619500 0.016000 0.020000
0 0.682000 0.501500 0.023000 0.026000
0 0.237000 0.474500 0.018000 0.020000
0 0.803500 0.574000 0.025000 0.026000
0 0.728000 0.759000 0.027000 0.024000
0 0.701000 0.780000 0.017000 0.019000
0 0.358500 0.245000 0.023000 0.029000
0 0.351000 0.502000 0.022000 0.020000
0 0.675000 0.616000 0.015000 0.012000
0 0.488500 0.521000 0.018000 0.020000
0 0.754000 0.651000 0.028000 0.022000
0 0.362500 0.619500 0.020000 0.020000
0 0.498000 0.088500 0.024000 0.028000
0 0.494000 0.739500 0.012000 0.010000
0 0.519000 0.425500 0.019000 0.017000
0 0.398500 0.755500 0.012000 0.011000
0 0.800000 0.530000 0.022000 0.021000
0 0.387000 0.902000 0.025000 0.025000
0 0.489000 0.492000 0.019000 0.017000
0 0.460000 0.530500 0.025000 0.026000
0 0.529500 0.164500 0.016000 0.016000
0 0.459500 0.522000 0.024000 0.025000
0 0.243500 0.726000 0.019000 0.025000
0 0.368500 0.464000 0.013000 0.011000
0 0.433000 0.545500 0.013000 0.012000
0 0.858500 0.500500 0.018000 0.025000
0 0.723500 0.395500 0.018000 0.018000
0 0.417000 0.481000 0.012000 0.014000
0 0.435000 0.697000 0.030000 0.026000
0 0.461500 0.502000 0.025000 0.019000
0 0.465500 0.429500 0.019000 0.020000
0 0.469500 0.413500 0.025000 0.021000
0 0.570500 0.658500 0.031000 0.022000
0 0.517500 0.696000 0.013000 0.012000
0 0.546500 0.543500 0.031000 0.031000
0 0.527000 0.449500 0.021000 0.024000
0 0.509000 0.558500 0.011000 0.013000
0 0.280500 0.454500 0.025000 0.019000
0 0.592500 0.799000 0.030000 0.024000
0 0.730000 0.175500 0.021000 0.023000
0 0.378500 0.774500 0.024000 0.027000
0 0.552500 0.280500 0.031000 0.035000
0 0.535250 0.498500 0.026500 0.018000
0 0.500000 0.499500 0.017000 0.019000
0 0.477500 0.423500 0.027000 0.028000
0 0.600000 0.667000 0.013000 0.012000
0 0.656000 0.270500 0.017000 0.019000
0 0.697000 0.729500 0.026000 0.025000
0 0.533000 0.586000 0.018000 0.018000
0 0.612500 0.325000 0.028000 0.029000
0 0.265500 0.540500 0.015000 0.016000
0 0.543500 0.416000 0.010000 0.011000
0 0.609000 0.239000 0.022000 0.021000
0 0.468000 0.297500 0.020000 0.028000
0 0.740000 0.513500 0.013000 0.015000
0 0.745000 0.496000 0.018000 0.014000
0 0.458000 0.378000 0.036000 0.032000
0 0.282000 0.682500 0.017000 0.023000
0 0.735500 0.281000 0.017000 0.017000
0 0.509000 0.495000 0.024000 0.028000
0 0.388000 0.283000 0.024000 0.023000
0 0.501500 0.454000 0.023000 0.028000
0 0.676000 0.130000 0.014000 0.017000
0 0.153500 0.393500 0.012000 0.013000
0 0.145500 0.303000 0.017000 0.014000
0 0.470000 0.457500 0.014000 0.012000
0 0.815000 0.667000 0.032000 0.031000
0 0.417000 0.503000 0.024000 0.024000
0 0.319000 0.314500 0.014000 0.014000
0 0.103000 0.414000 0.015000 0.016000
0 0.598500 0.556500 0.017000 0.017000
0 0.179500 0.378000 0.012000 0.012000
0 0.682000 0.738500 0.019000 0.019000
0 0.876000 0.491000 0.020000 0.015000
0 0.475000 0.402500 0.016000 0.012000
0 0.717500 0.239500 0.016000 0.009000
0 0.583500 0.500000 0.025000 0.026000
0 0.779500 0.554000 0.022000 0.022000
0 0.420500 0.742500 0.019000 0.028000
0 0.756500 0.466500 0.029000 0.029000
0 0.703000 0.413500 0.023000 0.023000
0 0.553250 0.850000 0.014500 0.010000
0 0.751000 0.549000 0.023000 0.016000
0 0.457500 0.598000 0.009000 0.009000
0 0.526500 0.518500 0.010000 0.010000
0 0.211000 0.791000 0.018000 0.027000
0 0.398500 0.305500 0.010000 0.013000
0 0.712000 0.637000 0.018000 0.025000
0 0.518000 0.486000 0.024000 0.021000
0 0.286000 0.714000 0.025000 0.024000
0 0.603000 0.098500 0.027000 0.025000
0 0.303000 0.517500 0.013000 0.013000
0 0.164000 0.383500 0.013000 0.015000
0 0.313500 0.539000 0.029000 0.031000
0 0.466500 0.537000 0.010000 0.013000
0 0.348000 0.370500 0.018000 0.021000
0 0.501000 0.543500 0.027000 0.030000
0 0.462000 0.460000 0.027000 0.026000
0 0.575500 0.493500 0.021000 0.023000
0 0.314500 0.781000 0.018000 0.011000
0 0.420500 0.628500 0.014000 0.014000
0 0.588000 0.554000 0.026000 0.032000
0 0.516500 0.468500 0.022000 0.015000
0 0.538500 0.579000 0.025000 0.024000
0 0.655500 0.526500 0.024000 0.021000
0 0.478000 0.494500 0.019000 0.023000
0 0.578000 0.742000 0.017000 0.016000
0 0.522000 0.582000 0.014000 0.017000
0 0.488750 0.547500 0.017500 0.015000
0 0.859500 0.597000 0.011000 0.016000
0 0.458000 0.431500 0.015000 0.016000
0 0.563500 0.120500 0.015000 0.017000
0 0.533000 0.208500 0.027000 0.022000
0 0.401000 0.204500 0.012000 0.012000
0 0.510500 0.359500 0.033000 0.030000
0 0.573000 0.357000 0.011000 0.011000
0 0.537000 0.439500 0.020000 0.013000
0 0.494000 0.484500 0.020000 0.027000
0 0.545000 0.281000 0.024000 0.021000
0 0.607500 0.462500 0.022000 0.018000
0 0.688000 0.857500 0.022000 0.013000
0 0.718500 0.386500 0.029000 0.023000
0 0.462500 0.713500 0.018000 0.025000
0 0.647000 0.141500 0.035000 0.029000
0 0.609000 0.555000 0.020000 0.022000
0 0.409500 0.163000 0.030000 0.021000
0 0.452000 0.656500 0.028000 0.019000
0 0.502500 0.491000 0.011000 0.012000
0 0.616500 0.433500 0.023000 0.028000
0 0.530000 0.491500 0.025000 0.031000
0 0.516500 0.498000 0.019000 0.024000
0 0.345500 0.832000 0.028000 0.029000
0 0.815500 0.719500 0.029000 0.025000
0 0.494000 0.460500 0.021000 0.021000
0 0.402500 0.894000 0.015000 0.017000
0 0.327500 0.384500 0.019000 0.033000
0 0.451000 0.905000 0.029000 0.029000
0 0.301500 0.152000 0.023000 0.020000
0 0.331500 0.803000 0.029000 0.025000
0 0.614000 0.777500 0.013000 0.011000
0 0.738500 0.578500 0.016000 0.023000
0 0.510000 0.528500 0.018000 0.014000
0 0.481500 0.621500 0.014000 0.015000
0 0.767000 0.324500 0.029000 0.032000
0 0.804500 0.596500 0.013000 0.013000
0 0.748500 0.531000 0.027000 0.027000
0 0.395500 0.581500 0.024000 0.018000
0 0.157500 0.593000 0.011000 0.012000
0 0.427500 0.672500 0.017000 0.011000
0 0.364000 0.492000 0.021000 0.027000
0 0.209500 0.757000 0.011000 0.013000
0 0.770000 0.525000 0.021000 0.022000
0 0.685000 0.333000 0.010000 0.011000
0 0.092500 0.541500 0.014000 0.016000
0 0.332000 0.704500 0.017000 0.022000
0 0.760000 0.550500 0.024000 0.019000
0 0.480500 0.515000 0.026000 0.024000
0 0.692000 0.287500 0.017000 0.018000
0 0.408000 0.787000 0.017000 0.017000
0 0.646000 0.506000 0.018000 0.015000
0 0.496500 0.770500 0.013000 0.014000
0 0.577000 0.437500 0.018000 0.017000
0 0.383000 0.277000 0.010000 0.009000
0 0.605000 0.193000 0.027000 0.026000
0 0.550000 0.576000 0.019000 0.023000
0 0.810000 0.247500 0.023000 0.027000
0 0.573500 0.670000 0.032000 0.029000
0 0.097000 0.591500 0.014000 0.016000
0 0.677000 0.437000 0.010000 0.011000
0 0.533000 0.430000 0.010000 0.009000
0 0.459500 0.485500 0.023000 0.021000
0 0.292000 0.404000 0.014000 0.014000
0 0.913500 0.442500 0.013000 0.014000
0 0.507000 0.508500 0.023000 0.032000
0 0.443500 0.787500 0.031000 0.032000
0 0.602500 0.460500 0.012000 0.013000
0 0.247500 0.682500 0.027000 0.025000
0 0.715000 0.493000 0.014000 0.011000
0 0.093000 0.585000 0.020000 0.022000
0 0.474000 0.598000 0.014000 0.015000
0 0.150000 0.353500 0.020000 0.029000
0 0.244500 0.758500 0.012000 0.012000
0 0.291000 0.165500 0.025000 0.019000
0 0.378500 0.392000 0.020000 0.023000
0 0.720750 0.607500 0.017500 0.012000
0 0.355000 0.722500 0.018000 0.020000
0 0.200000 0.253000 0.024000 0.028000
0 0.704500 0.511000 0.016000 0.015000
0 0.689000 0.670500 0.027000 0.032000
0 0.425000 0.564000 0.019000 0.018000
0 0.431500 0.639000 0.011000 0.015000
0 0.419000 0.852500 0.014000 0.013000
0 0.806500 0.456000 0.025000 0.026000
0 0.690000 0.443500 0.031000 0.018000
0 0.751000 0.285500 0.017000 0.018000
0 0.730500 0.797500 0.016000 0.018000
0 0.617500 0.162500 0.019000 0.020000
0 0.276000 0.538000 0.012000 0.012000
0 0.579000 0.544500 0.023000 0.020000
0 0.483500 0.456000 0.024000 0.022000
0 0.438000 0.608000 0.022000 0.020000
0 0.708500 0.551000 0.022000 0.030000
0 0.813500 0.465000 0.026000 0.031000
0 0.710000 0.425000 0.011000 0.016000
0 0.638500 0.592500 0.031000 0.021000
0 0.488500 0.508500 0.016000 0.015000
0 0.520000 0.524500 0.010000 0.010000
0 0.802500 0.652000 0.018000 0.018000
0 0.487500 0.580500 0.011000 0.010000
0 0.356000 0.565000 0.023000 0.023000
0 0.533000 0.730000 0.031000 0.022000
0 0.573000 0.268500 0.026000 0.021000
0 0.465500 0.590000 0.012000 0.013000
0 0.260000 0.467000 0.016000 0.016000
0 0.766500 0.534000 0.014000 0.015000
0 0.719500 0.326500 0.016000 0.012000
0 0.571500 0.433000 0.023000 0.022000
0 0.320000 0.532000 0.020000 0.019000
0 0.633000 0.534000 0.024000 0.031000
0 0.586000 0.406500 0.025000 0.024000
0 0.674000 0.354500 0.017000 0.016000
0 0.237500 0.446000 0.015000 0.014000
0 0.571000 0.862000 0.020000 0.028000
0 0.424500 0.516000 0.012000 0.013000
0 0.155000 0.500000 0.024000 0.019000
0 0.561500 0.831250 0.022000 0.023500
0 0.439500 0.601000 0.020000 0.020000
0 0.572500 0.373500 0.025000 0.032000
0 0.725500 0.458500 0.014000 0.018000
0 0.379000 0.769000 0.019000 0.020000
0 0.493500 0.346000 0.016000 0.014000
0 0.586000 0.353500 0.024000 0.019000
0 0.627000 0.314000 0.026000 0.021000
0 0.685500 0.214000 0.013000 0.016000
0 0.443500 0.548000 0.030000 0.030000
0 0.366500 0.295000 0.018000 0.026000
0 0.360000 0.576000 0.027000 0.022000
0 0.400000 0.654000 0.022000 0.028000
0 0.339500 0.734000 0.028000 0.030000
0 0.645000 0.720000 0.031000 0.028000
0 0.306500 0.249500 0.023000 0.023000
0 0.558500 0.444000 0.024000 0.018000
0 0.400000 0.405500 0.013000 0.014000
0 0.446500 0.648000 0.013000 0.014000
0 0.807500 0.677000 0.016000 0.021000
0 0.569000 0.410000 0.016000 0.015000
0 0.309000 0.456500 0.028000 0.018000
0 0.494000 0.270500 0.013000 0.009000
0 0.533250 0.396000 0.011500 0.009000
0 0.339500 0.720500 0.019000 0.026000
0 0.479500 0.530500 0.012000 0.012000
0 0.749000 0.189500 0.020000 0.021000
0 0.785000 0.548000 0.018000 0.016000
0 0.515500 0.240000 0.010000 0.009000
0 0.212500 0.469000 0.018000 0.020000
0 0.588500 0.153500 0.011000 0.013000
0 0.288500 0.455000 0.018000 0.014000
0 0.177000 0.358000 0.020000 0.020000
0 0.413500 0.607000 0.011000 0.012000
0 0.454000 0.576500 0.020000 0.019000
0 0.387500 0.452500 0.022000 0.025000
0 0.214500 0.801500 0.012000 0.011000
0 0.535500 0.521000 0.019000 0.022000
0 0.601000 0.607500 0.021000 0.019000
0 0.484000 0.309500 0.022000 0.022000
0 0.319500 0.387000 0.012000 0.016000
0 0.473500 0.473500 0.025000 0.026000
0 0.475750 0.326500 0.026500 0.018000
0 0.608500 0.352500 0.023000 0.024000
0 0.664000 0.484500 0.018000 0.019000
0 0.559500 0.553000 0.022000 0.022000
0 0.294000 0.486000 0.024000 0.020000
0 0.150000 0.599000 0.026000 0.022000
0 0.135500 0.321750 0.016000 0.023500
0 0.466000 0.580000 0.030000 0.030000
0 0.552500 0.628500 0.022000 0.020000
0 0.498000 0.451000 0.013000 0.012000
0 0.538000 0.406500 0.018000 0.014000
0 0.412500 0.329000 0.014000 0.015000
0 0.445500 0.576000 0.019000 0.020000
0 0.684000 0.661500 0.015000 0.017000
0 0.356000 0.712500 0.020000 0.016000
0 0.479500 0.672500 0.026000 0.028000
0 0.424500 0.402000 0.018000 0.017000
0 0.459000 0.555000 0.029000 0.021000
0 0.188500 0.695000 0.030000 0.030000
0 0.807000 0.282000 0.014000 0.014000
0 0.643500 0.654000 0.016000 0.015000
0 0.447500 0.506500 0.019000 0.014000
0 0.331500 0.578000 0.016000 0.016000
0 0.638500 0.690000 0.015000 0.012000
0 0.586000 0.472000 0.016000 0.016000
0 0.400000 0.644000 0.014000 0.015000
0 0.220000 0.478500 0.014000 0.023000
0 0.494000 0.476000 0.016000 0.020000
0 0.635500 0.415000 0.020000 0.026000
0 0.443500 0.392500 0.018000 0.018000
0 0.504500 0.476500 0.027000 0.027000
0 0.493500 0.537500 0.024000 0.020000
0 0.263000 0.290500 0.030000 0.022000
0 0.350500 0.687000 0.019000 0.017000
0 0.564500 0.595500 0.012000 0.015000
0 0.573500 0.303500 0.017000 0.016000
0 0.477000 0.773500 0.016000 0.015000
0 0.792000 0.749000 0.020000 0.016000
0 0.361000 0.160500 0.034000 0.035000