0 0.423000 0.294000 0.020000 0.020000
0 0.701000 0.634500 0.019000 0.019000
0 0.473000 0.294500 0.017000 0.015000
0 0.720000 0.557500 0.017000 0.019000
0 0.501750 0.500750 0.026500 0.025500
0 0.684500 0.641000 0.009000 0.011000
0 0.655500 0.398000 0.011000 0.014000
0 0.749500 0.357500 0.011000 0.013000
0 0.626000 0.475000 0.022000 0.026000
0 0.758500 0.251500 0.021000 0.024000
0 0.529000 0.143500 0.021000 0.021000
0 0.504500 0.475000 0.024000 0.025000
0 0.283000 0.586500 0.011000 0.011000
0 0.298000 0.148500 0.020000 0.026000
0 0.314000 0.341500 0.021000 0.025000
0 0.469500 0.827000 0.015000 0.014000
0 0.658750 0.739750 0.020500 0.021500
0 0.560500 0.337000 0.012000 0.019000
0 0.372500 0.718500 0.010000 0.014000
0 0.201500 0.259500 0.024000 0.021000
0 0.459500 0.572000 0.015000 0.015000
0 0.435000 0.635000 0.020000 0.019000
0 0.360000 0.847000 0.021000 0.024000
0 0.508500 0.299000 0.033000 0.029000
0 0.610500 0.642000 0.019000 0.021000
0 0.559000 0.502000 0.012000 0.010000
0 0.164500 0.708000 0.024000 0.014000
0 0.485500 0.529000 0.015000 0.017000
0 0.742000 0.461500 0.029000 0.026000
0 0.179500 0.339000 0.026000 0.032000
0 0.428500 0.363000 0.016000 0.017000
0 0.446000 0.475000 0.015000 0.014000
0 0.826500 0.652000 0.020000 0.023000
0 0.422000 0.850500 0.019000 0.021000
0 0.513500 0.538500 0.019000 0.020000
0 0.185000 0.588000 0.011000 0.021000
0 0.506000 0.528000 0.019000 0.019000
0 0.541000 0.710500 0.027000 0.025000
0 0.113000 0.534500 0.023000 0.024000
0 0.380000 0.579000 0.018000 0.016000
0 0.472500 0.861000 0.027000 0.018000
0 0.685500 0.786500 0.017000 0.018000
0 0.715500 0.276000 0.019000 0.027000
0 0.572000 0.390500 0.024000 0.033000
0 0.717500 0.771500 0.013000 0.019000
0 0.515500 0.508000 0.031000 0.031000
0 0.422500 0.614000 0.017000 0.019000
0 0.556000 0.285500 0.010000 0.009000
0 0.590500 0.506500 0.024000 0.022000
0 0.775000 0.292500 0.013000 0.012000
0 0.403000 0.334000 0.013000 0.015000
0 0.311000 0.495000 0.013000 0.013000
0 0.864000 0.317000 0.027000 0.029000
0 0.472000 0.269500 0.021000 0.019000
0 0.332500 0.354000 0.013000 0.019000
0 0.608000 0.538500 0.013000 0.016000
0 0.121000 0.672500 0.011000 0.012000
0 0.440500 0.671500 0.020000 0.028000
0 0.479500 0.764500 0.020000 0.020000
0 0.579500 0.518500 0.020000 0.025000
0 0.389500 0.446000 0.012000 0.012000
0 0.550500 0.551000 0.025000 0.022000
0 0.460000 0.328500 0.031000 0.030000
0 0.351500 0.136000 0.015000 0.021000
0 0.402000 0.657000 0.032000 0.032000
0 0.624500 0.310000 0.009000 0.013000
0 0.251500 0.206500 0.011000 0.013000
0 0.714000 0.673500 0.036000 0.034000
0 0.472000 0.465500 0.016000 0.018000
0 0.430000 0.546000 0.009000 0.013000
0 0.259000 0.837000 0.026000 0.018000
0 0.746000 0.705000 0.018000 0.024000
0 0.341000 0.374500 0.034000 0.034000
0 0.874000 0.414500 0.010000 0.010000
0 0.497500 0.534500 0.009000 0.009000
0 0.291000 0.631000 0.027000 0.019000
0 0.409500 0.455000 0.032000 0.030000
0 0.719500 0.475500 0.017000 0.020000
0 0.724000 0.760000 0.017000 0.021000
0 0.359500 0.483500 0.035000 0.032000
0 0.839500 0.722500 0.018000 0.012000
0 0.149500 0.498000 0.024000 0.025000
0 0.374500 0.271500 0.025000 0.027000
0 0.504500 0.516000 0.013000 0.012000
0 0.500000 0.144000 0.021000 0.021000
0 0.309000 0.659000 0.013000 0.017000
0 0.479000 0.541000 0.013000 0.013000
0 0.485500 0.426500 0.022000 0.029000
0 0.389000 0.595000 0.018000 0.023000
0 0.418000 0.661500 0.029000 0.026000
0 0.574500 0.350500 0.023000 0.031000
0 0.526000 0.744500 0.015000 0.018000
0 0.523000 0.567500 0.031000 0.022000
0 0.287500 0.757500 0.030000 0.033000
0 0.855000 0.615500 0.013000 0.012000
0 0.502000 0.492500 0.016000 0.016000
0 0.417000 0.647000 0.030000 0.024000
0 0.502000 0.405000 0.035000 0.034000
0 0.442500 0.571500 0.010000 0.014000
0 0.420500 0.397000 0.015000 0.017000
0 0.484500 0.651000 0.016000 0.014000
0 0.600500 0.397500 0.023000 0.020000
0 0.587500 0.224000 0.012000 0.015000
0 0.526500 0.600500 0.018000 0.020000
0 0.462500 0.486000 0.022000 0.012000
0 0.590500 0.389500 0.016000 0.018000
0 0.087500 0.453000 0.016000 0.015000
0 0.465000 0.598500 0.025000 0.029000
0 0.427500 0.559500 0.016000 0.018000
0 0.630000 0.425000 0.019000 0.021000
0 0.654000 0.448500 0.008000 0.008000
0 0.426500 0.310000 0.016000 0.017000
0 0.570000 0.303000 0.019000 0.019000
0 0.756500 0.671500 0.020000 0.019000
0 0.387000 0.565000 0.014000 0.015000
0 0.294500 0.516000 0.023000 0.023000
0 0.464000 0.513000 0.011000 0.010000
0 0.824000 0.736000 0.024000 0.019000
0 0.526500 0.490500 0.027000 0.026000
0 0.766500 0.501000 0.028000 0.026000
0 0.557000 0.642000 0.018000 0.020000
0 0.523500 0.528500 0.020000 0.018000
0 0.583500 0.518000 0.021000 0.024000
0 0.137500 0.522500 0.018000 0.015000
0 0.595500 0.214000 0.027000 0.026000
0 0.275500 0.488000 0.027000 0.028000
0 0.411000 0.414000 0.012000 0.015000
0 0.207500 0.625000 0.014000 0.014000
0 0.211000 0.402000 0.019000 0.014000
0 0.273500 0.393500 0.014000 0.015000
0 0.743000 0.419000 0.023000 0.020000
0 0.678000 0.415000 0.024000 0.029000
0 0.379500 0.539500 0.018000 0.016000
0 0.422500 0.249500 0.019000 0.016000
0 0.559000 0.791000 0.021000 0.022000
0 0.574000 0.108500 0.025000 0.028000
0 0.639000 0.326500 0.016000 0.015000
0 0.108000 0.518500 0.013000 0.012000
0 0.714500 0.524500 0.019000 0.017000
0 0.373500 0.644500 0.016000 0.020000
0 0.469000 0.536500 0.031000 0.034000
0 0.764000 0.244000 0.023000 0.031000
0 0.744500 0.606000 0.012000 0.009000
0 0.283000 0.720000 0.021000 0.016000
0 0.734000 0.288000 0.024000 0.024000
0 0.250500 0.438000 0.012000 0.013000
0 0.301000 0.690500 0.031000 0.033000
0 0.570000 0.825500 0.020000 0.024000
0 0.690000 0.266500 0.015000 0.018000
0 0.251000 0.616500 0.021000 0.021000
0 0.540000 0.535750 0.017000 0.020500
0 0.717500 0.573500 0.021000 0.015000
0 0.676500 0.558000 0.013000 0.015000
0 0.693500 0.490500 0.016000 0.017000
0 0.765000 0.506500 0.020000 0.021000
0 0.435000 0.391000 0.019000 0.016000
0 0.581500 0.653500 0.008000 0.008000
0 0.537000 0.518000 0.014000 0.013000
0 0.640500 0.489000 0.015000 0.015000
0 0.315000 0.827500 0.022000 0.031000
0 0.627000 0.792500 0.022000 0.022000
0 0.293000 0.382000 0.022000 0.029000
0 0.554500 0.226000 0.011000 0.010000
0 0.338000 0.525000 0.019000 0.024000
0 0.474500 0.533000 0.026000 0.022000
0 0.432500 0.464500 0.015000 0.014000
0 0.212000 0.588000 0.019000 0.019000
0 0.770500 0.259500 0.014000 0.015000
0 0.487000 0.398000 0.029000 0.020000
0 0.545000 0.486000 0.018000 0.018000
0 0.406000 0.405000 0.023000 0.023000
0 0.663000 0.705000 0.019000 0.020000
0 0.627500 0.508500 0.011000 0.011000
0 0.502500 0.360500 0.019000 0.015000
0 0.494000 0.481000 0.020000 0.021000
0 0.164000 0.439500 0.022000 0.018000
0 0.203500 0.437000 0.011000 0.010000
0 0.381500 0.488000 0.014000 0.017000
0 0.386500 0.162000 0.013000 0.014000
0 0.409000 0.511000 0.022000 0.023000
0 0.245500 0.581500 0.023000 0.031000
0 0.565000 0.737500 0.031000 0.020000
0 0.524500 0.512500 0.020000 0.018000
0 0.666000 0.270000 0.015000 0.015000
0 0.484000 0.474500 0.013000 0.013000
0 0.719500 0.189500 0.024000 0.026000
0 0.561500 0.379000 0.018000 0.018000
0 0.298000 0.490500 0.021000 0.016000
0 0.565000 0.524500 0.017000 0.018000
0 0.655500 0.412000 0.019000 0.024000
0 0.416000 0.376000 0.022000 0.030000
0 0.700500 0.677000 0.014000 0.012000
0 0.507000 0.621000 0.028000 0.032000
0 0.567000 0.752000 0.022000 0.026000
0 0.534500 0.504000 0.018000 0.019000
0 0.541500 0.400000 0.014000 0.013000
0 0.506500 0.392500 0.016000 0.022000
0 0.719500 0.367500 0.023000 0.022000
0 0.417000 0.760000 0.025000 0.027000
0 0.565500 0.429000 0.013000 0.016000
0 0.431250 0.577000 0.011500 0.009000
0 0.463000 0.531750 0.015000 0.017500
0 0.276500 0.519500 0.018000 0.017000
0 0.481500 0.545500 0.024000 0.026000
0 0.818000 0.243500 0.029000 0.030000
0 0.650000 0.455500 0.012000 0.009000
0 0.443000 0.485000 0.018000 0.017000
0 0.579500 0.763000 0.016000 0.017000
0 0.296500 0.539000 0.014000 0.017000
0 0.682000 0.495000 0.026000 0.025000
0 0.130000 0.347000 0.026000 0.027000
0 0.198500 0.455500 0.021000 0.021000
0 0.088500 0.483500 0.025000 0.018000
0 0.673000 0.341000 0.014000 0.015000
0 0.737000 0.656500 0.020000 0.021000
0 0.550000 0.875500 0.028000 0.021000
0 0.460500 0.616500 0.018000 0.018000
0 0.695500 0.413000 0.029000 0.030000
0 0.294500 0.367500 0.017000 0.017000
0 0.819500 0.321000 0.011000 0.010000
0 0.460500 0.520000 0.016000 0.012000
0 0.411000 0.607500 0.026000 0.014000
0 0.477000 0.422500 0.011000 0.012000
0 0.488500 0.539500 0.028000 0.019000
0 0.635000 0.597000 0.023000 0.018000
0 0.538000 0.143000 0.026000 0.026000
0 0.271500 0.151000 0.024000 0.017000
0 0.804000 0.386500 0.026000 0.026000
0 0.545500 0.458500 0.014000 0.016000
0 0.510500 0.447000 0.017000 0.020000
0 0.519000 0.470000 0.014000 0.018000
0 0.358000 0.574000 0.028000 0.029000
0 0.244500 0.305500 0.019000 0.022000
0 0.465000 0.524500 0.024000 0.027000
0 0.452500 0.419000 0.029000 0.031000
0 0.421000 0.832500 0.015000 0.015000
0 0.560000 0.624000 0.025000 0.029000
0 0.793000 0.564500 0.026000 0.020000
0 0.640000 0.478000 0.016000 0.015000
0 0.517500 0.522000 0.014000 0.015000
0 0.482000 0.389000 0.018000 0.021000
0 0.474000 0.448500 0.024000 0.025000
0 0.696000 0.363000 0.026000 0.026000
0 0.826000 0.376500 0.028000 0.025000
0 0.455000 0.258000 0.013000 0.014000
0 0.164000 0.286500 0.021000 0.022000
0 0.529000 0.635500 0.018000 0.025000
0 0.171000 0.592500 0.031000 0.027000
0 0.396000 0.544500 0.031000 0.028000
0 0.198500 0.570000 0.020000 0.022000
0 0.331500 0.215500 0.021000 0.022000
0 0.485000 0.416500 0.028000 0.028000
0 0.265500 0.460500 0.015000 0.013000
0 0.355500 0.442000 0.020000 0.021000
0 0.233000 0.489000 0.016000 0.012000
0 0.541500 0.673500 0.026000 0.026000
0 0.509000 0.481500 0.015000 0.014000
0 0.370000 0.461500 0.015000 0.014000
0 0.463500 0.722500 0.012000 0.013000
0 0.391000 0.507750 0.019000 0.026500
0 0.685500 0.631000 0.024000 0.023000
0 0.590000 0.839500 0.011000 0.011000
0 0.454000 0.374500 0.024000 0.025000
0 0.212000 0.218000 0.020000 0.015000
0 0.161500 0.484000 0.023000 0.021000
0 0.480000 0.852500 0.016000 0.019000
0 0.641500 0.710500 0.013000 0.010000
0 0.712500 0.754500 0.019000 0.020000
0 0.642000 0.397500 0.016000 0.017000
0 0.559000 0.582500 0.011000 0.016000
0 0.802000 0.709000 0.022000 0.015000
0 0.393500 0.527000 0.016000 0.014000
0 0.325500 0.335000 0.018000 0.021000
0 0.830000 0.251500 0.028000 0.028000
0 0.660500 0.202500 0.026000 0.017000
0 0.629000 0.322000 0.014000 0.012000
0 0.428000 0.585500 0.028000 0.026000
0 0.396000 0.381000 0.021000 0.018000
0 0.433500 0.383000 0.016000 0.015000
0 0.618000 0.712500 0.018000 0.018000
0 0.748500 0.270500 0.011000 0.012000
0 0.356500 0.647000 0.019000 0.016000
0 0.615500 0.471500 0.033000 0.025000
0 0.620000 0.317000 0.024000 0.028000
0 0.335250 0.341500 0.026500 0.021000
0 0.152000 0.627500 0.028000 0.032000
0 0.488250 0.511000 0.014500 0.011000
0 0.437500 0.339000 0.035000 0.027000
0 0.505000 0.417000 0.018000 0.017000
0 0.427000 0.368000 0.019000 0.020000
0 0.855000 0.590000 0.015000 0.018000
0 0.513500 0.524500 0.020000 0.024000
0 0.596500 0.512500 0.020000 0.023000
0 0.506250 0.487250 0.025500 0.026500
0 0.315500 0.475500 0.017000 0.019000
0 0.686500 0.373500 0.032000 0.031000
0 0.480500 0.404500 0.015000 0.019000
0 0.312000 0.574000 0.029000 0.029000
0 0.281000 0.313500 0.017000 0.020000
0 0.390000 0.876000 0.026000 0.021000
0 0.504000 0.442000 0.017000 0.017000
0 0.420500 0.408000 0.015000 0.020000
0 0.728000 0.844500 0.011000 0.015000
0 0.613500 0.740500 0.015000 0.017000
0 0.661500 0.418000 0.024000 0.024000
0 0.346500 0.474500 0.010000 0.010000
0 0.289500 0.359000 0.011000 0.009000
0 0.678000 0.245000 0.014000 0.015000
0 0.327500 0.793000 0.027000 0.026000
0 0.222500 0.594000 0.022000 0.020000
0 0.723000 0.490500 0.014000 0.018000
0 0.504500 0.466000 0.009000 0.010000
0 0.526000 0.305000 0.018000 0.018000
0 0.640000 0.545000 0.025000 0.027000
0 0.680500 0.616500 0.017000 0.017000
0 0.528500 0.447000 0.014000 0.021000
0 0.774000 0.492000 0.020000 0.019000
0 0.503000 0.761000 0.024000 0.017000
0 0.221500 0.426000 0.023000 0.022000
0 0.452500 0.736500 0.023000 0.026000
0 0.444000 0.540500 0.015000 0.014000
0 0.650500 0.485250 0.018000 0.026500
0 0.454500 0.812500 0.022000 0.022000
0 0.857500 0.638500 0.022000 0.031000
0 0.846000 0.548500 0.034000 0.021000
0 0.261000 0.642500 0.014000 0.013000
0 0.315000 0.586000 0.016000 0.016000
0 0.394500 0.214500 0.021000 0.019000
0 0.484500 0.544000 0.008000 0.008000
0 0.346000 0.540000 0.031000 0.032000
0 0.567500 0.358500 0.011000 0.010000
0 0.246500 0.735000 0.015000 0.016000
0 0.413000 0.686000 0.031000 0.031000
0 0.444000 0.894500 0.022000 0.025000
0 0.167500 0.414000 0.015000 0.017000
0 0.498500 0.497000 0.032000 0.031000
0 0.168500 0.602000 0.030000 0.028000
0 0.533000 0.600000 0.022000 0.017000
0 0.483000 0.499500 0.009000 0.011000
0 0.613000 0.578000 0.024000 0.018000
0 0.476500 0.523000 0.022000 0.018000
0 0.821000 0.752000 0.015000 0.014000
0 0.102000 0.379000 0.017000 0.014000
0 0.626000 0.827500 0.014000 0.009000
0 0.493000 0.552500 0.028000 0.019000
0 0.877500 0.515000 0.012000 0.011000
0 0.488500 0.467000 0.019000 0.028000
0 0.449000 0.903000 0.011000 0.013000
0 0.200000 0.516000 0.011000 0.014000
0 0.794500 0.428500 0.029000 0.026000
0 0.318000 0.313500 0.013000 0.010000
0 0.779500 0.570500 0.019000 0.024000
0 0.566000 0.355500 0.026000 0.020000
0 0.456500 0.493000 0.011000 0.009000
0 0.503500 0.484500 0.023000 0.023000
0 0.426000 0.760000 0.034000 0.033000
0 0.644500 0.377500 0.014000 0.019000
0 0.348000 0.707500 0.031000 0.032000
0 0.546500 0.571500 0.033000 0.032000
0 0.322500 0.281000 0.014000 0.014000
0 0.732000 0.596000 0.021000 0.023000
0 0.303500 0.628000 0.015000 0.020000
0 0.627500 0.567500 0.017000 0.020000
0 0.757500 0.269500 0.023000 0.016000
0 0.159500 0.614000 0.013000 0.009000
0 0.752500 0.775000 0.017000 0.017000
0 0.362500 0.589500 0.012000 0.013000
0 0.338000 0.263500 0.022000 0.016000
0 0.640500 0.442500 0.013000 0.014000
0 0.170500 0.448500 0.023000 0.028000
0 0.704500 0.353000 0.018000 0.015000
0 0.580500 0.219500 0.014000 0.013000
0 0.490500 0.695000 0.026000 0.025000
0 0.243000 0.497000 0.026000 0.025000
0 0.462500 0.578000 0.022000 0.022000
0 0.122500 0.469000 0.032000 0.032000
0 0.434500 0.603000 0.008000 0.009000
0 0.304000 0.348500 0.026000 0.021000
0 0.548000 0.109500 0.018000 0.019000
0 0.410500 0.353500 0.020000 0.015000
0 0.576500 0.820500 0.017000 0.016000
0 0.663000 0.164500 0.028000 0.026000
0 0.465500 0.635500 0.017000 0.015000
0 0.574500 0.360000 0.018000 0.013000
0 0.726000 0.312000 0.020000 0.014000
0 0.683000 0.392500 0.014000 0.013000
0 0.889500 0.496000 0.010000 0.013000
0 0.266500 0.848000 0.015000 0.012000
0 0.472000 0.113500 0.018000 0.019000
0 0.581500 0.528000 0.028000 0.025000
0 0.734000 0.777500 0.015000 0.014000
0 0.521500 0.620000 0.030000 0.031000
0 0.494500 0.501500 0.015000 0.019000
0 0.495000 0.438000 0.019000 0.020000
0 0.635500 0.638000 0.029000 0.031000
0 0.282000 0.739000 0.013000 0.013000
0 0.608000 0.475000 0.016000 0.016000
0 0.469000 0.329500 0.025000 0.017000
0 0.748500 0.577500 0.015000 0.015000
0 0.539750 0.278000 0.023500 0.021000
0 0.335000 0.625500 0.018000 0.021000
0 0.518500 0.557000 0.013000 0.014000
0 0.501000 0.480500 0.021000 0.019000
0 0.689750 0.216500 0.026500 0.019000
0 0.630000 0.857500 0.020000 0.023000
0 0.764500 0.610000 0.011000 0.014000
0 0.209500 0.345500 0.025000 0.021000
0 0.403000 0.472000 0.012000 0.011000
0 0.423000 0.563000 0.023000 0.029000
0 0.790500 0.660500 0.032000 0.033000
0 0.543000 0.471000 0.023000 0.026000
0 0.511000 0.474000 0.025000 0.025000
0 0.441500 0.612500 0.019000 0.019000
0 0.809500 0.381000 0.026000 0.025000
0 0.595500 0.232500 0.017000 0.014000
0 0.606000 0.620000 0.022000 0.021000
0 0.367000 0.192000 0.024000 0.022000
0 0.470500 0.691000 0.012000 0.012000
0 0.768500 0.241500 0.020000 0.024000
0 0.657000 0.383500 0.023000 0.019000
0 0.274500 0.334000 0.011000 0.011000
0 0.434000 0.448000 0.021000 0.018000
0 0.670500 0.434000 0.019000 0.018000
0 0.650500 0.420500 0.023000 0.024000
0 0.563000 0.563000 0.015000 0.013000
0 0.420500 0.542000 0.012000 0.012000
0 0.469500 0.662500 0.021000 0.023000
0 0.532000 0.354000 0.016000 0.015000
0 0.666500 0.188500 0.017000 0.025000
0 0.565500 0.403500 0.013000 0.013000
0 0.405000 0.568000 0.033000 0.031000
0 0.605000 0.332000 0.015000 0.017000
0 0.472000 0.512000 0.020000 0.019000
0 0.385500 0.690000 0.028000 0.022000
0 0.470000 0.231000 0.014000 0.011000
0 0.474000 0.435500 0.015000 0.014000
0 0.409500 0.460000 0.022000 0.021000
0 0.258500 0.600500 0.011000 0.012000
0 0.299250 0.801500 0.017500 0.012000
0 0.549500 0.293500 0.030000 0.029000
0 0.231500 0.550750 0.008000 0.011500
0 0.153000 0.423000 0.018000 0.019000
0 0.713500 0.152000 0.017000 0.021000
0 0.272000 0.186500 0.018000 0.020000
0 0.450500 0.450000 0.024000 0.024000
0 0.403000 0.831000 0.018000 0.019000
0 0.205000 0.740000 0.019000 0.022000
0 0.486500 0.489000 0.030000 0.025000
0 0.575000 0.436000 0.030000 0.030000
0 0.406000 0.760500 0.030000 0.025000
0 0.145500 0.414500 0.023000 0.030000
0 0.538500 0.695500 0.028000 0.031000
0 0.733500 0.554500 0.030000 0.028000
0 0.398000 0.571000 0.029000 0.027000
0 0.413500 0.206000 0.018000 0.018000
0 0.498500 0.490000 0.019000 0.021000
0 0.523500 0.542500 0.019000 0.011000
0 0.475500 0.089000 0.016000 0.013000
0 0.623500 0.494000 0.018000 0.032000
0 0.508500 0.484250 0.010000 0.014500
0 0.530500 0.575500 0.027000 0.024000
0 0.590500 0.642500 0.020000 0.021000
0 0.664000 0.773500 0.018000 0.026000
0 0.753500 0.398000 0.015000 0.015000
0 0.605000 0.549000 0.018000 0.019000
0 0.496500 0.520500 0.016000 0.012000
0 0.444500 0.420500 0.015000 0.018000
0 0.572500 0.407000 0.023000 0.021000
0 0.451000 0.763000 0.016000 0.015000
0 0.427500 0.537500 0.016000 0.017000
0 0.456000 0.592000 0.022000 0.022000
0 0.553000 0.101000 0.034000 0.025000
0 0.309000 0.634000 0.014000 0.017000
0 0.232000 0.575500 0.036000 0.019000
0 0.704500 0.407500 0.016000 0.017000
0 0.901500 0.523500 0.018000 0.015000
0 0.589000 0.399500 0.011000 0.015000
0 0.759000 0.204500 0.017000 0.017000
0 0.470500 0.484000 0.024000 0.023000
0 0.532000 0.333000 0.022000 0.018000
0 0.568000 0.283000 0.026000 0.027000
0 0.619250 0.389000 0.011500 0.009000
0 0.780500 0.650500 0.022000 0.019000
0 0.577000 0.407000 0.013000 0.017000
0 0.537000 0.544500 0.021000 0.021000
0 0.455500 0.505000 0.024000 0.029000
0 0.528500 0.874000 0.016000 0.016000
0 0.400500 0.653500 0.012000 0.016000
0 0.616500 0.300000 0.019000 0.019000
0 0.549500 0.255500 0.014000 0.021000
0 0.622000 0.607000 0.034000 0.022000
0 0.800500 0.447500 0.017000 0.026000
0 0.612500 0.612500 0.016000 0.020000
0 0.389500 0.570000 0.023000 0.024000
0 0.593000 0.470500 0.023000 0.023000
0 0.878000 0.536500 0.017000 0.022000
0 0.557500 0.441500 0.023000 0.022000
0 0.598000 0.422250 0.019000 0.023500
0 0.636500 0.862500 0.029000 0.034000
0 0.569000 0.557500 0.012000 0.011000
0 0.415500 0.240500 0.015000 0.015000
0 0.682000 0.866500 0.013000 0.016000
0 0.669000 0.682500 0.035000 0.031000
0 0.425000 0.490000 0.023000 0.022000
0 0.851500 0.484500 0.015000 0.015000
0 0.514000 0.413500 0.030000 0.029000
0 0.387000 0.702000 0.013000 0.012000
0 0.673000 0.388500 0.011000 0.013000
0 0.527500 0.241000 0.020000 0.025000
0 0.779000 0.338500 0.012000 0.010000
0 0.544000 0.258500 0.024000 0.023000
0 0.113000 0.468500 0.017000 0.020000
0 0.633500 0.491000 0.029000 0.017000
0 0.463000 0.293500 0.012000 0.013000
0 0.866000 0.414500 0.025000 0.019000
0 0.546500 0.340500 0.029000 0.028000
0 0.397500 0.231000 0.017000 0.019000
0 0.773500 0.595500 0.020000 0.025000
0 0.286000 0.528000 0.028000 0.028000
0 0.282000 0.782500 0.012000 0.015000
0 0.562000 0.560000 0.014000 0.013000
0 0.451000 0.558500 0.014000 0.009000
0 0.164000 0.276000 0.012000 0.011000
0 0.605500 0.279000 0.020000 0.019000
0 0.478000 0.253500 0.028000 0.025000
0 0.516000 0.746750 0.012000 0.017500
0 0.671500 0.132500 0.017000 0.017000
0 0.340000 0.278000 0.020000 0.020000
0 0.622000 0.628000 0.010000 0.008000
0 0.458000 0.198000 0.025000 0.032000
0 0.401500 0.486500 0.014000 0.013000
0 0.260000 0.826500 0.029000 0.028000
0 0.199000 0.352500 0.017000 0.025000
0 0.816000 0.596000 0.023000 0.024000
0 0.393000 0.541000 0.015000 0.013000
0 0.414500 0.615500 0.015000 0.012000
0 0.476000 0.495500 0.021000 0.019000
0 0.528000 0.466500 0.031000 0.031000
0 0.131000 0.532500 0.024000 0.020000
0 0.835000 0.475500 0.024000 0.023000
0 0.255500 0.477500 0.017000 0.016000
0 0.587000 0.176000 0.014000 0.014000
0 0.295500 0.506000 0.020000 0.024000
0 0.451500 0.266000 0.028000 0.028000
0 0.753500 0.583000 0.021000 0.026000
0 0.643250 0.596000 0.011500 0.008000
0 0.492000 0.246000 0.016000 0.014000
0 0.492000 0.416000 0.024000 0.026000
0 0.559500 0.675500 0.012000 0.016000
0 0.362500 0.158500 0.020000 0.019000
0 0.419000 0.559000 0.021000 0.019000
0 0.499000 0.121000 0.029000 0.016000
0 0.613000 0.524000 0.019000 0.016000
0 0.509000 0.541000 0.028000 0.030000
0 0.325500 0.726000 0.010000 0.016000
0 0.574500 0.266000 0.011000 0.009000
0 0.388000 0.772000 0.029000 0.029000
0 0.677000 0.592000 0.013000 0.011000
0 0.614500 0.483000 0.018000 0.017000
0 0.459500 0.438000 0.016000 0.014000
0 0.542000 0.601500 0.020000 0.022000
0 0.664000 0.475750 0.027000 0.029500
0 0.364500 0.299000 0.022000 0.019000
0 0.511500 0.706000 0.026000 0.025000
0 0.425500 0.521000 0.016000 0.014000
0 0.441500 0.680000 0.015000 0.020000
0 0.683500 0.441500 0.029000 0.022000
0 0.490000 0.611500 0.013000 0.015000
0 0.224500 0.721500 0.020000 0.019000
0 0.577000 0.452500 0.014000 0.015000
0 0.554500 0.739500 0.028000 0.030000
0 0.306500 0.682000 0.020000 0.020000
0 0.452000 0.385500 0.026000 0.028000
0 0.695000 0.774000 0.016000 0.017000