0 0.505500 0.593000 0.010000 0.011000
0 0.471500 0.504500 0.022000 0.017000
0 0.526000 0.472000 0.021000 0.023000
0 0.650500 0.691000 0.023000 0.032000
0 0.762500 0.564000 0.020000 0.020000
0 0.398000 0.188500 0.019000 0.018000
0 0.677000 0.242500 0.033000 0.030000
0 0.393000 0.485500 0.013000 0.013000
0 0.459000 0.586000 0.010000 0.014000
0 0.296500 0.582000 0.018000 0.021000
0 0.148000 0.697500 0.013000 0.010000
0 0.383000 0.480000 0.015000 0.019000
0 0.586500 0.556500 0.012000 0.014000
0 0.517000 0.574500 0.014000 0.015000
0 0.552000 0.455250 0.014000 0.020500
0 0.396500 0.452250 0.021000 0.029500
0 0.636000 0.359000 0.017000 0.018000
0 0.549500 0.552500 0.017000 0.026000
0 0.498500 0.481000 0.019000 0.019000
0 0.539500 0.365000 0.018000 0.022000
0 0.891000 0.405500 0.028000 0.025000
0 0.659500 0.548500 0.024000 0.025000
0 0.617500 0.322500 0.021000 0.021000
0 0.445000 0.508000 0.017000 0.016000
0 0.572000 0.163500 0.026000 0.025000
0 0.097500 0.582000 0.021000 0.021000
0 0.684000 0.624000 0.015000 0.022000
0 0.712000 0.378000 0.013000 0.012000
0 0.430500 0.197500 0.025000 0.023000
0 0.314500 0.158000 0.013000 0.012000
0 0.477500 0.611500 0.026000 0.023000
0 0.564000 0.474500 0.015000 0.014000
0 0.242500 0.618500 0.021000 0.020000
0 0.515500 0.564500 0.009000 0.011000
0 0.394500 0.815000 0.015000 0.015000
0 0.768000 0.278000 0.021000 0.025000
0 0.650000 0.723500 0.027000 0.020000
0 0.439000 0.375000 0.026000 0.022000
0 0.522500 0.172000 0.027000 0.021000
0 0.551000 0.643000 0.019000 0.017000
0 0.718500 0.224000 0.013000 0.014000
0 0.294500 0.458000 0.015000 0.014000
0 0.507500 0.398500 0.012000 0.012000
0 0.520000 0.789000 0.018000 0.017000
0 0.649000 0.838500 0.016000 0.017000
0 0.507500 0.218000 0.024000 0.019000
0 0.821000 0.436500 0.009000 0.013000
0 0.520500 0.355500 0.020000 0.015000
0 0.411000 0.483000 0.024000 0.019000
0 0.574500 0.410500 0.029000 0.030000
0 0.255500 0.192500 0.015000 0.019000
0 0.813500 0.336500 0.014000 0.013000
0 0.622500 0.753500 0.026000 0.024000
0 0.364000 0.802500 0.010000 0.012000
0 0.798500 0.622000 0.014000 0.015000
0 0.450000 0.532500 0.014000 0.014000
0 0.500500 0.430000 0.020000 0.018000
0 0.513000 0.340000 0.011000 0.010000
0 0.122000 0.374000 0.015000 0.013000
0 0.457000 0.491000 0.022000 0.019000
0 0.469000 0.584500 0.020000 0.024000
0 0.364500 0.450000 0.024000 0.018000
0 0.522000 0.528000 0.010000 0.009000
0 0.338500 0.547000 0.031000 0.032000
0 0.528500 0.538500 0.022000 0.018000
0 0.487500 0.660000 0.013000 0.018000
0 0.487000 0.352500 0.025000 0.025000
0 0.423500 0.352500 0.019000 0.028000
0 0.114000 0.549500 0.022000 0.025000
0 0.394500 0.544500 0.021000 0.019000
0 0.547500 0.575500 0.026000 0.029000
0 0.428000 0.601000 0.010000 0.012000
0 0.428500 0.648750 0.011000 0.014500
0 0.651500 0.168500 0.021000 0.022000
0 0.644500 0.547000 0.021000 0.023000
0 0.269000 0.525500 0.021000 0.019000
0 0.519000 0.811000 0.021000 0.025000
0 0.654000 0.636000 0.017000 0.012000
0 0.498500 0.499000 0.011000 0.012000
0 0.532500 0.355500 0.016000 0.016000
0 0.579000 0.669500 0.017000 0.013000
0 0.539000 0.663500 0.024000 0.019000
0 0.613000 0.546500 0.019000 0.019000
0 0.511500 0.508500 0.016000 0.016000
0 0.588000 0.372500 0.018000 0.024000
0 0.608500 0.357000 0.023000 0.023000
0 0.279000 0.253500 0.008000 0.008000
0 0.315500 0.519000 0.014000 0.010000
0 0.366000 0.390000 0.016000 0.016000
0 0.668000 0.192000 0.018000 0.022000
0 0.538000 0.653500 0.016000 0.017000
0 0.521000 0.662000 0.025000 0.027000
0 0.629500 0.470500 0.025000 0.018000
0 0.885000 0.567000 0.023000 0.016000
0 0.610000 0.192500 0.020000 0.020000
0 0.166500 0.314500 0.012000 0.009000
0 0.510000 0.657000 0.018000 0.019000
0 0.772500 0.760500 0.019000 0.018000
0 0.826000 0.285000 0.013000 0.011000
0 0.334000 0.766500 0.009000 0.012000
0 0.688000 0.450500 0.026000 0.025000
0 0.593000 0.448000 0.021000 0.022000
0 0.595000 0.808000 0.019000 0.018000
0 0.235000 0.713500 0.017000 0.016000
0 0.492500 0.426000 0.016000 0.020000
0 0.327500 0.534500 0.027000 0.022000
0 0.885000 0.643000 0.009000 0.008000
0 0.620000 0.512500 0.026000 0.028000
0 0.170000 0.757500 0.016000 0.015000
0 0.477500 0.755000 0.017000 0.017000
0 0.342500 0.300000 0.023000 0.022000
0 0.633500 0.320000 0.015000 0.014000
0 0.188250 0.301750 0.021500 0.021500
0 0.141000 0.580500 0.017000 0.019000
0 0.687500 0.469500 0.020000 0.019000
0 0.722000 0.403500 0.028000 0.030000
0 0.690500 0.405500 0.026000 0.023000
0 0.321000 0.316000 0.013000 0.010000
0 0.606000 0.739500 0.014000 0.016000
0 0.649500 0.708000 0.017000 0.017000
0 0.432000 0.822500 0.019000 0.030000
0 0.388500 0.642500 0.025000 0.030000
0 0.168000 0.546000 0.020000 0.015000
0 0.156000 0.478000 0.024000 0.024000
0 0.753500 0.731000 0.027000 0.032000
0 0.470000 0.577000 0.029000 0.028000
0 0.497000 0.735000 0.022000 0.025000
0 0.365500 0.750000 0.022000 0.016000
0 0.763000 0.731000 0.021000 0.019000
0 0.385000 0.458500 0.015000 0.020000
0 0.112000 0.367500 0.019000 0.018000
0 0.277000 0.398500 0.021000 0.022000
0 0.476500 0.413000 0.024000 0.022000
0 0.334000 0.134500 0.014000 0.026000
0 0.605000 0.371000 0.015000 0.016000
0 0.419500 0.339500 0.016000 0.019000
0 0.213000 0.665500 0.023000 0.025000
0 0.898000 0.584000 0.025000 0.030000
0 0.502000 0.749500 0.011000 0.010000
0 0.492000 0.514000 0.019000 0.019000
0 0.490000 0.548500 0.025000 0.019000
0 0.337000 0.788500 0.022000 0.021000
0 0.446500 0.354000 0.014000 0.015000
0 0.487500 0.687500 0.023000 0.025000
0 0.344000 0.364500 0.026000 0.021000
0 0.702500 0.174500 0.020000 0.022000
0 0.680000 0.462500 0.023000 0.021000
0 0.287500 0.295000 0.026000 0.025000
0 0.332750 0.476500 0.020500 0.020000
0 0.558000 0.512500 0.029000 0.030000
0 0.624500 0.304000 0.014000 0.017000
0 0.843500 0.351500 0.030000 0.031000
0 0.500500 0.763500 0.024000 0.021000
0 0.643000 0.144500 0.020000 0.027000
0 0.264500 0.831000 0.017000 0.015000
0 0.460000 0.245000 0.019000 0.026000
0 0.559000 0.771000 0.021000 0.021000
0 0.410000 0.108500 0.015000 0.015000
0 0.242000 0.346500 0.017000 0.016000
0 0.409500 0.347500 0.027000 0.029000
0 0.621000 0.810500 0.029000 0.031000
0 0.573000 0.206000 0.032000 0.028000
0 0.508000 0.429500 0.015000 0.009000
0 0.813000 0.454000 0.020000 0.020000
0 0.521500 0.626000 0.017000 0.020000
0 0.765500 0.425500 0.017000 0.015000
0 0.859500 0.552500 0.025000 0.024000
0 0.463500 0.307500 0.016000 0.016000
0 0.551000 0.738000 0.013000 0.009000
0 0.474500 0.468000 0.012000 0.012000
0 0.847500 0.283000 0.031000 0.034000
0 0.217500 0.367500 0.016000 0.019000
0 0.726000 0.323000 0.027000 0.023000
0 0.259500 0.473000 0.020000 0.022000
0 0.582000 0.817500 0.015000 0.014000
0 0.361000 0.867000 0.019000 0.020000
0 0.176500 0.272500 0.016000 0.020000
0 0.495000 0.119000 0.031000 0.032000
0 0.732500 0.238500 0.019000 0.019000
0 0.290000 0.500500 0.022000 0.016000
0 0.583000 0.490000 0.017000 0.014000
0 0.541000 0.719500 0.010000 0.011000
0 0.497000 0.877500 0.011000 0.018000
0 0.634500 0.579500 0.021000 0.020000
0 0.481000 0.524000 0.022000 0.020000
0 0.748500 0.456000 0.022000 0.027000
0 0.693000 0.695250 0.014000 0.020500
0 0.389000 0.703000 0.018000 0.022000
0 0.756000 0.374500 0.019000 0.018000
0 0.534500 0.583000 0.018000 0.018000
0 0.461500 0.853500 0.018000 0.015000
0 0.296000 0.604500 0.024000 0.020000
0 0.244500 0.228000 0.020000 0.028000
0 0.210000 0.626500 0.018000 0.019000
0 0.711500 0.701500 0.029000 0.029000
0 0.545000 0.391000 0.014000 0.012000
0 0.498500 0.563000 0.019000 0.015000
0 0.333000 0.681500 0.011000 0.010000
0 0.422500 0.641500 0.027000 0.024000
0 0.568500 0.461500 0.011000 0.012000
0 0.597500 0.845000 0.020000 0.016000
0 0.804500 0.487500 0.026000 0.021000
0 0.642500 0.227500 0.022000 0.017000
0 0.591500 0.523500 0.026000 0.021000
0 0.430000 0.640000 0.024000 0.025000
0 0.842000 0.268500 0.019000 0.019000
0 0.585000 0.664500 0.017000 0.012000
0 0.194500 0.747000 0.014000 0.017000
0 0.528500 0.503000 0.009000 0.010000
0 0.582000 0.624500 0.017000 0.018000
0 0.442000 0.338500 0.014000 0.014000
0 0.484000 0.570000 0.021000 0.018000
0 0.399500 0.822000 0.020000 0.016000
0 0.678500 0.350500 0.022000 0.022000
0 0.184000 0.235000 0.015000 0.014000
0 0.098500 0.457500 0.022000 0.021000
0 0.182000 0.467000 0.020000 0.021000
0 0.479500 0.508000 0.035000 0.035000
0 0.777500 0.785000 0.016000 0.018000
0 0.528500 0.671500 0.021000 0.021000
0 0.449500 0.736000 0.022000 0.022000
0 0.344000 0.393000 0.018000 0.020000
0 0.332500 0.567500 0.016000 0.016000
0 0.437500 0.670000 0.027000 0.028000
0 0.204000 0.547000 0.016000 0.018000
0 0.488500 0.485500 0.015000 0.018000
0 0.241500 0.730000 0.025000 0.023000
0 0.398500 0.704500 0.031000 0.030000
0 0.560500 0.619000 0.015000 0.014000
0 0.460500 0.530500 0.028000 0.028000
0 0.278500 0.302500 0.028000 0.024000
0 0.523500 0.302500 0.018000 0.020000
0 0.501000 0.839500 0.016000 0.013000
0 0.803500 0.320500 0.030000 0.029000
0 0.539000 0.537000 0.031000 0.024000
0 0.291000 0.468500 0.014000 0.016000
0 0.604000 0.484500 0.015000 0.015000
0 0.480500 0.498500 0.024000 0.026000
0 0.208000 0.234500 0.016000 0.015000
0 0.327500 0.402500 0.022000 0.023000
0 0.721000 0.215500 0.029000 0.028000
0 0.152000 0.531500 0.021000 0.028000
0 0.718500 0.746000 0.016000 0.017000
0 0.833000 0.247000 0.024000 0.018000
0 0.660000 0.504000 0.012000 0.013000
0 0.673500 0.736000 0.027000 0.026000
0 0.391000 0.586500 0.022000 0.020000
0 0.848000 0.471000 0.023000 0.027000
0 0.513500 0.533000 0.026000 0.020000
0 0.723000 0.558500 0.026000 0.021000
0 0.395500 0.420000 0.011000 0.010000
0 0.294000 0.543000 0.014000 0.013000
0 0.235500 0.611000 0.018000 0.023000
0 0.445500 0.522500 0.018000 0.018000
0 0.497000 0.104000 0.014000 0.024000
0 0.392000 0.468000 0.018000 0.018000
0 0.518500 0.430500 0.016000 0.023000
0 0.700500 0.824500 0.016000 0.019000
0 0.535500 0.496500 0.023000 0.029000
0 0.662000 0.200000 0.013000 0.018000
0 0.614000 0.591500 0.018000 0.016000
0 0.466500 0.372000 0.012000 0.013000
0 0.261000 0.373500 0.023000 0.031000
0 0.281500 0.272500 0.012000 0.012000
0 0.812000 0.646000 0.021000 0.022000
0 0.499000 0.488500 0.036000 0.029000
0 0.503000 0.582000 0.020000 0.021000
0 0.536500 0.147000 0.016000 0.017000
0 0.478500 0.355000 0.021000 0.025000
0 0.736000 0.476500 0.023000 0.021000
0 0.427000 0.666000 0.018000 0.023000
0 0.552500 0.603000 0.024000 0.024000
0 0.203500 0.385500 0.012000 0.013000
0 0.634000 0.806500 0.027000 0.025000
0 0.466500 0.474500 0.028000 0.020000
0 0.402000 0.644000 0.023000 0.020000
0 0.668500 0.667000 0.029000 0.033000
0 0.781000 0.473500 0.016000 0.015000
0 0.511500 0.607000 0.015000 0.018000
0 0.453500 0.686500 0.021000 0.019000
0 0.685000 0.362500 0.016000 0.018000
0 0.714000 0.709500 0.019000 0.021000
0 0.543500 0.516500 0.031000 0.021000
0 0.699000 0.170000 0.020000 0.030000
0 0.748500 0.224000 0.014000 0.010000
0 0.702000 0.203000 0.016000 0.017000
0 0.496500 0.397500 0.026000 0.025000
0 0.658000 0.761000 0.023000 0.024000
0 0.453500 0.488000 0.028000 0.026000
0 0.667500 0.302500 0.028000 0.031000
0 0.432500 0.432000 0.014000 0.015000
0 0.455500 0.474500 0.013000 0.015000
0 0.425500 0.480000 0.026000 0.025000
0 0.346000 0.534500 0.031000 0.022000
0 0.819000 0.653500 0.024000 0.022000
0 0.442000 0.462500 0.023000 0.023000
0 0.492500 0.465000 0.015000 0.015000
0 0.349000 0.263000 0.031000 0.016000
0 0.416500 0.502500 0.022000 0.023000
0 0.496000 0.502500 0.022000 0.023000
0 0.401000 0.548500 0.016000 0.015000
0 0.627500 0.454000 0.016000 0.021000
0 0.617500 0.537500 0.028000 0.030000
0 0.566000 0.373500 0.015000 0.014000
0 0.236500 0.366500 0.013000 0.019000
0 0.480500 0.424000 0.019000 0.029000
0 0.341000 0.450000 0.011000 0.014000
0 0.305000 0.359500 0.023000 0.028000
0 0.418500 0.897000 0.018000 0.017000
0 0.625500 0.776500 0.033000 0.031000
0 0.507500 0.502000 0.019000 0.017000
0 0.669000 0.455500 0.017000 0.015000
0 0.647500 0.768000 0.016000 0.019000
0 0.634000 0.282500 0.014000 0.013000
0 0.410000 0.364000 0.022000 0.023000
0 0.501500 0.379000 0.020000 0.016000
0 0.662500 0.745500 0.025000 0.025000
0 0.557500 0.524000 0.025000 0.023000
0 0.640000 0.190500 0.018000 0.015000
0 0.865500 0.362500 0.026000 0.029000
0 0.457000 0.626500 0.011000 0.013000
0 0.723000 0.328000 0.029000 0.024000
0 0.441500 0.607500 0.024000 0.027000
0 0.180500 0.457500 0.028000 0.031000
0 0.379000 0.524000 0.024000 0.026000
0 0.658000 0.125500 0.030000 0.030000
0 0.203500 0.342000 0.018000 0.017000
0 0.124500 0.333000 0.012000 0.011000
0 0.706500 0.635500 0.021000 0.026000
0 0.562000 0.244500 0.025000 0.026000
0 0.185000 0.403000 0.020000 0.021000
0 0.557000 0.640000 0.024000 0.026000
0 0.185500 0.425500 0.023000 0.025000
0 0.810500 0.673500 0.019000 0.020000
0 0.443000 0.362000 0.012000 0.012000
0 0.495000 0.126500 0.015000 0.016000
0 0.315000 0.668000 0.017000 0.015000
0 0.136000 0.310000 0.019000 0.017000
0 0.451500 0.641000 0.031000 0.019000
0 0.440000 0.702000 0.016000 0.016000
0 0.822500 0.670500 0.012000 0.013000
0 0.587000 0.244500 0.022000 0.022000
0 0.593000 0.414500 0.012000 0.016000
0 0.824000 0.617000 0.027000 0.024000
0 0.646500 0.794000 0.022000 0.024000
0 0.694000 0.270000 0.017000 0.017000
0 0.628000 0.230500 0.017000 0.019000
0 0.816000 0.361500 0.016000 0.016000
0 0.600000 0.497000 0.012000 0.011000
0 0.525500 0.399500 0.025000 0.027000
0 0.505000 0.474500 0.028000 0.021000
0 0.631000 0.707500 0.025000 0.025000
0 0.159000 0.690500 0.025000 0.023000
0 0.595500 0.754500 0.014000 0.019000
0 0.308500 0.435000 0.028000 0.026000
0 0.469000 0.509500 0.020000 0.021000
0 0.536000 0.692000 0.011000 0.014000
0 0.627000 0.406000 0.024000 0.025000
0 0.157000 0.712500 0.022000 0.028000
0 0.379000 0.152000 0.018000 0.015000
0 0.552000 0.766000 0.024000 0.021000
0 0.709000 0.465500 0.018000 0.019000
0 0.570500 0.668500 0.027000 0.027000
0 0.235000 0.737500 0.023000 0.020000
0 0.218000 0.296500 0.020000 0.022000
0 0.393000 0.528000 0.021000 0.022000
0 0.691500 0.157500 0.029000 0.024000
0 0.576500 0.688500 0.011000 0.011000
0 0.323500 0.414000 0.031000 0.035000
0 0.512000 0.227000 0.024000 0.021000
0 0.622500 0.483000 0.023000 0.019000
0 0.356000 0.849000 0.030000 0.023000
0 0.649000 0.385000 0.022000 0.024000
0 0.403000 0.615500 0.031000 0.022000
0 0.608000 0.566500 0.020000 0.021000
0 0.863500 0.456000 0.012000 0.019000
0 0.365500 0.381500 0.024000 0.031000
0 0.504500 0.506500 0.025000 0.024000
0 0.160500 0.716500 0.023000 0.026000
0 0.460500 0.533000 0.025000 0.021000
0 0.429500 0.736500 0.019000 0.018000
0 0.844000 0.347000 0.026000 0.023000
0 0.147500 0.407000 0.012000 0.017000
0 0.384500 0.534000 0.011000 0.011000
0 0.502000 0.182500 0.029000 0.032000
0 0.376500 0.453000 0.010000 0.010000
0 0.742500 0.573500 0.015000 0.013000
0 0.444500 0.554500 0.019000 0.028000
0 0.468500 0.365500 0.012000 0.015000
0 0.438500 0.645000 0.020000 0.023000
0 0.379000 0.548500 0.023000 0.017000
0 0.501000 0.894000 0.020000 0.021000
0 0.798500 0.521750 0.018000 0.026500
0 0.491000 0.826500 0.014000 0.014000
0 0.604000 0.609000 0.021000 0.021000
0 0.811000 0.568500 0.011000 0.012000
0 0.707000 0.657500 0.025000 0.028000
0 0.791500 0.657500 0.029000 0.025000
0 0.570000 0.804000 0.020000 0.019000
0 0.393000 0.535000 0.011000 0.014000
0 0.278000 0.196000 0.019000 0.018000
0 0.621000 0.465000 0.014000 0.017000
0 0.882000 0.482500 0.019000 0.016000
0 0.582500 0.278500 0.020000 0.023000
0 0.447000 0.462000 0.014000 0.022000
0 0.840500 0.301750 0.008000 0.011500
0 0.771500 0.568500 0.020000 0.018000
0 0.530500 0.478500 0.019000 0.021000
0 0.279500 0.673000 0.016000 0.021000
0 0.838000 0.547250 0.016000 0.020500
0 0.650500 0.446500 0.019000 0.022000
0 0.571500 0.534500 0.015000 0.015000
0 0.526500 0.445500 0.021000 0.018000
0 0.703500 0.315000 0.015000 0.014000
0 0.253750 0.785500 0.017500 0.013000
0 0.667000 0.599000 0.026000 0.025000
0 0.364000 0.301000 0.019000 0.025000
0 0.428750 0.315500 0.029500 0.021000
0 0.524500 0.503500 0.016000 0.014000
0 0.201500 0.279750 0.022000 0.032500
0 0.512500 0.184500 0.016000 0.021000
0 0.656500 0.653500 0.023000 0.016000
0 0.662000 0.449500 0.014000 0.012000
0 0.634500 0.226000 0.018000 0.015000
0 0.326000 0.506000 0.020000 0.019000
0 0.435500 0.524000 0.014000 0.014000
0 0.120000 0.646500 0.022000 0.017000
0 0.499500 0.504500 0.018000 0.016000
0 0.685500 0.689000 0.018000 0.014000
0 0.383000 0.331000 0.028000 0.025000
0 0.367500 0.308250 0.017000 0.020500
0 0.396000 0.555500 0.027000 0.027000
0 0.126000 0.511500 0.024000 0.024000
0 0.683000 0.269000 0.029000 0.019000
0 0.339500 0.616000 0.030000 0.024000
0 0.631500 0.380500 0.014000 0.017000
0 0.514000 0.483500 0.024000 0.023000
0 0.263000 0.744000 0.019000 0.021000
0 0.419500 0.493500 0.016000 0.016000
0 0.541000 0.480000 0.026000 0.022000
0 0.410500 0.763000 0.025000 0.026000
0 0.697500 0.705000 0.025000 0.027000
0 0.424500 0.238500 0.026000 0.026000
0 0.417500 0.401500 0.012000 0.011000
0 0.484500 0.184000 0.017000 0.016000
0 0.352000 0.198000 0.036000 0.031000
0 0.534500 0.469000 0.020000 0.021000
0 0.104500 0.415000 0.013000 0.013000
0 0.273500 0.148000 0.012000 0.016000
0 0.531000 0.574000 0.029000 0.027000
0 0.854000 0.544000 0.013000 0.017000
0 0.779000 0.367000 0.019000 0.020000
0 0.566000 0.403000 0.022000 0.023000
0 0.802500 0.739000 0.023000 0.019000
0 0.615500 0.576500 0.011000 0.012000
0 0.871000 0.579500 0.019000 0.017000
0 0.371000 0.756500 0.026000 0.024000
0 0.398500 0.601000 0.017000 0.016000
0 0.773000 0.191000 0.025000 0.020000
0 0.353500 0.254000 0.021000 0.020000
0 0.763000 0.333000 0.016000 0.015000
0 0.866000 0.498000 0.011000 0.013000
0 0.532500 0.512000 0.024000 0.019000
0 0.871500 0.462000 0.010000 0.012000
0 0.637500 0.162000 0.012000 0.012000
0 0.366000 0.663000 0.017000 0.012000
0 0.480500 0.396000 0.031000 0.030000
0 0.718000 0.598000 0.023000 0.017000
0 0.560500 0.233000 0.014000 0.017000
0 0.413000 0.277000 0.024000 0.023000
0 0.725500 0.197500 0.013000 0.015000
0 0.504000 0.421500 0.013000 0.010000
0 0.796000 0.667500 0.025000 0.026000
0 0.513000 0.175500 0.012000 0.012000
0 0.775500 0.447000 0.021000 0.017000
0 0.390000 0.324000 0.012000 0.020000
0 0.447500 0.422500 0.011000 0.014000
0 0.544500 0.463500 0.027000 0.026000
0 0.497000 0.831000 0.016000 0.019000
0 0.525500 0.682500 0.021000 0.022000
0 0.516000 0.494000 0.019000 0.021000
0 0.647000 0.278500 0.020000 0.023000
0 0.111500 0.387500 0.013000 0.013000
0 0.433000 0.479500 0.018000 0.021000
0 0.611500 0.449000 0.015000 0.017000
0 0.588000 0.609500 0.014000 0.014000
0 0.383500 0.429500 0.019000 0.019000
0 0.393500 0.388000 0.013000 0.014000
0 0.217500 0.429500 0.011000 0.013000
0 0.506500 0.542500 0.012000 0.012000
0 0.267500 0.489000 0.028000 0.027000
0 0.458500 0.374000 0.025000 0.027000
0 0.129500 0.354000 0.019000 0.013000
0 0.495500 0.407500 0.010000 0.010000
0 0.786000 0.647750 0.018000 0.026500
0 0.563000 0.593000 0.022000 0.022000
0 0.569000 0.520500 0.022000 0.019000
0 0.488000 0.471000 0.016000 0.013000
0 0.375000 0.762000 0.015000 0.015000
0 0.194500 0.458500 0.015000 0.019000
0 0.269500 0.205000 0.024000 0.025000
0 0.446000 0.447500 0.014000 0.015000
0 0.643000 0.748500 0.027000 0.022000
0 0.679000 0.301000 0.016000 0.014000
0 0.720000 0.715500 0.023000 0.022000
0 0.528500 0.796000 0.014000 0.014000
0 0.490000 0.145000 0.030000 0.026000
0 0.635000 0.784000 0.013000 0.009000
0 0.344500 0.485000 0.027000 0.028000
0 0.710000 0.198500 0.023000 0.032000
0 0.596500 0.479000 0.030000 0.031000
0 0.625500 0.519000 0.012000 0.018000
0 0.805000 0.431000 0.013000 0.009000
0 0.268500 0.455000 0.019000 0.018000
0 0.664500 0.399500 0.025000 0.023000
0 0.733000 0.603000 0.018000 0.013000
0 0.410500 0.197000 0.012000 0.012000
0 0.659000 0.608000 0.014000 0.014000
0 0.462000 0.637500 0.030000 0.030000
0 0.595000 0.483000 0.010000 0.013000
0 0.537500 0.504000 0.033000 0.031000
0 0.672000 0.646500 0.018000 0.018000
0 0.603500 0.308000 0.032000 0.032000
0 0.647500 0.503500 0.022000 0.022000
0 0.483000 0.918000 0.013000 0.014000
0 0.549000 0.538500 0.010000 0.017000
0 0.726000 0.396000 0.012000 0.011000
0 0.373000 0.682500 0.013000 0.013000
0 0.541500 0.251000 0.016000 0.017000
0 0.863500 0.701500 0.027000 0.027000
0 0.552000 0.405500 0.017000 0.013000
0 0.542500 0.809500 0.016000 0.015000
0 0.672500 0.801000 0.013000 0.010000
0 0.378500 0.837000 0.026000 0.022000
0 0.242000 0.479500 0.025000 0.026000
0 0.220000 0.804500 0.025000 0.024000
0 0.513500 0.553500 0.021000 0.022000
0 0.803500 0.396500 0.025000 0.026000
0 0.239750 0.750000 0.011500 0.008000
0 0.544500 0.427500 0.015000 0.014000
0 0.300500 0.199500 0.009000 0.016000
0 0.358500 0.494500 0.022000 0.023000
0 0.630500 0.656000 0.021000 0.020000
0 0.744500 0.547500 0.013000 0.018000
0 0.497750 0.469500 0.023500 0.024000
0 0.525000 0.517000 0.024000 0.021000
0 0.188500 0.446500 0.021000 0.023000
0 0.554500 0.833000 0.010000 0.013000
0 0.188500 0.660000 0.017000 0.019000
0 0.607000 0.352000 0.019000 0.021000
0 0.594500 0.603000 0.021000 0.032000
0 0.655000 0.521000 0.029000 0.024000
0 0.532250 0.796500 0.026500 0.019000
0 0.590500 0.771000 0.021000 0.019000
0 0.493500 0.498250 0.021000 0.026500
0 0.540500 0.495000 0.012000 0.017000
0 0.463000 0.613250 0.009000 0.011500
0 0.768500 0.608000 0.009000 0.010000
0 0.182500 0.746000 0.014000 0.013000
0 0.470000 0.385000 0.010000 0.012000
0 0.633500 0.673500 0.012000 0.012000
0 0.836000 0.613000 0.009000 0.012000
0 0.588000 0.525500 0.030000 0.022000
0 0.581500 0.746000 0.021000 0.015000
0 0.564000 0.788500 0.022000 0.022000
0 0.522000 0.841500 0.027000 0.028000
0 0.113500 0.359000 0.019000 0.025000
0 0.499500 0.555000 0.027000 0.025000
0 0.858500 0.709000 0.024000 0.024000
0 0.696500 0.589500 0.029000 0.033000
0 0.291500 0.646000 0.013000 0.015000
0 0.420000 0.365500 0.010000 0.010000
0 0.185000 0.590500 0.017000 0.017000
0 0.528000 0.430500 0.021000 0.021000
0 0.378500 0.493500 0.014000 0.017000
0 0.364500 0.716500 0.008000 0.015000
0 0.584500 0.350500 0.016000 0.023000
0 0.445000 0.285500 0.022000 0.023000
0 0.649000 0.425000 0.016000 0.016000
0 0.602000 0.682500 0.030000 0.030000
0 0.615250 0.517500 0.020500 0.015000
0 0.155000 0.612000 0.023000 0.021000
0 0.393500 0.508000 0.018000 0.020000
0 0.627000 0.763500 0.028000 0.027000
0 0.425000 0.418000 0.012000 0.014000
0 0.524500 0.419500 0.030000 0.029000
0 0.487000 0.227000 0.019000 0.025000
0 0.878000 0.639000 0.013000 0.009000
0 0.485500 0.842500 0.024000 0.025000
0 0.552000 0.356750 0.016000 0.020500
0 0.677500 0.838000 0.021000 0.020000
0 0.842000 0.647500 0.015000 0.022000
0 0.523500 0.391000 0.027000 0.028000
0 0.493000 0.320000 0.015000 0.011000
0 0.096500 0.403000 0.023000 0.021000
0 0.509500 0.458500 0.017000 0.020000
0 0.583250 0.681500 0.014500 0.010000
0 0.455000 0.645000 0.030000 0.028000
0 0.476000 0.238000 0.025000 0.027000
0 0.585000 0.617500 0.027000 0.027000
0 0.849000 0.598000 0.028000 0.035000
0 0.569000 0.275000 0.023000 0.020000
0 0.388500 0.562500 0.022000 0.022000
0 0.260000 0.551000 0.027000 0.025000
0 0.380500 0.892000 0.015000 0.016000
0 0.448500 0.174000 0.027000 0.025000
0 0.490000 0.382500 0.022000 0.024000
0 0.696000 0.600500 0.018000 0.025000
0 0.440250 0.501000 0.023500 0.017000
0 0.478500 0.277000 0.023000 0.026000
0 0.281500 0.446500 0.014000 0.015000
0 0.527500 0.556500 0.022000 0.024000
0 0.235000 0.674500 0.024000 0.023000
0 0.662000 0.359500 0.024000 0.025000
0 0.515000 0.585500 0.019000 0.020000
0 0.098000 0.547500 0.019000 0.018000
0 0.719500 0.189500 0.022000 0.018000
0 0.790000 0.632000 0.014000 0.010000
0 0.251000 0.430500 0.025000 0.020000
0 0.313500 0.230000 0.014000 0.022000
0 0.483500 0.172500 0.028000 0.022000