0 0.701500 0.537000 0.029000 0.022000
0 0.687000 0.486500 0.016000 0.014000
0 0.558000 0.752500 0.024000 0.022000
0 0.503000 0.513000 0.018000 0.013000
0 0.414000 0.542500 0.020000 0.016000
0 0.694000 0.420000 0.021000 0.028000
0 0.493000 0.539000 0.017000 0.017000
0 0.445500 0.513500 0.013000 0.015000
0 0.317500 0.505500 0.020000 0.020000
0 0.341000 0.134500 0.011000 0.012000
0 0.163000 0.372000 0.023000 0.023000
0 0.174000 0.547500 0.019000 0.019000
0 0.581000 0.645500 0.015000 0.014000
0 0.272000 0.426500 0.031000 0.024000
0 0.815000 0.645500 0.015000 0.014000
0 0.538500 0.442000 0.022000 0.022000
0 0.107000 0.414500 0.020000 0.020000
0 0.327000 0.400000 0.022000 0.025000
0 0.653500 0.367000 0.014000 0.012000
0 0.758000 0.533500 0.008000 0.008000
0 0.722000 0.356000 0.015000 0.024000
0 0.504500 0.542000 0.025000 0.026000
0 0.301000 0.823500 0.014000 0.014000
0 0.256500 0.485000 0.013000 0.010000
0 0.563000 0.450500 0.023000 0.022000
0 0.580000 0.521000 0.023000 0.024000
0 0.764500 0.796000 0.025000 0.018000
0 0.505000 0.410000 0.015000 0.017000
0 0.396000 0.235000 0.029000 0.029000
0 0.751500 0.682500 0.022000 0.021000
0 0.572000 0.111500 0.027000 0.025000
0 0.458000 0.199000 0.023000 0.024000
0 0.582500 0.428500 0.029000 0.030000
0 0.461500 0.554500 0.019000 0.032000
0 0.504500 0.492500 0.009000 0.009000
0 0.433000 0.794000 0.015000 0.015000
0 0.588500 0.377000 0.024000 0.025000
0 0.613250 0.699500 0.023500 0.016000
0 0.529000 0.449000 0.015000 0.022000
0 0.520500 0.448500 0.014000 0.014000
0 0.727500 0.246000 0.015000 0.020000
0 0.667000 0.484500 0.025000 0.022000
0 0.565000 0.861500 0.024000 0.031000
0 0.419000 0.615000 0.019000 0.013000
0 0.802500 0.571000 0.019000 0.013000
0 0.288000 0.372500 0.011000 0.011000
0 0.235500 0.385500 0.022000 0.022000
0 0.416500 0.787000 0.011000 0.012000
0 0.688000 0.506500 0.020000 0.021000
0 0.347500 0.889000 0.025000 0.023000
0 0.575500 0.344000 0.025000 0.027000
0 0.611500 0.294000 0.019000 0.015000
0 0.606500 0.535000 0.017000 0.019000
0 0.571500 0.547000 0.023000 0.023000
0 0.589000 0.903000 0.028000 0.023000
0 0.374000 0.520500 0.022000 0.020000
0 0.446000 0.215000 0.018000 0.014000
0 0.479000 0.420750 0.015000 0.020500
0 0.192000 0.223500 0.018000 0.018000
0 0.585500 0.510000 0.022000 0.020000
0 0.487500 0.484000 0.028000 0.022000
0 0.148500 0.683000 0.028000 0.032000
0 0.421500 0.848000 0.013000 0.012000
0 0.167000 0.347500 0.022000 0.019000
0 0.546500 0.731500 0.021000 0.033000
0 0.763500 0.404000 0.020000 0.026000
0 0.771000 0.503500 0.013000 0.014000
0 0.651500 0.612000 0.016000 0.020000
0 0.493000 0.495500 0.031000 0.035000
0 0.813000 0.400000 0.015000 0.015000
0 0.767000 0.445500 0.011000 0.012000
0 0.650000 0.604500 0.011000 0.009000
0 0.813000 0.512500 0.021000 0.027000
0 0.768500 0.767500 0.019000 0.020000
0 0.593000 0.421000 0.010000 0.012000
0 0.686000 0.334000 0.022000 0.025000
0 0.493500 0.325500 0.020000 0.028000
0 0.589500 0.752000 0.034000 0.033000
0 0.725500 0.415000 0.019000 0.020000
0 0.719000 0.430500 0.033000 0.033000
0 0.499500 0.500000 0.029000 0.019000
0 0.589000 0.178500 0.018000 0.023000
0 0.436000 0.389500 0.022000 0.016000
0 0.207500 0.608500 0.021000 0.019000
0 0.564500 0.649000 0.025000 0.017000
0 0.229000 0.452500 0.014000 0.019000
0 0.225500 0.193500 0.016000 0.011000
0 0.423500 0.094000 0.013000 0.012000
0 0.714500 0.462000 0.023000 0.029000
0 0.466000 0.564000 0.019000 0.015000
0 0.572500 0.470500 0.018000 0.023000
0 0.470500 0.717500 0.017000 0.010000
0 0.181000 0.498000 0.012000 0.020000
0 0.283000 0.359000 0.022000 0.025000
0 0.572500 0.747000 0.020000 0.023000
0 0.521000 0.485000 0.023000 0.018000
0 0.396500 0.500000 0.027000 0.034000
0 0.342500 0.502000 0.019000 0.022000
0 0.598500 0.549000 0.013000 0.014000
0 0.422000 0.492000 0.033000 0.031000
0 0.568750 0.494000 0.029500 0.021000
0 0.426500 0.537500 0.011000 0.014000
0 0.283500 0.378500 0.017000 0.012000
0 0.668500 0.591500 0.015000 0.010000
0 0.481500 0.867500 0.016000 0.011000
0 0.172000 0.758000 0.024000 0.019000
0 0.346000 0.254000 0.022000 0.023000
0 0.196000 0.537000 0.014000 0.013000
0 0.591000 0.810500 0.032000 0.026000
0 0.362500 0.638000 0.021000 0.020000
0 0.659000 0.515000 0.029000 0.026000
0 0.150000 0.578000 0.022000 0.025000
0 0.516000 0.391500 0.017000 0.018000
0 0.521500 0.890000 0.015000 0.012000
0 0.249500 0.372500 0.016000 0.017000
0 0.543500 0.146500 0.026000 0.028000
0 0.703000 0.365500 0.027000 0.026000
0 0.904500 0.416000 0.021000 0.017000
0 0.685000 0.403500 0.017000 0.021000
0 0.903000 0.569000 0.016000 0.020000
0 0.463000 0.213000 0.014000 0.012000
0 0.373500 0.626500 0.011000 0.011000
0 0.129000 0.421500 0.016000 0.015000
0 0.617000 0.151000 0.017000 0.023000
0 0.327000 0.712000 0.014000 0.017000
0 0.288000 0.697500 0.026000 0.017000
0 0.497000 0.104750 0.014000 0.020500
0 0.885000 0.462500 0.016000 0.017000
0 0.532750 0.462500 0.011500 0.009000
0 0.484500 0.890000 0.020000 0.015000
0 0.553500 0.470000 0.018000 0.019000
0 0.637000 0.485000 0.020000 0.019000
0 0.774500 0.325500 0.022000 0.015000
0 0.467000 0.116500 0.016000 0.012000
0 0.615500 0.770250 0.018000 0.023500
0 0.449000 0.472000 0.021000 0.019000
0 0.701000 0.423000 0.014000 0.012000
0 0.530000 0.254000 0.011000 0.015000
0 0.285000 0.802500 0.028000 0.027000
0 0.690500 0.153000 0.015000 0.017000
0 0.823000 0.663000 0.011000 0.013000
0 0.510500 0.469500 0.021000 0.020000
0 0.770000 0.746000 0.011000 0.011000
0 0.478000 0.863000 0.010000 0.010000
0 0.692000 0.410500 0.025000 0.020000
0 0.490000 0.354000 0.029000 0.024000
0 0.407500 0.534000 0.009000 0.009000
0 0.470500 0.440000 0.017000 0.021000
0 0.609000 0.523500 0.011000 0.015000
0 0.342500 0.302000 0.019000 0.012000
0 0.470500 0.841500 0.020000 0.022000
0 0.411000 0.768000 0.016000 0.013000
0 0.201500 0.494000 0.020000 0.023000
0 0.592500 0.522500 0.025000 0.019000
0 0.400000 0.466000 0.029000 0.023000
0 0.440500 0.442000 0.028000 0.028000
0 0.550500 0.439500 0.020000 0.020000
0 0.635000 0.301500 0.026000 0.025000
0 0.663500 0.504500 0.019000 0.023000
0 0.431000 0.419000 0.025000 0.021000
0 0.210000 0.731000 0.022000 0.018000
0 0.629000 0.306000 0.026000 0.021000
0 0.655000 0.264000 0.020000 0.015000
0 0.751000 0.223500 0.018000 0.018000
0 0.717000 0.573500 0.018000 0.018000
0 0.681000 0.509500 0.015000 0.018000
0 0.799500 0.224000 0.016000 0.009000
0 0.546000 0.597000 0.028000 0.025000
0 0.215000 0.528000 0.019000 0.019000
0 0.334500 0.584000 0.021000 0.024000
0 0.140000 0.453500 0.033000 0.027000
0 0.304500 0.591250 0.015000 0.017500
0 0.484000 0.439000 0.026000 0.024000
0 0.331000 0.278000 0.018000 0.016000
0 0.391000 0.426000 0.021000 0.026000
0 0.194000 0.574500 0.024000 0.022000
0 0.589000 0.757500 0.010000 0.013000
0 0.566750 0.605500 0.023500 0.017000
0 0.642500 0.858500 0.020000 0.017000
0 0.710750 0.415500 0.017500 0.012000
0 0.827500 0.548000 0.015000 0.010000
0 0.473000 0.546000 0.025000 0.023000
0 0.450500 0.832500 0.024000 0.028000
0 0.538500 0.603500 0.030000 0.021000
0 0.413000 0.504500 0.019000 0.018000
0 0.433500 0.576000 0.024000 0.020000
0 0.299000 0.624500 0.019000 0.020000
0 0.719000 0.212500 0.016000 0.019000
0 0.498500 0.525000 0.014000 0.014000
0 0.559000 0.788500 0.014000 0.014000
0 0.291000 0.426000 0.026000 0.025000
0 0.155500 0.726500 0.017000 0.015000
0 0.551000 0.252000 0.021000 0.019000
0 0.726000 0.779500 0.020000 0.017000
0 0.571000 0.657000 0.023000 0.026000
0 0.745000 0.730250 0.022000 0.032500
0 0.245000 0.812000 0.022000 0.022000
0 0.539000 0.495000 0.023000 0.025000
0 0.650000 0.622000 0.020000 0.022000
0 0.655000 0.315000 0.024000 0.025000
0 0.745500 0.234500 0.015000 0.012000
0 0.446500 0.812500 0.012000 0.014000
0 0.271000 0.194000 0.032000 0.031000
0 0.528000 0.495000 0.012000 0.009000
0 0.491000 0.584000 0.013000 0.018000
0 0.442500 0.503000 0.014000 0.013000
0 0.638000 0.652000 0.031000 0.019000
0 0.340000 0.236000 0.017000 0.017000
0 0.432500 0.683000 0.019000 0.018000
0 0.382500 0.501000 0.020000 0.019000
0 0.233500 0.525500 0.031000 0.019000
0 0.751500 0.594500 0.019000 0.017000
0 0.851500 0.520500 0.011000 0.017000
0 0.632000 0.346000 0.018000 0.023000
0 0.678500 0.792000 0.020000 0.016000
0 0.404500 0.558500 0.015000 0.014000
0 0.583250 0.893500 0.011500 0.008000
0 0.678000 0.234500 0.027000 0.026000
0 0.634000 0.460500 0.027000 0.032000
0 0.445000 0.207000 0.023000 0.024000
0 0.493500 0.655500 0.014000 0.016000
0 0.637000 0.530000 0.027000 0.027000
0 0.562000 0.679000 0.018000 0.012000
0 0.328000 0.660500 0.023000 0.026000
0 0.352750 0.723500 0.014500 0.011000
0 0.463000 0.369000 0.019000 0.017000
0 0.778000 0.272500 0.024000 0.022000
0 0.410500 0.461500 0.028000 0.022000
0 0.319500 0.431000 0.012000 0.013000
0 0.681500 0.632000 0.025000 0.023000
0 0.772500 0.710500 0.016000 0.027000
0 0.444500 0.320500 0.023000 0.024000
0 0.668500 0.527500 0.031000 0.022000
0 0.699500 0.530500 0.029000 0.020000
0 0.409000 0.303500 0.020000 0.019000
0 0.602500 0.794000 0.018000 0.013000
0 0.558500 0.556000 0.024000 0.019000
0 0.813000 0.763000 0.024000 0.018000
0 0.377000 0.819500 0.013000 0.016000
0 0.277000 0.339000 0.019000 0.018000
0 0.786500 0.343500 0.011000 0.012000
0 0.564500 0.250500 0.013000 0.015000
0 0.600500 0.638500 0.023000 0.023000
0 0.473000 0.367500 0.032000 0.032000
0 0.350000 0.664500 0.013000 0.015000
0 0.468000 0.748500 0.023000 0.024000
0 0.193000 0.235500 0.023000 0.022000
0 0.738000 0.780500 0.010000 0.010000
0 0.495500 0.486500 0.017000 0.019000
0 0.684000 0.746000 0.014000 0.011000
0 0.452000 0.439500 0.032000 0.035000
0 0.231500 0.386000 0.019000 0.013000
0 0.311500 0.473000 0.028000 0.031000
0 0.710000 0.435000 0.017000 0.024000
0 0.686000 0.202500 0.015000 0.017000
0 0.822000 0.308000 0.021000 0.020000
0 0.457000 0.805500 0.012000 0.018000
0 0.441500 0.870500 0.027000 0.023000
0 0.575000 0.607500 0.018000 0.019000
0 0.604500 0.688500 0.018000 0.016000
0 0.572000 0.326500 0.017000 0.019000
0 0.389500 0.598000 0.018000 0.020000
0 0.640500 0.360500 0.031000 0.027000
0 0.432000 0.208500 0.024000 0.024000
0 0.434500 0.493500 0.013000 0.012000
0 0.253000 0.352500 0.022000 0.020000
0 0.553000 0.376000 0.016000 0.015000
0 0.363000 0.630500 0.014000 0.013000
0 0.336500 0.508000 0.015000 0.012000
0 0.121500 0.505500 0.016000 0.015000
0 0.302000 0.160000 0.029000 0.018000
0 0.685500 0.683000 0.027000 0.020000
0 0.536000 0.188500 0.014000 0.013000
0 0.324500 0.412500 0.013000 0.013000
0 0.722000 0.201000 0.024000 0.022000
0 0.741500 0.198500 0.021000 0.019000
0 0.308000 0.349500 0.015000 0.015000
0 0.760000 0.609000 0.034000 0.022000
0 0.594000 0.514000 0.008000 0.008000
0 0.215000 0.464500 0.026000 0.024000
0 0.470500 0.516000 0.024000 0.024000
0 0.664500 0.259000 0.034000 0.028000
0 0.372000 0.816000 0.025000 0.036000
0 0.658500 0.586500 0.018000 0.022000
0 0.654500 0.455500 0.015000 0.015000
0 0.468500 0.815500 0.010000 0.012000
0 0.435500 0.514000 0.026000 0.032000
0 0.251000 0.532500 0.017000 0.016000
0 0.279500 0.799000 0.012000 0.021000
0 0.505500 0.478500 0.025000 0.031000
0 0.524500 0.712000 0.028000 0.035000
0 0.608000 0.615500 0.014000 0.013000
0 0.521000 0.190000 0.026000 0.025000
0 0.489000 0.671500 0.021000 0.033000
0 0.158000 0.518500 0.017000 0.012000
0 0.509000 0.234000 0.026000 0.027000
0 0.595500 0.669000 0.013000 0.012000
0 0.190500 0.754500 0.014000 0.024000
0 0.521000 0.458000 0.015000 0.015000
0 0.583500 0.477000 0.022000 0.022000
0 0.579500 0.176500 0.012000 0.013000
0 0.757000 0.809500 0.014000 0.017000
0 0.518000 0.339500 0.024000 0.020000
0 0.367000 0.397000 0.025000 0.024000
0 0.604250 0.375000 0.026500 0.018000
0 0.303500 0.285500 0.014000 0.015000
0 0.125500 0.608000 0.013000 0.015000
0 0.657000 0.551500 0.015000 0.013000
0 0.405000 0.435000 0.028000 0.027000
0 0.740500 0.673000 0.018000 0.015000
0 0.435000 0.695500 0.016000 0.023000
0 0.422000 0.507500 0.010000 0.012000
0 0.404000 0.803000 0.010000 0.011000
0 0.320000 0.478500 0.016000 0.018000
0 0.509500 0.509000 0.024000 0.026000
0 0.477000 0.484000 0.015000 0.012000
0 0.520000 0.110500 0.019000 0.027000
0 0.196500 0.450500 0.019000 0.021000
0 0.316500 0.296500 0.032000 0.023000
0 0.737500 0.461500 0.018000 0.021000
0 0.176500 0.409500 0.023000 0.025000
0 0.460500 0.327500 0.015000 0.016000
0 0.641500 0.655000 0.009000 0.010000
0 0.532500 0.402500 0.018000 0.015000
0 0.591500 0.498000 0.012000 0.012000
0 0.490000 0.791000 0.026000 0.023000
0 0.183000 0.469500 0.020000 0.026000
0 0.773500 0.246000 0.026000 0.026000
0 0.412500 0.327000 0.016000 0.021000
0 0.336000 0.636000 0.008000 0.009000
0 0.386500 0.476500 0.028000 0.021000
0 0.540500 0.466500 0.019000 0.021000
0 0.483000 0.499500 0.020000 0.022000
0 0.531000 0.425000 0.020000 0.019000
0 0.270000 0.398500 0.011000 0.011000
0 0.352500 0.201500 0.012000 0.018000
0 0.535500 0.750500 0.024000 0.026000
0 0.532000 0.536000 0.018000 0.023000
0 0.175000 0.516500 0.020000 0.017000
0 0.492000 0.726000 0.011000 0.014000
0 0.525500 0.693500 0.014000 0.018000
0 0.393500 0.268500 0.014000 0.015000
0 0.342500 0.344000 0.009000 0.013000
0 0.723500 0.391500 0.014000 0.025000
0 0.423500 0.558500 0.024000 0.024000
0 0.098000 0.474750 0.016000 0.023500
0 0.421500 0.555500 0.015000 0.013000
0 0.138500 0.385000 0.027000 0.026000
0 0.180000 0.460000 0.021000 0.019000
0 0.343000 0.516000 0.018000 0.018000
0 0.200000 0.621500 0.010000 0.010000
0 0.519000 0.274000 0.012000 0.014000
0 0.506000 0.684000 0.020000 0.021000
0 0.622000 0.523500 0.026000 0.025000
0 0.523500 0.533500 0.015000 0.017000
0 0.190500 0.350000 0.022000 0.023000
0 0.713000 0.426000 0.024000 0.023000
0 0.566500 0.370500 0.014000 0.014000
0 0.540500 0.149000 0.016000 0.016000
0 0.688000 0.787000 0.016000 0.023000
0 0.275000 0.211000 0.013000 0.012000
0 0.646500 0.462500 0.014000 0.012000
0 0.773000 0.679000 0.028000 0.027000
0 0.434000 0.587500 0.014000 0.014000
0 0.538500 0.140000 0.022000 0.023000
0 0.707000 0.442000 0.025000 0.026000
0 0.466000 0.346500 0.015000 0.017000
0 0.473000 0.532000 0.024000 0.024000
0 0.339500 0.298000 0.028000 0.028000
0 0.230000 0.246750 0.008000 0.011500
0 0.548000 0.639750 0.021000 0.020500
0 0.170000 0.564500 0.024000 0.021000
0 0.674000 0.766500 0.020000 0.020000
0 0.375000 0.279500 0.031000 0.030000
0 0.266500 0.384500 0.013000 0.016000
0 0.610000 0.400500 0.016000 0.018000
0 0.583000 0.697000 0.017000 0.017000
0 0.484000 0.217000 0.018000 0.011000
0 0.537500 0.380500 0.017000 0.018000
0 0.252000 0.663000 0.018000 0.022000
0 0.378000 0.415000 0.013000 0.010000
0 0.475500 0.402500 0.017000 0.017000
0 0.731000 0.755000 0.015000 0.015000
0 0.244000 0.820500 0.017000 0.022000
0 0.557500 0.197500 0.014000 0.014000
0 0.547000 0.402000 0.016000 0.015000
0 0.553500 0.505500 0.021000 0.020000
0 0.519500 0.208000 0.015000 0.014000
0 0.599000 0.368500 0.025000 0.031000
0 0.792500 0.273500 0.014000 0.015000
0 0.392000 0.233500 0.012000 0.011000
0 0.669500 0.719500 0.015000 0.012000
0 0.460000 0.497000 0.031000 0.031000
0 0.257500 0.578500 0.014000 0.014000
0 0.363500 0.105000 0.018000 0.022000
0 0.384000 0.372000 0.033000 0.032000
0 0.285500 0.356000 0.033000 0.031000
0 0.247500 0.299500 0.026000 0.019000
0 0.559000 0.559000 0.022000 0.022000
0 0.550500 0.566000 0.028000 0.020000
0 0.487500 0.596500 0.016000 0.014000
0 0.547000 0.503500 0.025000 0.022000
0 0.464000 0.429500 0.014000 0.015000
0 0.458500 0.387000 0.010000 0.012000
0 0.643500 0.420500 0.017000 0.016000
0 0.222500 0.531500 0.022000 0.021000
0 0.205000 0.529500 0.022000 0.024000
0 0.801500 0.540500 0.017000 0.013000
0 0.503000 0.173500 0.018000 0.019000
0 0.388000 0.687000 0.026000 0.026000
0 0.424500 0.406000 0.022000 0.018000
0 0.614500 0.441000 0.018000 0.019000
0 0.381500 0.851000 0.012000 0.011000
0 0.689000 0.514500 0.012000 0.015000
0 0.391500 0.206500 0.016000 0.015000
0 0.392500 0.438500 0.019000 0.025000
0 0.677500 0.335000 0.013000 0.012000
0 0.591500 0.406000 0.022000 0.016000
0 0.449000 0.569500 0.016000 0.014000
0 0.486500 0.550500 0.013000 0.018000
0 0.540500 0.486500 0.013000 0.009000
0 0.120000 0.564500 0.018000 0.020000
0 0.585500 0.536000 0.021000 0.021000
0 0.496500 0.505000 0.029000 0.027000
0 0.412000 0.413500 0.014000 0.010000
0 0.501500 0.303500 0.031000 0.032000
0 0.584000 0.272000 0.029000 0.027000
0 0.400000 0.326500 0.013000 0.016000
0 0.516000 0.497500 0.015000 0.021000
0 0.488000 0.404000 0.012000 0.012000
0 0.425500 0.634500 0.022000 0.019000
0 0.539500 0.289000 0.015000 0.019000
0 0.629500 0.503000 0.019000 0.018000
0 0.610500 0.321500 0.024000 0.025000
0 0.567000 0.740000 0.025000 0.017000
0 0.486500 0.531000 0.024000 0.034000
0 0.443500 0.460250 0.014000 0.017500
0 0.637500 0.404500 0.027000 0.028000
0 0.820000 0.637500 0.019000 0.025000
0 0.370500 0.638000 0.032000 0.025000
0 0.499500 0.418000 0.010000 0.009000
0 0.444500 0.592500 0.017000 0.024000
0 0.469000 0.309000 0.026000 0.018000
0 0.530000 0.673000 0.019000 0.028000
0 0.506000 0.610500 0.012000 0.012000
0 0.496000 0.400000 0.016000 0.018000
0 0.540500 0.456000 0.028000 0.023000
0 0.535000 0.397500 0.018000 0.016000
0 0.441500 0.785000 0.019000 0.020000
0 0.524000 0.361000 0.023000 0.023000
0 0.538500 0.563500 0.025000 0.025000
0 0.611500 0.360000 0.030000 0.026000
0 0.445500 0.546500 0.022000 0.022000
0 0.810000 0.752000 0.017000 0.026000
0 0.337000 0.206000 0.023000 0.024000
0 0.398000 0.338500 0.027000 0.026000
0 0.250500 0.287500 0.023000 0.023000
0 0.490500 0.333000 0.023000 0.024000
0 0.202500 0.654000 0.012000 0.016000
0 0.516500 0.839500 0.016000 0.015000