0 0.830500 0.661500 0.018000 0.023000
0 0.710500 0.296000 0.032000 0.021000
0 0.200000 0.244000 0.024000 0.021000
0 0.559000 0.411500 0.018000 0.021000
0 0.362500 0.280000 0.014000 0.011000
0 0.310000 0.654500 0.017000 0.017000
0 0.409000 0.259000 0.027000 0.031000
0 0.307000 0.453000 0.030000 0.026000
0 0.353000 0.786000 0.014000 0.020000
0 0.826500 0.586000 0.017000 0.017000
0 0.433500 0.525000 0.018000 0.017000
0 0.375000 0.499000 0.017000 0.017000
0 0.528000 0.439000 0.027000 0.032000
0 0.687500 0.370500 0.012000 0.012000
0 0.396500 0.182500 0.015000 0.015000
0 0.486500 0.452000 0.019000 0.016000
0 0.813000 0.258000 0.010000 0.014000
0 0.675500 0.658500 0.021000 0.017000
0 0.728500 0.801000 0.030000 0.032000
0 0.354000 0.424000 0.013000 0.008000
0 0.416000 0.538500 0.017000 0.017000
0 0.433500 0.646000 0.014000 0.011000
0 0.695000 0.554500 0.016000 0.024000
0 0.533500 0.748500 0.028000 0.019000
0 0.588500 0.487000 0.014000 0.011000
0 0.625500 0.534500 0.012000 0.014000
0 0.772500 0.234500 0.024000 0.027000
0 0.238500 0.403750 0.019000 0.023500
0 0.518000 0.518500 0.021000 0.022000
0 0.585500 0.220000 0.021000 0.019000
0 0.472500 0.890000 0.012000 0.014000
0 0.654000 0.339000 0.014000 0.014000
0 0.420500 0.241000 0.019000 0.019000
0 0.571000 0.459500 0.020000 0.027000
0 0.540500 0.364500 0.018000 0.016000
0 0.547500 0.541500 0.025000 0.030000
0 0.380000 0.715000 0.020000 0.023000
0 0.772500 0.731000 0.019000 0.018000
0 0.644500 0.633000 0.016000 0.021000
0 0.353500 0.728500 0.018000 0.019000
0 0.504000 0.501000 0.018000 0.017000
0 0.781500 0.271500 0.012000 0.010000
0 0.394000 0.207500 0.014000 0.018000
0 0.273000 0.687500 0.019000 0.016000
0 0.241000 0.437000 0.014000 0.014000
0 0.484000 0.700500 0.018000 0.020000
0 0.222000 0.698500 0.013000 0.008000
0 0.496000 0.496500 0.031000 0.029000
0 0.628500 0.554500 0.009000 0.012000
0 0.479500 0.531000 0.020000 0.020000
0 0.319500 0.858500 0.026000 0.024000
0 0.576500 0.799000 0.009000 0.010000
0 0.279000 0.241500 0.018000 0.022000
0 0.725000 0.524250 0.009000 0.011500
0 0.330500 0.309500 0.012000 0.012000
0 0.528500 0.710500 0.014000 0.015000
0 0.403500 0.545500 0.020000 0.020000
0 0.683500 0.425500 0.013000 0.011000
0 0.674000 0.380000 0.024000 0.027000
0 0.191000 0.424000 0.031000 0.023000
0 0.215000 0.633000 0.030000 0.030000
0 0.688500 0.470000 0.018000 0.017000
0 0.472500 0.721500 0.021000 0.013000
0 0.862000 0.332000 0.012000 0.009000
0 0.509000 0.475500 0.025000 0.025000
0 0.434000 0.567000 0.025000 0.022000
0 0.433500 0.144500 0.014000 0.019000
0 0.545000 0.361000 0.022000 0.023000
0 0.683500 0.323500 0.013000 0.013000
0 0.816000 0.526500 0.029000 0.023000
0 0.553000 0.476500 0.018000 0.017000
0 0.381000 0.509000 0.022000 0.026000
0 0.425500 0.127000 0.030000 0.028000
0 0.807000 0.242000 0.015000 0.022000
0 0.719000 0.409500 0.029000 0.021000
0 0.575250 0.425000 0.032500 0.025000
0 0.614500 0.356500 0.014000 0.015000
0 0.341500 0.397000 0.015000 0.017000
0 0.652500 0.744500 0.019000 0.018000
0 0.189500 0.533500 0.020000 0.024000
0 0.622000 0.363500 0.025000 0.017000
0 0.726000 0.474000 0.029000 0.024000
0 0.720500 0.594000 0.013000 0.017000
0 0.644000 0.648500 0.025000 0.015000
0 0.457500 0.709000 0.020000 0.016000
0 0.604000 0.386500 0.022000 0.021000
0 0.394000 0.578500 0.016000 0.012000
0 0.391000 0.353000 0.021000 0.020000
0 0.561500 0.328000 0.011000 0.012000
0 0.162500 0.338500 0.022000 0.035000
0 0.381500 0.630500 0.018000 0.018000
0 0.664500 0.878000 0.022000 0.020000
0 0.437500 0.282000 0.020000 0.016000
0 0.161000 0.302000 0.019000 0.019000
0 0.652000 0.234500 0.019000 0.020000
0 0.640000 0.470500 0.023000 0.023000
0 0.619500 0.440000 0.028000 0.027000
0 0.680000 0.295500 0.024000 0.019000
0 0.605000 0.553000 0.013000 0.009000
0 0.682000 0.171000 0.018000 0.020000
0 0.247500 0.490500 0.009000 0.009000
0 0.416500 0.501000 0.012000 0.012000
0 0.441500 0.559500 0.015000 0.014000
0 0.788000 0.621500 0.011000 0.015000
0 0.498000 0.628000 0.014000 0.012000
0 0.421000 0.213000 0.018000 0.016000
0 0.517000 0.500000 0.009000 0.011000
0 0.540500 0.476500 0.025000 0.026000
0 0.520500 0.403500 0.023000 0.024000
0 0.602000 0.838000 0.025000 0.025000
0 0.722000 0.350500 0.025000 0.025000
0 0.308000 0.439500 0.013000 0.011000
0 0.849000 0.513000 0.014000 0.012000
0 0.162500 0.468500 0.021000 0.021000
0 0.771000 0.592500 0.022000 0.017000
0 0.714500 0.490000 0.016000 0.017000
0 0.494500 0.514000 0.029000 0.024000
0 0.618500 0.603500 0.015000 0.018000
0 0.544000 0.443500 0.016000 0.015000
0 0.577000 0.528500 0.013000 0.013000
0 0.501000 0.541500 0.034000 0.025000
0 0.486500 0.507500 0.025000 0.029000
0 0.355000 0.166000 0.033000 0.032000
0 0.316000 0.521500 0.025000 0.029000
0 0.475000 0.487000 0.015000 0.017000
0 0.327000 0.553000 0.029000 0.026000
0 0.365500 0.411500 0.017000 0.017000
0 0.540000 0.857000 0.017000 0.020000
0 0.731500 0.674000 0.018000 0.016000
0 0.522500 0.598500 0.019000 0.017000
0 0.646000 0.279000 0.027000 0.023000
0 0.610500 0.675500 0.020000 0.031000
0 0.650000 0.301500 0.017000 0.020000
0 0.562000 0.906500 0.009000 0.011000
0 0.195000 0.787000 0.016000 0.014000
0 0.424500 0.373500 0.029000 0.020000
0 0.665500 0.256500 0.017000 0.026000
0 0.436000 0.434500 0.031000 0.019000
0 0.686500 0.672000 0.012000 0.013000
0 0.197000 0.393500 0.016000 0.016000
0 0.594000 0.166000 0.025000 0.031000
0 0.208500 0.658000 0.019000 0.019000
0 0.558500 0.388000 0.016000 0.016000
0 0.748000 0.825500 0.023000 0.022000
0 0.494750 0.490500 0.023500 0.017000
0 0.285500 0.303500 0.022000 0.029000
0 0.606500 0.375500 0.025000 0.024000
0 0.365500 0.487500 0.027000 0.025000
0 0.361500 0.720000 0.021000 0.014000
0 0.478000 0.631500 0.013000 0.013000
0 0.687500 0.711000 0.011000 0.012000
0 0.515500 0.193000 0.030000 0.033000
0 0.201500 0.776500 0.014000 0.015000
0 0.311000 0.305500 0.025000 0.032000
0 0.167000 0.454500 0.024000 0.024000
0 0.603500 0.468000 0.023000 0.024000
0 0.531500 0.441000 0.021000 0.019000
0 0.643500 0.383000 0.029000 0.027000
0 0.128250 0.327500 0.017500 0.013000
0 0.490000 0.462000 0.018000 0.023000
0 0.468000 0.436000 0.017000 0.025000
0 0.517500 0.291500 0.013000 0.018000
0 0.574500 0.738000 0.015000 0.013000
0 0.793500 0.770500 0.022000 0.017000
0 0.583500 0.106500 0.016000 0.017000
0 0.452500 0.301500 0.013000 0.021000
0 0.416500 0.158000 0.017000 0.019000
0 0.411500 0.591500 0.016000 0.016000
0 0.402500 0.611000 0.016000 0.016000
0 0.580500 0.204000 0.023000 0.021000
0 0.613500 0.753000 0.025000 0.027000
0 0.875000 0.453000 0.015000 0.014000
0 0.793500 0.481500 0.011000 0.011000
0 0.255000 0.266500 0.018000 0.022000
0 0.697500 0.435000 0.032000 0.035000
0 0.461000 0.109000 0.023000 0.024000
0 0.508500 0.650000 0.013000 0.016000
0 0.415000 0.404000 0.020000 0.021000
0 0.704500 0.750500 0.022000 0.023000
0 0.527000 0.577500 0.019000 0.020000
0 0.618000 0.401500 0.029000 0.030000
0 0.495500 0.572500 0.025000 0.034000
0 0.532500 0.487000 0.020000 0.017000
0 0.693500 0.665500 0.027000 0.019000
0 0.209500 0.450000 0.016000 0.022000
0 0.448500 0.755000 0.027000 0.020000
0 0.372000 0.723000 0.017000 0.019000
0 0.283000 0.478000 0.019000 0.025000
0 0.393000 0.439500 0.021000 0.020000
0 0.494000 0.538500 0.015000 0.013000
0 0.476500 0.755000 0.025000 0.023000
0 0.556000 0.301000 0.025000 0.020000
0 0.398000 0.328500 0.030000 0.027000
0 0.610500 0.739500 0.018000 0.018000
0 0.505000 0.612500 0.026000 0.022000
0 0.768500 0.749500 0.028000 0.028000
0 0.482000 0.490000 0.013000 0.015000
0 0.501500 0.476500 0.031000 0.031000
0 0.656000 0.509000 0.013000 0.013000
0 0.507000 0.201500 0.017000 0.018000
0 0.511000 0.547500 0.028000 0.027000
0 0.831500 0.669500 0.013000 0.012000
0 0.724500 0.355500 0.019000 0.026000
0 0.645000 0.127000 0.028000 0.020000
0 0.472000 0.477500 0.027000 0.024000
0 0.431000 0.336500 0.019000 0.019000
0 0.336500 0.564000 0.014000 0.014000
0 0.527000 0.247500 0.018000 0.018000
0 0.200000 0.434500 0.020000 0.017000
0 0.132000 0.309500 0.018000 0.017000
0 0.797500 0.678500 0.025000 0.027000
0 0.248500 0.324500 0.023000 0.022000
0 0.209000 0.403000 0.011000 0.013000
0 0.598500 0.266500 0.026000 0.022000
0 0.441000 0.415500 0.016000 0.011000
0 0.307500 0.538500 0.016000 0.012000
0 0.482500 0.749500 0.025000 0.028000
0 0.279500 0.613000 0.013000 0.013000
0 0.420000 0.676000 0.015000 0.018000
0 0.795750 0.531500 0.029500 0.022000
0 0.391500 0.402500 0.020000 0.026000
0 0.503000 0.491500 0.015000 0.017000
0 0.506500 0.633500 0.027000 0.027000
0 0.430500 0.267000 0.021000 0.022000
0 0.445500 0.420000 0.019000 0.018000
0 0.726500 0.436500 0.027000 0.026000
0 0.797500 0.492000 0.023000 0.019000
0 0.634500 0.481500 0.014000 0.011000
0 0.555000 0.462500 0.031000 0.026000
0 0.695000 0.477500 0.017000 0.019000
0 0.504500 0.497000 0.026000 0.020000
0 0.481500 0.744500 0.020000 0.017000
0 0.450000 0.636000 0.024000 0.022000
0 0.525500 0.569000 0.013000 0.019000
0 0.879500 0.413000 0.021000 0.026000
0 0.464500 0.533000 0.013000 0.017000
0 0.413500 0.330000 0.020000 0.030000
0 0.532500 0.623000 0.021000 0.014000
0 0.889000 0.448500 0.019000 0.018000
0 0.633000 0.634500 0.027000 0.021000
0 0.186500 0.621500 0.017000 0.012000
0 0.364500 0.522500 0.021000 0.019000
0 0.451000 0.474500 0.013000 0.011000
0 0.534500 0.568500 0.014000 0.018000
0 0.263500 0.518000 0.018000 0.021000
0 0.112000 0.482000 0.031000 0.030000
0 0.466000 0.479500 0.029000 0.027000
0 0.520000 0.493000 0.014000 0.015000
0 0.233000 0.584000 0.023000 0.031000
0 0.570500 0.141000 0.024000 0.023000
0 0.545000 0.505500 0.019000 0.018000
0 0.752000 0.270000 0.014000 0.016000
0 0.366500 0.254000 0.028000 0.027000
0 0.332500 0.423000 0.017000 0.012000
0 0.377500 0.822500 0.028000 0.036000
0 0.593500 0.534500 0.018000 0.020000
0 0.834000 0.509000 0.014000 0.011000
0 0.497500 0.509000 0.020000 0.023000
0 0.666000 0.399500 0.017000 0.016000
0 0.474500 0.596000 0.021000 0.020000
0 0.555500 0.445500 0.025000 0.025000
0 0.819000 0.311500 0.027000 0.021000
0 0.730500 0.459000 0.015000 0.019000
0 0.507500 0.216000 0.024000 0.028000
0 0.519500 0.218500 0.018000 0.019000
0 0.284000 0.743500 0.010000 0.010000
0 0.577000 0.295500 0.027000 0.031000
0 0.646000 0.189000 0.016000 0.017000
0 0.456500 0.579500 0.018000 0.021000
0 0.509000 0.377500 0.022000 0.026000
0 0.740000 0.503000 0.017000 0.018000
0 0.520500 0.831500 0.015000 0.012000
0 0.735500 0.600000 0.021000 0.031000
0 0.466000 0.748500 0.020000 0.020000
0 0.737000 0.626500 0.018000 0.020000
0 0.403500 0.568500 0.016000 0.018000
0 0.659500 0.579000 0.029000 0.023000
0 0.501500 0.579500 0.012000 0.013000
0 0.427000 0.415500 0.026000 0.030000
0 0.584000 0.558000 0.023000 0.017000
0 0.395500 0.465000 0.019000 0.019000
0 0.452000 0.434000 0.023000 0.024000
0 0.622500 0.489000 0.023000 0.023000
0 0.404000 0.586500 0.015000 0.018000
0 0.479000 0.364500 0.018000 0.017000
0 0.494000 0.169500 0.023000 0.020000
0 0.409000 0.672000 0.017000 0.016000
0 0.195000 0.675000 0.022000 0.023000
0 0.654000 0.590500 0.009000 0.010000
0 0.265000 0.275500 0.034000 0.026000
0 0.313500 0.549500 0.009000 0.011000
0 0.721500 0.186500 0.025000 0.026000
0 0.313000 0.674500 0.022000 0.023000
0 0.655500 0.326000 0.028000 0.019000
0 0.489000 0.503000 0.013000 0.013000
0 0.619000 0.100500 0.032000 0.032000
0 0.405500 0.492000 0.012000 0.012000
0 0.227000 0.635000 0.018000 0.015000
0 0.757250 0.362500 0.014500 0.011000
0 0.721500 0.490500 0.013000 0.018000
0 0.650000 0.774000 0.011000 0.016000
0 0.247000 0.232500 0.023000 0.023000
0 0.481000 0.465500 0.017000 0.019000
0 0.666000 0.180500 0.014000 0.016000
0 0.411000 0.661000 0.015000 0.019000
0 0.335500 0.240000 0.017000 0.014000
0 0.171500 0.577500 0.018000 0.031000
0 0.556500 0.810500 0.022000 0.025000
0 0.656000 0.352000 0.021000 0.033000
0 0.586500 0.187000 0.031000 0.035000
0 0.441000 0.530500 0.029000 0.029000
0 0.380500 0.381000 0.028000 0.027000
0 0.454500 0.540500 0.024000 0.021000
0 0.587000 0.887000 0.020000 0.020000
0 0.353500 0.442250 0.010000 0.014500
0 0.350500 0.494500 0.025000 0.024000
0 0.532500 0.416000 0.016000 0.013000
0 0.313000 0.257000 0.031000 0.026000
0 0.500000 0.752000 0.020000 0.019000
0 0.262250 0.733000 0.014500 0.010000
0 0.331000 0.610000 0.028000 0.030000
0 0.231500 0.532000 0.029000 0.031000
0 0.428000 0.590500 0.020000 0.021000
0 0.615500 0.426000 0.018000 0.018000
0 0.718000 0.677000 0.024000 0.014000
0 0.624500 0.635000 0.021000 0.015000
0 0.526750 0.522000 0.026500 0.018000
0 0.683000 0.512000 0.014000 0.015000
0 0.212500 0.356500 0.022000 0.024000
0 0.365000 0.647000 0.023000 0.026000
0 0.604500 0.648500 0.015000 0.018000
0 0.514000 0.388000 0.017000 0.012000
0 0.389000 0.431500 0.019000 0.022000
0 0.356500 0.106500 0.026000 0.024000
0 0.674500 0.159500 0.012000 0.013000
0 0.880500 0.545000 0.025000 0.026000
0 0.465500 0.540000 0.019000 0.023000
0 0.410500 0.424000 0.017000 0.013000
0 0.522000 0.652000 0.027000 0.022000
0 0.206000 0.366500 0.014000 0.014000
0 0.573500 0.522500 0.028000 0.028000
0 0.754000 0.570000 0.014000 0.015000
0 0.581500 0.746000 0.024000 0.026000
0 0.405000 0.614500 0.024000 0.024000
0 0.578500 0.909500 0.012000 0.015000
0 0.280000 0.837000 0.014000 0.014000
0 0.383500 0.373500 0.025000 0.025000
0 0.470500 0.500000 0.026000 0.034000
0 0.453000 0.506000 0.011000 0.010000
0 0.431500 0.423000 0.016000 0.016000
0 0.195500 0.476500 0.013000 0.014000
0 0.700500 0.264500 0.029000 0.033000
0 0.657000 0.373500 0.017000 0.017000
0 0.610500 0.470500 0.021000 0.019000
0 0.523500 0.509000 0.017000 0.022000
0 0.529000 0.671500 0.026000 0.021000
0 0.695000 0.574500 0.020000 0.013000
0 0.282000 0.374000 0.015000 0.015000
0 0.565000 0.433000 0.021000 0.028000
0 0.328000 0.545000 0.015000 0.014000
0 0.736500 0.406500 0.013000 0.013000
0 0.331500 0.577500 0.017000 0.013000
0 0.623000 0.711000 0.018000 0.021000
0 0.807500 0.235500 0.023000 0.020000
0 0.504000 0.292000 0.025000 0.023000
0 0.228500 0.545000 0.010000 0.010000
0 0.411000 0.788000 0.011000 0.011000
0 0.460500 0.444000 0.014000 0.012000
0 0.650500 0.447500 0.025000 0.026000
0 0.753750 0.565750 0.017500 0.017500
0 0.462500 0.462500 0.024000 0.023000
0 0.248000 0.530750 0.016000 0.023500
0 0.594000 0.844000 0.020000 0.019000
0 0.757000 0.628000 0.031000 0.030000
0 0.293500 0.584500 0.010000 0.015000
0 0.704500 0.246000 0.010000 0.010000
0 0.387000 0.540000 0.014000 0.013000
0 0.529500 0.501000 0.013000 0.016000
0 0.537000 0.546500 0.021000 0.021000
0 0.460000 0.525000 0.021000 0.026000
0 0.562500 0.522500 0.023000 0.024000
0 0.292500 0.138000 0.020000 0.020000
0 0.384000 0.513500 0.032000 0.027000
0 0.364500 0.348000 0.027000 0.023000
0 0.499500 0.563000 0.022000 0.019000
0 0.694000 0.598000 0.020000 0.012000
0 0.423500 0.512500 0.016000 0.016000
0 0.884500 0.528000 0.014000 0.013000
0 0.441000 0.774000 0.020000 0.020000
0 0.118000 0.522000 0.031000 0.021000
0 0.575500 0.649000 0.014000 0.018000
0 0.382500 0.136500 0.021000 0.019000
0 0.090000 0.459000 0.018000 0.022000
0 0.482000 0.519500 0.016000 0.011000
0 0.579000 0.492500 0.017000 0.017000
0 0.405000 0.423500 0.014000 0.012000
0 0.761000 0.670500 0.029000 0.027000
0 0.779500 0.654000 0.012000 0.016000
0 0.635000 0.663500 0.016000 0.015000
0 0.452000 0.525000 0.021000 0.014000
0 0.529000 0.457500 0.031000 0.028000
0 0.182000 0.306500 0.017000 0.020000
0 0.384000 0.530500 0.021000 0.019000
0 0.287500 0.829000 0.020000 0.019000
0 0.459500 0.498000 0.012000 0.013000
0 0.176500 0.399000 0.025000 0.026000
0 0.456500 0.532500 0.027000 0.029000
0 0.362000 0.589000 0.016000 0.011000
0 0.561500 0.676500 0.015000 0.014000
0 0.255500 0.472500 0.026000 0.025000
0 0.231000 0.503000 0.015000 0.011000
0 0.577500 0.893500 0.022000 0.017000
0 0.596000 0.443500 0.013000 0.013000
0 0.651000 0.250000 0.017000 0.014000
0 0.537500 0.431500 0.022000 0.022000
0 0.479500 0.856000 0.019000 0.015000
0 0.628000 0.480000 0.017000 0.016000
0 0.362500 0.777500 0.028000 0.023000
0 0.602500 0.767500 0.024000 0.021000
0 0.673500 0.465500 0.010000 0.009000
0 0.357000 0.566500 0.019000 0.033000
0 0.776500 0.783000 0.018000 0.019000
0 0.545500 0.427500 0.015000 0.011000
0 0.386000 0.198500 0.030000 0.030000
0 0.514000 0.617500 0.026000 0.018000
0 0.158500 0.381500 0.030000 0.031000
0 0.557000 0.790500 0.035000 0.036000
0 0.452000 0.496500 0.028000 0.021000
0 0.538000 0.667500 0.015000 0.016000
0 0.731500 0.279000 0.015000 0.022000
0 0.282500 0.767500 0.025000 0.029000
0 0.204500 0.382500 0.015000 0.019000
0 0.544750 0.753250 0.034500 0.035500
0 0.200500 0.632000 0.023000 0.024000
0 0.235000 0.551500 0.016000 0.018000
0 0.589000 0.373500 0.027000 0.026000
0 0.312500 0.861500 0.018000 0.023000
0 0.308500 0.296000 0.033000 0.027000
0 0.207000 0.495500 0.020000 0.022000
0 0.501500 0.484000 0.018000 0.017000
0 0.821000 0.561000 0.026000 0.027000
0 0.866500 0.415000 0.013000 0.012000
0 0.507000 0.487500 0.019000 0.019000
0 0.319500 0.565000 0.016000 0.016000
0 0.366500 0.232000 0.020000 0.019000
0 0.524500 0.258000 0.019000 0.014000
0 0.693500 0.378500 0.032000 0.032000
0 0.405500 0.107000 0.012000 0.012000
0 0.596500 0.632000 0.029000 0.028000
0 0.402500 0.398000 0.021000 0.015000
0 0.772500 0.351000 0.018000 0.018000
0 0.332500 0.439500 0.016000 0.012000
0 0.554500 0.149000 0.009000 0.011000
0 0.450500 0.570500 0.014000 0.015000
0 0.306000 0.570500 0.013000 0.014000
0 0.547500 0.524000 0.015000 0.015000
0 0.455000 0.791500 0.012000 0.013000
0 0.455000 0.693000 0.021000 0.020000
0 0.340500 0.794000 0.027000 0.024000
0 0.776000 0.712000 0.023000 0.020000
0 0.269500 0.218000 0.021000 0.017000
0 0.485000 0.601500 0.012000 0.012000
0 0.702500 0.829500 0.024000 0.024000
0 0.855500 0.383500 0.017000 0.015000
0 0.275500 0.510000 0.015000 0.012000
0 0.568000 0.612500 0.014000 0.016000
0 0.522000 0.415000 0.017000 0.027000
0 0.192000 0.368000 0.033000 0.025000
0 0.552000 0.199000 0.016000 0.017000
0 0.538500 0.657500 0.026000 0.027000
0 0.569500 0.673500 0.024000 0.024000
0 0.563000 0.585000 0.014000 0.011000
0 0.274500 0.708500 0.011000 0.015000
0 0.452500 0.390000 0.018000 0.014000
0 0.632000 0.583500 0.014000 0.015000
0 0.508500 0.463500 0.018000 0.014000
0 0.723500 0.498500 0.029000 0.022000
0 0.437500 0.784500 0.026000 0.025000
0 0.688000 0.446500 0.013000 0.010000
0 0.745750 0.542000 0.011500 0.009000
0 0.637000 0.421500 0.014000 0.013000
0 0.686500 0.568000 0.020000 0.021000
0 0.651000 0.549500 0.021000 0.028000
0 0.530000 0.466000 0.017000 0.021000
0 0.151500 0.655000 0.023000 0.022000
0 0.745500 0.350000 0.023000 0.015000
0 0.507000 0.708000 0.010000 0.013000
0 0.489500 0.549000 0.019000 0.018000
0 0.197500 0.725500 0.023000 0.024000
0 0.606500 0.492000 0.018000 0.029000
0 0.503000 0.640500 0.013000 0.013000
0 0.497500 0.552000 0.021000 0.029000
0 0.471500 0.542000 0.020000 0.025000
0 0.419500 0.537000 0.026000 0.028000
0 0.668000 0.496000 0.013000 0.010000
0 0.511000 0.493500 0.021000 0.022000
0 0.419000 0.412000 0.030000 0.024000
0 0.410000 0.527000 0.018000 0.014000
0 0.568000 0.384500 0.017000 0.014000
0 0.531000 0.529500 0.012000 0.011000
0 0.349500 0.483000 0.013000 0.010000
0 0.478000 0.446000 0.013000 0.017000
0 0.670500 0.532500 0.018000 0.025000
0 0.806500 0.552500 0.011000 0.012000
0 0.478000 0.401000 0.019000 0.014000
0 0.713500 0.440500 0.019000 0.015000
0 0.555500 0.437500 0.013000 0.013000
0 0.202000 0.292000 0.021000 0.019000
0 0.716000 0.209500 0.010000 0.013000
0 0.620500 0.510000 0.027000 0.029000
0 0.254500 0.162000 0.014000 0.009000
0 0.165500 0.506000 0.014000 0.017000
0 0.419000 0.550500 0.017000 0.016000
0 0.192500 0.727000 0.027000 0.023000
0 0.531000 0.691000 0.017000 0.020000
0 0.598750 0.579500 0.017500 0.016000
0 0.806000 0.567000 0.030000 0.026000
0 0.325000 0.728000 0.021000 0.027000
0 0.452000 0.137500 0.017000 0.022000
0 0.230500 0.479500 0.018000 0.022000
0 0.607500 0.248000 0.013000 0.011000
0 0.469500 0.217000 0.014000 0.015000
0 0.640000 0.586500 0.015000 0.018000
0 0.152500 0.516500 0.021000 0.020000
0 0.460000 0.344000 0.016000 0.013000
0 0.458500 0.434000 0.026000 0.021000
0 0.547500 0.460500 0.026000 0.028000
0 0.393500 0.496000 0.031000 0.027000
0 0.656500 0.475500 0.019000 0.022000
0 0.455000 0.425500 0.012000 0.012000
0 0.520000 0.696000 0.016000 0.015000
0 0.320500 0.411500 0.024000 0.021000
0 0.510000 0.718000 0.019000 0.020000
0 0.557500 0.892000 0.011000 0.013000
0 0.488500 0.494500 0.019000 0.022000
0 0.453500 0.406500 0.033000 0.027000
0 0.394000 0.508500 0.021000 0.025000
0 0.217000 0.477000 0.017000 0.015000
0 0.516500 0.361500 0.026000 0.025000
0 0.293500 0.463500 0.015000 0.014000
0 0.829500 0.494500 0.025000 0.025000
0 0.467000 0.457000 0.015000 0.017000
0 0.347000 0.408000 0.020000 0.020000
0 0.321000 0.613000 0.023000 0.017000
0 0.688000 0.217000 0.014000 0.013000
0 0.126500 0.411500 0.018000 0.026000
0 0.625000 0.408500 0.014000 0.015000
0 0.566500 0.215000 0.014000 0.015000
0 0.323000 0.681000 0.018000 0.016000
0 0.219500 0.489000 0.025000 0.024000
0 0.475000 0.201000 0.031000 0.027000
0 0.441000 0.691000 0.014000 0.015000
0 0.560500 0.574500 0.028000 0.036000
0 0.744000 0.621500 0.016000 0.026000
0 0.667500 0.629000 0.011000 0.009000
0 0.603000 0.512000 0.014000 0.014000
0 0.634500 0.568000 0.023000 0.022000
0 0.637500 0.187500 0.032000 0.026000
0 0.360500 0.420500 0.019000 0.026000
0 0.499500 0.419500 0.017000 0.015000
0 0.254500 0.587500 0.010000 0.010000
0 0.323000 0.624500 0.009000 0.018000
0 0.539750 0.591250 0.031500 0.030500
0 0.625000 0.398500 0.026000 0.022000
0 0.524000 0.424500 0.013000 0.016000
0 0.303500 0.184000 0.017000 0.021000
0 0.168500 0.534500 0.019000 0.019000
0 0.481500 0.478000 0.028000 0.021000
0 0.630500 0.805500 0.013000 0.013000
0 0.237500 0.643000 0.020000 0.020000
0 0.425000 0.634500 0.012000 0.015000
0 0.355500 0.521000 0.011000 0.011000
0 0.477000 0.386500 0.018000 0.019000
0 0.304500 0.369500 0.025000 0.025000
0 0.174500 0.623000 0.011000 0.019000
0 0.346000 0.372500 0.024000 0.022000
0 0.316000 0.345000 0.016000 0.015000
0 0.808500 0.290500 0.014000 0.014000
0 0.753500 0.689500 0.023000 0.022000
0 0.620000 0.536500 0.012000 0.014000
0 0.175500 0.358500 0.018000 0.018000
0 0.288000 0.641000 0.012000 0.013000
0 0.770000 0.472500 0.017000 0.016000
0 0.605500 0.339500 0.023000 0.023000
0 0.575500 0.242000 0.013000 0.013000
0 0.582500 0.541500 0.010000 0.010000
0 0.488000 0.524000 0.020000 0.020000
0 0.341500 0.871500 0.028000 0.019000
0 0.571500 0.508500 0.028000 0.032000
0 0.414500 0.463500 0.016000 0.016000
0 0.612500 0.155000 0.028000 0.027000
0 0.907000 0.501000 0.025000 0.027000
0 0.427000 0.502500 0.009000 0.011000
0 0.834000 0.398000 0.011000 0.015000
0 0.175000 0.494500 0.028000 0.029000
0 0.422500 0.149500 0.013000 0.013000
0 0.408500 0.507000 0.022000 0.020000
0 0.610000 0.574000 0.022000 0.015000
0 0.584000 0.568000 0.027000 0.024000
0 0.589000 0.522000 0.012000 0.016000
0 0.810000 0.598500 0.019000 0.019000
0 0.533500 0.589000 0.026000 0.024000
0 0.719500 0.514500 0.017000 0.025000
0 0.828000 0.277000 0.022000 0.021000
0 0.881000 0.606000 0.018000 0.020000
0 0.761000 0.385000 0.015000 0.018000
0 0.272500 0.429000 0.020000 0.018000
0 0.444500 0.223000 0.016000 0.016000
0 0.304500 0.466000 0.017000 0.017000
0 0.544500 0.573000 0.023000 0.022000
0 0.482500 0.838500 0.018000 0.021000
0 0.766500 0.312500 0.029000 0.021000
0 0.469000 0.349500 0.018000 0.018000
0 0.457000 0.513500 0.021000 0.023000
0 0.570000 0.396500 0.016000 0.016000
0 0.534000 0.647500 0.025000 0.026000
0 0.686000 0.540500 0.022000 0.026000
0 0.488000 0.780000 0.018000 0.012000
0 0.712000 0.419500 0.017000 0.018000
0 0.628000 0.618000 0.012000 0.014000
0 0.530500 0.474250 0.016000 0.020500
0 0.414500 0.531000 0.028000 0.028000
0 0.251000 0.739500 0.014000 0.015000
0 0.322500 0.270500 0.019000 0.014000
0 0.508000 0.515000 0.019000 0.020000
0 0.168500 0.549500 0.024000 0.020000
0 0.847500 0.274000 0.018000 0.019000
0 0.289000 0.679500 0.022000 0.025000
0 0.838500 0.370000 0.013000 0.017000
0 0.677000 0.738000 0.020000 0.018000
0 0.568000 0.472500 0.019000 0.019000
0 0.444500 0.840500 0.026000 0.032000
0 0.563000 0.504000 0.008000 0.012000
0 0.861000 0.386000 0.021000 0.022000
0 0.551500 0.696000 0.013000 0.013000
0 0.676000 0.407500 0.025000 0.023000
0 0.542000 0.728000 0.012000 0.014000
0 0.787000 0.349000 0.021000 0.021000
0 0.297000 0.363500 0.023000 0.028000
0 0.187000 0.682000 0.019000 0.015000
0 0.442500 0.727000 0.025000 0.033000
0 0.415500 0.645000 0.014000 0.013000
0 0.230500 0.229000 0.028000 0.024000
0 0.693500 0.418000 0.010000 0.014000
0 0.597000 0.474000 0.014000 0.014000
0 0.462500 0.869000 0.011000 0.010000
0 0.564500 0.884000 0.011000 0.010000
0 0.471000 0.760000 0.013000 0.015000
0 0.696000 0.737000 0.014000 0.015000
0 0.471000 0.469500 0.020000 0.024000
0 0.642500 0.529750 0.016000 0.023500
0 0.477500 0.345000 0.032000 0.032000
0 0.210000 0.567000 0.024000 0.024000
0 0.541250 0.828500 0.026500 0.021000
0 0.468500 0.899000 0.024000 0.017000
0 0.366000 0.580500 0.029000 0.029000
0 0.415000 0.097500 0.017000 0.018000
0 0.385000 0.389500 0.026000 0.020000
0 0.333500 0.839000 0.021000 0.022000
0 0.314500 0.571000 0.019000 0.022000
0 0.281500 0.759000 0.023000 0.027000
0 0.476000 0.574000 0.018000 0.018000
0 0.840000 0.275000 0.018000 0.018000
0 0.192500 0.402500 0.022000 0.022000
0 0.601500 0.590500 0.023000 0.026000
0 0.254500 0.432500 0.021000 0.018000
0 0.770500 0.578500 0.021000 0.019000
0 0.794500 0.644500 0.012000 0.013000
0 0.373500 0.136500 0.026000 0.020000
0 0.336000 0.273250 0.012000 0.017500
0 0.452500 0.678500 0.017000 0.021000
0 0.509500 0.418500 0.013000 0.014000
0 0.512000 0.602000 0.017000 0.016000
0 0.207500 0.633000 0.019000 0.017000
0 0.398000 0.756500 0.024000 0.028000
0 0.772000 0.616000 0.011000 0.011000
0 0.646000 0.271500 0.017000 0.017000
0 0.535500 0.523000 0.017000 0.013000
0 0.528250 0.364250 0.023500 0.022500
0 0.457500 0.547500 0.018000 0.021000
0 0.434500 0.586000 0.015000 0.014000
0 0.559000 0.544000 0.023000 0.022000
0 0.520000 0.747500 0.032000 0.025000
0 0.304500 0.462500 0.031000 0.032000
0 0.663000 0.340500 0.015000 0.015000
0 0.491500 0.901000 0.028000 0.024000
0 0.392000 0.124000 0.026000 0.026000
0 0.369500 0.436500 0.011000 0.016000
0 0.308000 0.358500 0.029000 0.029000
0 0.463000 0.633500 0.024000 0.024000
0 0.715000 0.754000 0.012000 0.012000
0 0.609750 0.450750 0.014500 0.014500
0 0.239500 0.183000 0.023000 0.024000
0 0.487500 0.456000 0.020000 0.020000
0 0.397500 0.161500 0.017000 0.022000
0 0.498500 0.603500 0.019000 0.021000
0 0.433000 0.476500 0.024000 0.025000
0 0.899500 0.527500 0.015000 0.016000
0 0.521000 0.479000 0.012000 0.014000
0 0.691500 0.364000 0.027000 0.030000
0 0.860500 0.455000 0.014000 0.016000
0 0.534500 0.358000 0.010000 0.017000
0 0.277500 0.801500 0.018000 0.020000
0 0.595000 0.404500 0.020000 0.026000
0 0.692000 0.640000 0.026000 0.030000
0 0.533500 0.387000 0.017000 0.016000
0 0.489000 0.293500 0.020000 0.022000