0 0.628500 0.262500 0.014000 0.013000
0 0.434500 0.465500 0.025000 0.024000
0 0.531000 0.496000 0.017000 0.018000
0 0.222500 0.574000 0.024000 0.015000
0 0.643000 0.823000 0.023000 0.021000
0 0.527500 0.603500 0.029000 0.030000
0 0.495000 0.852000 0.026000 0.023000
0 0.683000 0.540000 0.016000 0.023000
0 0.612000 0.518000 0.030000 0.020000
0 0.786000 0.201500 0.008000 0.011000
0 0.107500 0.391000 0.022000 0.017000
0 0.540500 0.414500 0.019000 0.019000
0 0.515000 0.601000 0.011000 0.011000
0 0.613750 0.699500 0.023500 0.016000
0 0.636000 0.580000 0.025000 0.024000
0 0.901000 0.411000 0.024000 0.028000
0 0.599500 0.477500 0.026000 0.028000
0 0.624500 0.603000 0.018000 0.014000
0 0.600500 0.621500 0.013000 0.015000
0 0.499000 0.402500 0.023000 0.025000
0 0.558000 0.460000 0.017000 0.020000
0 0.550500 0.512500 0.019000 0.016000
0 0.341500 0.425000 0.011000 0.009000
0 0.472000 0.643000 0.024000 0.024000
0 0.308000 0.411000 0.031000 0.018000
0 0.457750 0.465000 0.017500 0.012000
0 0.278000 0.789500 0.028000 0.022000
0 0.397500 0.613500 0.014000 0.016000
0 0.228000 0.601500 0.026000 0.024000
0 0.324500 0.837000 0.025000 0.026000
0 0.348000 0.751000 0.025000 0.029000
0 0.401500 0.617500 0.012000 0.012000
0 0.313000 0.504500 0.015000 0.018000
0 0.670000 0.360000 0.026000 0.022000
0 0.742500 0.578000 0.027000 0.024000
0 0.405000 0.237000 0.028000 0.019000
0 0.429000 0.584500 0.020000 0.024000
0 0.508000 0.573500 0.012000 0.013000
0 0.497500 0.415500 0.014000 0.015000
0 0.525000 0.258500 0.011000 0.013000
0 0.682500 0.491500 0.017000 0.017000
0 0.455000 0.421000 0.028000 0.029000
0 0.166500 0.747000 0.009000 0.014000
0 0.532500 0.597000 0.010000 0.011000
0 0.344500 0.434000 0.019000 0.021000
0 0.424500 0.897000 0.022000 0.018000
0 0.497500 0.492000 0.025000 0.020000
0 0.617000 0.154000 0.016000 0.015000
0 0.763500 0.568500 0.030000 0.023000
0 0.109500 0.503000 0.014000 0.012000
0 0.648500 0.445000 0.020000 0.027000
0 0.566000 0.507500 0.013000 0.014000
0 0.545000 0.367500 0.027000 0.023000
0 0.545500 0.623000 0.019000 0.019000
0 0.348000 0.495500 0.022000 0.022000
0 0.366500 0.330500 0.021000 0.015000
0 0.657500 0.452000 0.020000 0.018000
0 0.477000 0.511500 0.012000 0.013000
0 0.296500 0.530500 0.016000 0.017000
0 0.822000 0.244500 0.011000 0.016000
0 0.518000 0.698000 0.027000 0.028000
0 0.849000 0.286500 0.022000 0.026000
0 0.445000 0.541500 0.022000 0.015000
0 0.570000 0.737000 0.029000 0.026000
0 0.492000 0.500000 0.036000 0.019000
0 0.314500 0.434500 0.018000 0.018000
0 0.784000 0.377500 0.016000 0.015000
0 0.788500 0.573000 0.019000 0.019000
0 0.411000 0.400000 0.013000 0.016000
0 0.496000 0.511000 0.023000 0.022000
0 0.480000 0.482000 0.016000 0.013000
0 0.715500 0.175000 0.008000 0.009000
0 0.510500 0.355500 0.018000 0.013000
0 0.444500 0.652500 0.018000 0.023000
0 0.505500 0.500500 0.023000 0.029000
0 0.730000 0.678500 0.016000 0.015000
0 0.516000 0.493500 0.020000 0.014000
0 0.655500 0.571000 0.023000 0.023000
0 0.511000 0.554500 0.021000 0.013000
0 0.135500 0.570000 0.020000 0.020000
0 0.461500 0.511500 0.020000 0.026000
0 0.590500 0.135000 0.012000 0.013000
0 0.257500 0.728500 0.026000 0.022000
0 0.623000 0.795000 0.013000 0.014000
0 0.776500 0.204500 0.017000 0.022000
0 0.802500 0.243500 0.018000 0.019000
0 0.565500 0.554500 0.018000 0.017000
0 0.388000 0.305500 0.017000 0.018000
0 0.392000 0.564500 0.023000 0.028000
0 0.811500 0.775500 0.014000 0.015000
0 0.590000 0.711000 0.013000 0.011000
0 0.486500 0.580500 0.027000 0.025000
0 0.478000 0.492000 0.021000 0.020000
0 0.394500 0.601500 0.013000 0.013000
0 0.598000 0.647000 0.015000 0.014000
0 0.367500 0.812000 0.021000 0.022000
0 0.542000 0.600000 0.015000 0.017000
0 0.325000 0.310000 0.028000 0.023000
0 0.498500 0.470500 0.015000 0.015000
0 0.613000 0.612000 0.016000 0.015000
0 0.806500 0.666500 0.022000 0.022000
0 0.434000 0.433500 0.019000 0.019000
0 0.501000 0.527500 0.013000 0.014000
0 0.457500 0.302000 0.011000 0.014000
0 0.478500 0.706500 0.029000 0.029000
0 0.437500 0.495000 0.022000 0.022000
0 0.691000 0.620000 0.032000 0.023000
0 0.467000 0.469000 0.021000 0.022000
0 0.463500 0.766500 0.017000 0.019000
0 0.792500 0.401500 0.024000 0.022000
0 0.430000 0.377000 0.013000 0.015000
0 0.384500 0.546500 0.033000 0.027000
0 0.275000 0.289000 0.019000 0.022000
0 0.454000 0.487500 0.018000 0.024000
0 0.620000 0.447500 0.014000 0.013000
0 0.456500 0.562500 0.016000 0.019000
0 0.432000 0.636000 0.018000 0.013000
0 0.367500 0.682500 0.015000 0.013000
0 0.467000 0.645500 0.018000 0.020000
0 0.405750 0.381500 0.026500 0.018000
0 0.602000 0.506500 0.014000 0.014000
0 0.325000 0.447000 0.013000 0.014000
0 0.207000 0.468500 0.017000 0.021000
0 0.555000 0.365500 0.022000 0.027000
0 0.688500 0.437500 0.019000 0.015000
0 0.505500 0.562000 0.020000 0.026000
0 0.305500 0.221500 0.021000 0.023000
0 0.439500 0.144500 0.012000 0.013000
0 0.242000 0.459500 0.023000 0.021000
0 0.619500 0.681000 0.021000 0.019000
0 0.622500 0.576500 0.025000 0.018000
0 0.296500 0.155500 0.029000 0.026000
0 0.750500 0.468000 0.015000 0.016000
0 0.648000 0.108000 0.019000 0.013000
0 0.463500 0.283500 0.019000 0.019000
0 0.741000 0.281000 0.021000 0.024000
0 0.550500 0.493500 0.025000 0.028000
0 0.490000 0.403500 0.013000 0.009000
0 0.324000 0.382000 0.020000 0.021000
0 0.564500 0.540000 0.013000 0.014000
0 0.633500 0.449000 0.014000 0.016000
0 0.551000 0.245000 0.030000 0.028000
0 0.236000 0.689500 0.033000 0.027000
0 0.723000 0.221000 0.019000 0.019000
0 0.183500 0.262000 0.017000 0.016000
0 0.874000 0.331500 0.020000 0.021000
0 0.479500 0.427000 0.029000 0.026000
0 0.494000 0.522000 0.015000 0.024000
0 0.152500 0.313000 0.014000 0.012000
0 0.175500 0.282500 0.025000 0.024000
0 0.451500 0.461000 0.017000 0.014000
0 0.338500 0.122000 0.010000 0.013000
0 0.227500 0.373500 0.035000 0.034000
0 0.515000 0.506500 0.019000 0.020000
0 0.316000 0.537000 0.025000 0.030000
0 0.547500 0.717000 0.033000 0.023000
0 0.875000 0.472000 0.012000 0.012000
0 0.814000 0.436000 0.025000 0.026000
0 0.510500 0.720500 0.015000 0.018000
0 0.718000 0.833000 0.020000 0.024000
0 0.495500 0.668500 0.015000 0.016000
0 0.342000 0.660000 0.027000 0.028000
0 0.571000 0.464000 0.019000 0.019000
0 0.195000 0.693500 0.026000 0.026000
0 0.317500 0.350500 0.036000 0.030000
0 0.252500 0.469500 0.022000 0.019000
0 0.665000 0.381000 0.013000 0.013000
0 0.407000 0.269500 0.015000 0.015000
0 0.746000 0.488000 0.010000 0.013000
0 0.503500 0.486000 0.023000 0.027000
0 0.345500 0.372000 0.028000 0.027000
0 0.469500 0.508500 0.018000 0.018000
0 0.594000 0.418500 0.022000 0.019000
0 0.374000 0.178500 0.019000 0.018000
0 0.207500 0.368500 0.022000 0.021000
0 0.698000 0.570500 0.028000 0.020000
0 0.787000 0.523500 0.025000 0.026000
0 0.794500 0.641000 0.022000 0.015000
0 0.323000 0.238500 0.022000 0.022000
0 0.665500 0.151000 0.012000 0.012000
0 0.488500 0.467500 0.010000 0.011000
0 0.780000 0.739500 0.016000 0.021000
0 0.330000 0.404500 0.012000 0.013000
0 0.602000 0.452000 0.020000 0.020000
0 0.636000 0.556500 0.012000 0.012000
0 0.476500 0.572000 0.017000 0.018000
0 0.713500 0.648000 0.017000 0.016000
0 0.636500 0.311000 0.011000 0.015000
0 0.367500 0.728000 0.033000 0.033000
0 0.125000 0.647000 0.016000 0.015000
0 0.425000 0.260500 0.033000 0.033000
0 0.375500 0.509000 0.013000 0.010000
0 0.347500 0.136500 0.024000 0.026000
0 0.434500 0.765000 0.027000 0.030000
0 0.478500 0.466000 0.018000 0.017000
0 0.593500 0.553000 0.019000 0.018000
0 0.858000 0.591500 0.011000 0.012000
0 0.610000 0.104500 0.018000 0.023000
0 0.478000 0.595500 0.021000 0.022000
0 0.377000 0.670750 0.012000 0.017500
0 0.483000 0.498000 0.034000 0.033000
0 0.540250 0.701500 0.020500 0.021000
0 0.465000 0.451500 0.022000 0.026000
0 0.685000 0.144000 0.020000 0.021000
0 0.891500 0.561000 0.026000 0.032000
0 0.499500 0.314000 0.027000 0.027000
0 0.468500 0.546000 0.028000 0.029000
0 0.575000 0.449500 0.009000 0.013000
0 0.159500 0.617000 0.034000 0.029000
0 0.537000 0.404500 0.018000 0.011000
0 0.501000 0.514000 0.027000 0.021000
0 0.534500 0.335500 0.015000 0.017000
0 0.412500 0.480500 0.021000 0.023000
0 0.893500 0.383000 0.011000 0.011000
0 0.215500 0.573500 0.018000 0.019000
0 0.855000 0.396500 0.015000 0.015000
0 0.511500 0.406000 0.015000 0.019000
0 0.550500 0.593000 0.028000 0.021000
0 0.378500 0.426000 0.023000 0.019000
0 0.746000 0.617000 0.014000 0.011000
0 0.461000 0.355000 0.015000 0.014000
0 0.509500 0.512500 0.020000 0.022000
0 0.341000 0.177000 0.015000 0.015000
0 0.185500 0.579000 0.017000 0.014000
0 0.475500 0.579500 0.017000 0.017000
0 0.493000 0.215500 0.024000 0.025000
0 0.226000 0.708000 0.016000 0.019000
0 0.459500 0.617500 0.029000 0.028000
0 0.588000 0.473000 0.022000 0.023000
0 0.261500 0.698000 0.016000 0.020000
0 0.616500 0.744500 0.024000 0.021000
0 0.495000 0.591500 0.028000 0.026000
0 0.458000 0.114000 0.022000 0.028000
0 0.827000 0.726000 0.015000 0.014000
0 0.420250 0.466500 0.020500 0.017000
0 0.674000 0.472000 0.015000 0.013000
0 0.572000 0.620500 0.025000 0.033000
0 0.677500 0.359000 0.015000 0.021000
0 0.396000 0.638500 0.013000 0.015000
0 0.255000 0.755000 0.018000 0.016000
0 0.467500 0.383500 0.021000 0.016000
0 0.577000 0.582000 0.015000 0.014000
0 0.254000 0.712500 0.025000 0.026000
0 0.727000 0.482500 0.023000 0.018000
0 0.264500 0.629500 0.015000 0.013000
0 0.432500 0.417000 0.016000 0.016000
0 0.424000 0.197500 0.019000 0.022000
0 0.625500 0.782500 0.020000 0.014000
0 0.343500 0.486500 0.017000 0.018000
0 0.425500 0.407500 0.019000 0.022000
0 0.545000 0.532000 0.017000 0.017000
0 0.271000 0.369000 0.026000 0.020000
0 0.268500 0.408000 0.021000 0.020000
0 0.477000 0.437000 0.016000 0.017000
0 0.599500 0.615500 0.023000 0.023000
0 0.444500 0.398500 0.017000 0.018000
0 0.464000 0.130500 0.011000 0.012000
0 0.554500 0.628000 0.021000 0.017000
0 0.783000 0.308000 0.025000 0.023000
0 0.285500 0.480000 0.017000 0.019000
0 0.636500 0.200500 0.019000 0.019000
0 0.272000 0.275500 0.028000 0.026000
0 0.648500 0.496500 0.019000 0.023000
0 0.748000 0.500000 0.012000 0.014000
0 0.870000 0.421500 0.016000 0.017000
0 0.799500 0.615000 0.024000 0.025000
0 0.535000 0.649000 0.017000 0.029000
0 0.673000 0.519000 0.013000 0.020000
0 0.389000 0.671500 0.015000 0.015000
0 0.445000 0.450000 0.015000 0.013000
0 0.459500 0.236000 0.026000 0.029000
0 0.214500 0.220500 0.020000 0.019000
0 0.246500 0.399500 0.021000 0.026000
0 0.796000 0.591500 0.020000 0.019000
0 0.376500 0.631000 0.012000 0.011000
0 0.447000 0.565500 0.023000 0.026000
0 0.484500 0.518000 0.012000 0.011000
0 0.464500 0.508000 0.014000 0.011000
0 0.439000 0.170500 0.017000 0.021000
0 0.622500 0.514500 0.017000 0.017000
0 0.592500 0.312000 0.019000 0.019000
0 0.537500 0.455500 0.029000 0.029000
0 0.470500 0.607000 0.018000 0.018000
0 0.634500 0.880000 0.016000 0.021000
0 0.521000 0.784500 0.014000 0.016000
0 0.520500 0.433250 0.013000 0.017500
0 0.388500 0.269500 0.018000 0.012000
0 0.116500 0.353000 0.011000 0.011000
0 0.442000 0.221500 0.028000 0.031000
0 0.560500 0.500000 0.026000 0.024000
0 0.367500 0.623000 0.013000 0.013000
0 0.709500 0.539000 0.021000 0.020000
0 0.827000 0.505000 0.027000 0.032000
0 0.761000 0.449500 0.018000 0.019000
0 0.672000 0.187500 0.020000 0.020000
0 0.741000 0.829500 0.028000 0.028000
0 0.672000 0.579500 0.026000 0.026000
0 0.841500 0.512000 0.019000 0.025000
0 0.369000 0.263500 0.013000 0.018000
0 0.335500 0.411500 0.028000 0.029000
0 0.522500 0.521000 0.032000 0.022000
0 0.503500 0.504000 0.019000 0.020000
0 0.488000 0.492000 0.016000 0.019000
0 0.657000 0.394750 0.012000 0.017500
0 0.571000 0.629500 0.020000 0.018000
0 0.520500 0.480000 0.028000 0.023000
0 0.369500 0.205500 0.011000 0.015000
0 0.753500 0.444500 0.013000 0.012000
0 0.175500 0.564500 0.019000 0.028000
0 0.738500 0.226000 0.022000 0.024000
0 0.267000 0.470500 0.034000 0.029000
0 0.488750 0.552000 0.020500 0.014000
0 0.550000 0.441000 0.027000 0.029000
0 0.389500 0.707500 0.017000 0.012000
0 0.452000 0.648000 0.028000 0.024000
0 0.810500 0.696500 0.031000 0.023000
0 0.184500 0.499500 0.012000 0.013000
0 0.501000 0.499500 0.028000 0.026000
0 0.739000 0.322500 0.013000 0.013000
0 0.277500 0.431500 0.024000 0.026000
0 0.822500 0.580500 0.013000 0.011000
0 0.680500 0.398000 0.015000 0.015000
0 0.351500 0.768500 0.016000 0.016000
0 0.735500 0.473500 0.024000 0.032000
0 0.500000 0.580500 0.019000 0.033000
0 0.489500 0.479000 0.013000 0.013000
0 0.497500 0.509000 0.021000 0.017000
0 0.347000 0.572000 0.028000 0.027000
0 0.398000 0.579000 0.021000 0.020000
0 0.654500 0.291000 0.034000 0.033000
0 0.211000 0.696000 0.012000 0.012000
0 0.528500 0.535000 0.020000 0.017000
0 0.641500 0.594500 0.011000 0.010000
0 0.501500 0.536500 0.021000 0.024000
0 0.579000 0.124500 0.016000 0.014000
0 0.457000 0.601500 0.012000 0.014000
0 0.496500 0.539000 0.012000 0.014000
0 0.779000 0.374000 0.014000 0.014000
0 0.648000 0.350000 0.012000 0.012000
0 0.385500 0.817500 0.022000 0.021000
0 0.385000 0.397500 0.026000 0.025000
0 0.542000 0.373500 0.016000 0.013000
0 0.897000 0.552000 0.022000 0.022000
0 0.390000 0.419500 0.029000 0.022000
0 0.681500 0.640000 0.025000 0.026000
0 0.728500 0.814500 0.016000 0.023000
0 0.574000 0.659250 0.008000 0.011500
0 0.467000 0.691000 0.027000 0.029000
0 0.539500 0.163000 0.017000 0.015000
0 0.489250 0.652500 0.023500 0.017000
0 0.210750 0.647000 0.023500 0.016000
0 0.385500 0.512000 0.029000 0.028000
0 0.287000 0.216000 0.025000 0.017000
0 0.219000 0.702000 0.017000 0.018000
0 0.755000 0.359500 0.012000 0.012000
0 0.390500 0.367000 0.019000 0.022000
0 0.539500 0.542500 0.034000 0.030000
0 0.524500 0.684500 0.029000 0.029000
0 0.487500 0.485000 0.021000 0.024000
0 0.378500 0.558000 0.022000 0.017000
0 0.460500 0.206000 0.022000 0.017000
0 0.194500 0.463000 0.014000 0.013000
0 0.155500 0.302000 0.021000 0.021000
0 0.386000 0.718000 0.023000 0.023000
0 0.413500 0.321500 0.020000 0.020000
0 0.891000 0.501500 0.023000 0.019000
0 0.618000 0.877500 0.025000 0.021000
0 0.764000 0.515500 0.020000 0.024000
0 0.476000 0.149000 0.015000 0.011000
0 0.543500 0.493000 0.015000 0.014000
0 0.155000 0.719000 0.014000 0.014000
0 0.427500 0.675250 0.022000 0.032500
0 0.428500 0.655000 0.023000 0.022000
0 0.452500 0.278500 0.024000 0.023000
0 0.725500 0.346000 0.016000 0.019000
0 0.513000 0.468500 0.031000 0.033000
0 0.629500 0.898750 0.016000 0.023500
0 0.542500 0.798000 0.015000 0.014000
0 0.836500 0.549500 0.011000 0.011000
0 0.484000 0.475000 0.022000 0.016000
0 0.098500 0.567000 0.020000 0.020000
0 0.555500 0.606000 0.013000 0.012000
0 0.580500 0.400000 0.024000 0.025000
0 0.496500 0.189000 0.026000 0.021000
0 0.709500 0.629000 0.015000 0.012000
0 0.297000 0.514500 0.022000 0.022000
0 0.343500 0.469000 0.029000 0.028000
0 0.283500 0.197000 0.019000 0.016000
0 0.655500 0.739500 0.030000 0.031000
0 0.293000 0.571000 0.013000 0.012000
0 0.503000 0.270000 0.019000 0.022000
0 0.416000 0.331500 0.011000 0.016000
0 0.674500 0.673500 0.015000 0.014000
0 0.351500 0.618500 0.030000 0.024000
0 0.163000 0.658500 0.017000 0.021000
0 0.212500 0.384000 0.015000 0.014000
0 0.252500 0.659000 0.026000 0.018000
0 0.359500 0.816500 0.032000 0.033000
0 0.814500 0.398000 0.026000 0.025000
0 0.629000 0.234500 0.019000 0.019000
0 0.411000 0.527000 0.026000 0.026000
0 0.636500 0.542500 0.023000 0.023000
0 0.474500 0.563500 0.036000 0.030000