0 0.422000 0.397500 0.016000 0.014000
0 0.884000 0.448500 0.019000 0.016000
0 0.537000 0.321500 0.015000 0.017000
0 0.474500 0.497500 0.010000 0.013000
0 0.608000 0.165000 0.018000 0.020000
0 0.510500 0.739500 0.010000 0.011000
0 0.375000 0.336500 0.026000 0.025000
0 0.379000 0.741500 0.008000 0.009000
0 0.414000 0.550500 0.028000 0.030000
0 0.295000 0.537000 0.026000 0.021000
0 0.187500 0.523500 0.025000 0.025000
0 0.307000 0.829000 0.019000 0.022000
0 0.650000 0.578500 0.011000 0.009000
0 0.496500 0.501000 0.022000 0.022000
0 0.715000 0.515500 0.010000 0.010000
0 0.364500 0.565500 0.022000 0.023000
0 0.525000 0.451500 0.020000 0.025000
0 0.414500 0.512000 0.018000 0.019000
0 0.461000 0.152500 0.012000 0.009000
0 0.583500 0.595500 0.016000 0.017000
0 0.396500 0.681500 0.015000 0.014000
0 0.507000 0.507000 0.012000 0.013000
0 0.526500 0.690000 0.027000 0.026000
0 0.443500 0.281000 0.029000 0.035000
0 0.496000 0.509500 0.020000 0.022000
0 0.389500 0.486500 0.012000 0.012000
0 0.557500 0.876500 0.020000 0.019000
0 0.860500 0.368000 0.028000 0.028000
0 0.395500 0.641500 0.029000 0.028000
0 0.767500 0.376000 0.024000 0.024000
0 0.483500 0.326000 0.015000 0.014000
0 0.498000 0.548500 0.031000 0.029000
0 0.561000 0.552500 0.028000 0.028000
0 0.455000 0.462500 0.017000 0.026000
0 0.150500 0.365500 0.016000 0.015000
0 0.836000 0.486000 0.020000 0.016000
0 0.395500 0.702500 0.027000 0.021000
0 0.360000 0.246000 0.009000 0.012000
0 0.311000 0.724500 0.016000 0.016000
0 0.541000 0.502500 0.014000 0.014000
0 0.593000 0.700500 0.023000 0.022000
0 0.691000 0.615000 0.033000 0.026000
0 0.339000 0.543500 0.017000 0.019000
0 0.124000 0.650000 0.017000 0.015000
0 0.498000 0.520000 0.009000 0.009000
0 0.236000 0.219500 0.018000 0.013000
0 0.682000 0.384000 0.019000 0.022000
0 0.524500 0.500000 0.013000 0.013000
0 0.592500 0.642000 0.018000 0.014000
0 0.341500 0.529000 0.012000 0.009000
0 0.476500 0.758500 0.022000 0.028000
0 0.441500 0.630000 0.015000 0.013000
0 0.629000 0.542500 0.025000 0.029000
0 0.456500 0.660000 0.031000 0.024000
0 0.327000 0.268500 0.028000 0.032000
0 0.652500 0.247500 0.027000 0.030000
0 0.522000 0.510500 0.018000 0.030000
0 0.577500 0.602000 0.023000 0.023000
0 0.450000 0.204500 0.014000 0.014000
0 0.081000 0.479500 0.012000 0.010000
0 0.203000 0.702000 0.023000 0.021000
0 0.311000 0.296500 0.020000 0.023000
0 0.380000 0.163500 0.026000 0.023000
0 0.521500 0.753500 0.018000 0.024000
0 0.413500 0.132000 0.013000 0.019000
0 0.760500 0.773000 0.016000 0.014000
0 0.247000 0.544500 0.016000 0.017000
0 0.402500 0.486000 0.018000 0.015000
0 0.425000 0.501500 0.027000 0.028000
0 0.290500 0.512000 0.017000 0.013000
0 0.704500 0.230500 0.019000 0.019000
0 0.666000 0.567000 0.015000 0.013000
0 0.820000 0.355000 0.008000 0.008000
0 0.605000 0.379500 0.018000 0.016000
0 0.742000 0.475000 0.020000 0.018000
0 0.757500 0.334000 0.018000 0.015000
0 0.289500 0.399000 0.020000 0.016000
0 0.620000 0.416500 0.018000 0.019000
0 0.575000 0.525000 0.024000 0.027000
0 0.556500 0.352000 0.018000 0.017000
0 0.504000 0.498500 0.015000 0.016000
0 0.178000 0.752500 0.021000 0.026000
0 0.324000 0.342500 0.011000 0.014000
0 0.783500 0.504000 0.014000 0.014000
0 0.382000 0.821500 0.017000 0.012000
0 0.615500 0.437500 0.022000 0.015000
0 0.290500 0.393500 0.021000 0.022000
0 0.532000 0.141000 0.020000 0.018000
0 0.153750 0.335500 0.020500 0.019000
0 0.335000 0.460000 0.018000 0.017000
0 0.530500 0.361750 0.013000 0.017500
0 0.378000 0.275000 0.014000 0.014000
0 0.205000 0.588500 0.013000 0.014000
0 0.159750 0.603000 0.017500 0.013000
0 0.539000 0.340000 0.011000 0.015000
0 0.230500 0.817000 0.015000 0.016000
0 0.876500 0.465500 0.024000 0.022000
0 0.418500 0.127000 0.021000 0.020000
0 0.709500 0.727500 0.027000 0.027000
0 0.293500 0.681750 0.020000 0.020500
0 0.635500 0.208000 0.025000 0.020000
0 0.448000 0.317500 0.019000 0.026000
0 0.284000 0.536500 0.031000 0.026000
0 0.463000 0.398000 0.013000 0.009000
0 0.884000 0.572000 0.017000 0.015000
0 0.814000 0.723500 0.011000 0.013000
0 0.661500 0.512000 0.013000 0.010000
0 0.270000 0.803000 0.025000 0.024000
0 0.498500 0.483500 0.015000 0.016000
0 0.449000 0.685500 0.022000 0.025000
0 0.849500 0.480000 0.018000 0.022000
0 0.352000 0.704000 0.018000 0.024000
0 0.392500 0.743000 0.010000 0.012000
0 0.283500 0.720500 0.030000 0.031000
0 0.199500 0.471000 0.028000 0.024000
0 0.410500 0.375000 0.022000 0.022000
0 0.556000 0.539500 0.015000 0.014000
0 0.557000 0.443500 0.016000 0.015000
0 0.596500 0.479500 0.021000 0.028000
0 0.523000 0.468500 0.025000 0.023000
0 0.763000 0.565500 0.018000 0.017000
0 0.125000 0.544500 0.014000 0.019000
0 0.461000 0.712000 0.017000 0.016000
0 0.307500 0.437000 0.013000 0.013000
0 0.281000 0.467500 0.026000 0.026000
0 0.454000 0.485750 0.010000 0.014500
0 0.388000 0.463000 0.022000 0.025000
0 0.494000 0.592750 0.017000 0.023500
0 0.482000 0.483000 0.028000 0.026000
0 0.683000 0.639000 0.025000 0.019000
0 0.575000 0.498000 0.027000 0.025000
0 0.381500 0.378000 0.011000 0.017000
0 0.806000 0.521500 0.028000 0.022000
0 0.402000 0.336000 0.018000 0.017000
0 0.648500 0.695000 0.014000 0.017000
0 0.483000 0.589000 0.019000 0.018000
0 0.475500 0.462500 0.025000 0.024000
0 0.668500 0.821000 0.017000 0.015000
0 0.773500 0.512500 0.022000 0.023000
0 0.500000 0.527500 0.016000 0.015000
0 0.555500 0.596500 0.024000 0.025000
0 0.372000 0.502000 0.021000 0.020000
0 0.604000 0.452000 0.020000 0.017000
0 0.349500 0.541500 0.030000 0.022000
0 0.131000 0.696500 0.019000 0.018000
0 0.134500 0.614500 0.018000 0.016000
0 0.348000 0.465250 0.016000 0.023500
0 0.561000 0.394500 0.011000 0.009000
0 0.734500 0.509500 0.020000 0.016000
0 0.449000 0.402000 0.014000 0.016000
0 0.619500 0.425500 0.027000 0.029000
0 0.577500 0.860000 0.012000 0.009000
0 0.597500 0.763500 0.008000 0.010000
0 0.843000 0.354000 0.010000 0.011000
0 0.814000 0.615500 0.018000 0.019000
0 0.340000 0.629500 0.011000 0.011000
0 0.599000 0.614500 0.017000 0.014000
0 0.601000 0.697500 0.018000 0.015000
0 0.207000 0.786500 0.025000 0.017000
0 0.227500 0.476500 0.014000 0.014000
0 0.583000 0.332000 0.014000 0.014000
0 0.498500 0.131000 0.018000 0.022000
0 0.595000 0.548500 0.015000 0.019000
0 0.550000 0.616000 0.023000 0.031000
0 0.809500 0.688500 0.021000 0.019000
0 0.420000 0.234500 0.017000 0.019000
0 0.748000 0.673000 0.014000 0.017000
0 0.845000 0.605000 0.018000 0.018000
0 0.358000 0.403500 0.021000 0.028000
0 0.374500 0.529500 0.012000 0.014000
0 0.799000 0.367000 0.029000 0.024000
0 0.491000 0.465500 0.032000 0.026000
0 0.600500 0.586000 0.027000 0.028000
0 0.632000 0.371000 0.016000 0.013000
0 0.359500 0.337500 0.034000 0.030000
0 0.777000 0.679500 0.024000 0.024000
0 0.474500 0.525500 0.010000 0.009000
0 0.510500 0.434000 0.010000 0.013000
0 0.415500 0.817750 0.012000 0.017500
0 0.370500 0.704000 0.025000 0.022000
0 0.495000 0.131500 0.030000 0.021000
0 0.484000 0.412000 0.017000 0.015000
0 0.208000 0.537000 0.017000 0.017000
0 0.414500 0.743500 0.028000 0.025000
0 0.720000 0.472500 0.017000 0.018000
0 0.334500 0.588500 0.022000 0.023000
0 0.518000 0.735000 0.023000 0.023000
0 0.423500 0.227500 0.021000 0.019000
0 0.861000 0.501000 0.021000 0.025000
0 0.303500 0.423500 0.018000 0.020000
0 0.719000 0.650500 0.017000 0.016000
0 0.344500 0.230500 0.031000 0.024000
0 0.341000 0.491500 0.023000 0.027000
0 0.530500 0.696500 0.017000 0.018000
0 0.722000 0.638000 0.022000 0.027000
0 0.527500 0.321000 0.014000 0.016000
0 0.551000 0.360500 0.022000 0.026000
0 0.663000 0.812000 0.020000 0.021000
0 0.540000 0.556000 0.026000 0.027000
0 0.223000 0.603000 0.021000 0.020000
0 0.540500 0.735000 0.015000 0.015000
0 0.668500 0.544000 0.022000 0.022000
0 0.674000 0.708500 0.022000 0.017000
0 0.149500 0.559000 0.013000 0.016000
0 0.507000 0.573000 0.026000 0.029000
0 0.578500 0.619000 0.010000 0.013000
0 0.818000 0.457000 0.016000 0.017000
0 0.677500 0.432000 0.021000 0.014000
0 0.410000 0.792500 0.019000 0.018000
0 0.421500 0.321000 0.012000 0.019000
0 0.306000 0.367500 0.020000 0.022000
0 0.572500 0.462000 0.014000 0.011000
0 0.512000 0.537000 0.023000 0.026000
0 0.213500 0.634500 0.016000 0.017000
0 0.401500 0.655500 0.016000 0.013000
0 0.596500 0.373500 0.028000 0.027000
0 0.164500 0.375500 0.017000 0.015000
0 0.394500 0.271000 0.031000 0.034000
0 0.493500 0.575000 0.014000 0.014000
0 0.513500 0.516500 0.022000 0.024000
0 0.623500 0.462500 0.023000 0.023000
0 0.539500 0.771500 0.017000 0.017000
0 0.817500 0.660750 0.024000 0.026500
0 0.404500 0.488000 0.009000 0.010000
0 0.546500 0.636000 0.017000 0.019000
0 0.605500 0.805000 0.013000 0.014000
0 0.441500 0.443500 0.013000 0.010000
0 0.638500 0.436000 0.021000 0.021000
0 0.514500 0.392500 0.018000 0.014000
0 0.462500 0.572500 0.016000 0.017000
0 0.541500 0.522500 0.020000 0.030000
0 0.567500 0.498500 0.029000 0.027000
0 0.594000 0.426000 0.016000 0.016000
0 0.580500 0.630500 0.020000 0.019000
0 0.235500 0.652000 0.014000 0.013000
0 0.623000 0.330500 0.023000 0.020000
0 0.417000 0.421500 0.026000 0.018000
0 0.530000 0.552500 0.031000 0.030000
0 0.380000 0.188000 0.028000 0.020000
0 0.281500 0.220000 0.008000 0.011000
0 0.306000 0.612500 0.018000 0.022000
0 0.363500 0.385000 0.011000 0.016000
0 0.259500 0.552000 0.009000 0.010000
0 0.426000 0.422500 0.015000 0.014000
0 0.274000 0.652000 0.035000 0.027000
0 0.610500 0.701500 0.016000 0.019000
0 0.353500 0.316000 0.029000 0.026000
0 0.693000 0.710500 0.011000 0.013000
0 0.508000 0.528000 0.028000 0.027000
0 0.502000 0.579500 0.018000 0.019000
0 0.465500 0.463750 0.018000 0.020500
0 0.607000 0.797500 0.025000 0.018000
0 0.511000 0.703000 0.022000 0.022000
0 0.855000 0.561500 0.020000 0.019000
0 0.617500 0.487000 0.017000 0.017000
0 0.414000 0.689000 0.020000 0.022000
0 0.449000 0.590000 0.020000 0.024000
0 0.520500 0.438500 0.018000 0.013000
0 0.582500 0.539500 0.012000 0.014000
0 0.739500 0.691000 0.016000 0.017000
0 0.495500 0.488000 0.021000 0.018000
0 0.443500 0.353500 0.017000 0.021000
0 0.451500 0.675500 0.032000 0.032000
0 0.232000 0.203250 0.016000 0.023500
0 0.721500 0.356000 0.015000 0.019000
0 0.609000 0.277500 0.030000 0.028000
0 0.344500 0.509500 0.021000 0.022000
0 0.723500 0.558500 0.025000 0.028000
0 0.590500 0.591000 0.017000 0.014000
0 0.683000 0.670000 0.014000 0.015000
0 0.737000 0.728000 0.023000 0.024000
0 0.697000 0.315500 0.015000 0.026000
0 0.669500 0.415500 0.021000 0.026000
0 0.479500 0.503500 0.014000 0.015000
0 0.741000 0.815500 0.020000 0.019000
0 0.696000 0.388000 0.016000 0.015000
0 0.168000 0.656500 0.031000 0.033000
0 0.598500 0.432000 0.022000 0.022000
0 0.647000 0.582500 0.015000 0.013000
0 0.701500 0.390500 0.021000 0.018000
0 0.341000 0.817500 0.030000 0.030000
0 0.375500 0.306500 0.011000 0.012000
0 0.465500 0.472500 0.022000 0.021000
0 0.247500 0.581000 0.020000 0.015000
0 0.715000 0.407000 0.025000 0.027000
0 0.598500 0.324000 0.020000 0.021000
0 0.728750 0.220000 0.014500 0.010000
0 0.673000 0.329500 0.022000 0.015000
0 0.702000 0.494500 0.036000 0.031000
0 0.731000 0.367000 0.012000 0.020000
0 0.520000 0.576000 0.012000 0.017000
0 0.521000 0.330500 0.016000 0.013000
0 0.750500 0.670500 0.020000 0.025000
0 0.596500 0.622000 0.010000 0.011000
0 0.367250 0.608500 0.017500 0.013000
0 0.349000 0.366500 0.022000 0.027000
0 0.690500 0.672500 0.021000 0.022000
0 0.613000 0.347000 0.030000 0.030000
0 0.363000 0.234500 0.018000 0.024000
0 0.300500 0.294500 0.021000 0.021000
0 0.485000 0.495500 0.017000 0.018000
0 0.513000 0.445000 0.016000 0.016000
0 0.489000 0.504000 0.027000 0.030000
0 0.483500 0.344500 0.027000 0.027000
0 0.217500 0.407000 0.030000 0.030000
0 0.343500 0.179500 0.033000 0.028000
0 0.494000 0.248500 0.009000 0.009000
0 0.641500 0.823500 0.013000 0.011000
0 0.404000 0.877000 0.016000 0.015000
0 0.384500 0.653000 0.017000 0.011000
0 0.423500 0.826000 0.016000 0.012000
0 0.622000 0.641000 0.017000 0.019000
0 0.585000 0.192000 0.027000 0.020000
0 0.736500 0.632500 0.016000 0.016000
0 0.589000 0.485000 0.025000 0.026000
0 0.773000 0.357000 0.008000 0.011000
0 0.830000 0.567000 0.025000 0.019000
0 0.665000 0.700000 0.029000 0.019000
0 0.520500 0.559500 0.028000 0.030000
0 0.418500 0.364500 0.022000 0.020000
0 0.692500 0.560500 0.018000 0.016000
0 0.488500 0.473500 0.027000 0.025000
0 0.268000 0.381500 0.021000 0.019000
0 0.503000 0.555500 0.014000 0.020000
0 0.550500 0.799000 0.019000 0.018000
0 0.655000 0.382500 0.023000 0.023000
0 0.513500 0.482000 0.011000 0.012000
0 0.662250 0.551000 0.023500 0.019000
0 0.429000 0.403000 0.010000 0.013000
0 0.613500 0.853000 0.018000 0.017000
0 0.749500 0.352000 0.023000 0.023000
0 0.673500 0.388500 0.025000 0.030000
0 0.608000 0.268000 0.015000 0.016000
0 0.581000 0.286500 0.022000 0.020000
0 0.476000 0.445500 0.011000 0.011000
0 0.487000 0.606000 0.018000 0.017000
0 0.582500 0.128000 0.031000 0.034000
0 0.451500 0.572500 0.013000 0.012000
0 0.482000 0.524000 0.016000 0.011000
0 0.481000 0.423500 0.012000 0.010000
0 0.178500 0.604500 0.016000 0.011000
0 0.606500 0.361500 0.015000 0.015000
0 0.283000 0.564500 0.029000 0.026000
0 0.485000 0.452500 0.014000 0.011000
0 0.640000 0.181500 0.023000 0.023000
0 0.844000 0.544000 0.016000 0.016000
0 0.727500 0.331500 0.016000 0.016000
0 0.324500 0.444500 0.016000 0.015000
0 0.708000 0.264000 0.015000 0.015000
0 0.567500 0.367500 0.021000 0.028000
0 0.305500 0.654000 0.018000 0.018000
0 0.765000 0.610500 0.019000 0.017000
0 0.620000 0.722000 0.021000 0.020000
0 0.771000 0.767500 0.013000 0.012000
0 0.276000 0.155500 0.025000 0.025000
0 0.278000 0.184000 0.025000 0.023000
0 0.644500 0.844500 0.017000 0.018000
0 0.281000 0.620000 0.027000 0.029000
0 0.596000 0.487500 0.018000 0.018000
0 0.746500 0.707000 0.010000 0.014000
0 0.662000 0.834500 0.018000 0.018000
0 0.770500 0.811500 0.029000 0.027000
0 0.631000 0.129500 0.030000 0.023000
0 0.503000 0.505500 0.022000 0.019000
0 0.272000 0.442000 0.026000 0.025000
0 0.587000 0.339000 0.021000 0.020000
0 0.273500 0.229500 0.024000 0.030000
0 0.467500 0.732500 0.021000 0.020000
0 0.395500 0.473500 0.022000 0.022000
0 0.377000 0.651000 0.016000 0.016000
0 0.722000 0.618500 0.017000 0.017000
0 0.529000 0.528000 0.017000 0.017000
0 0.614500 0.791500 0.013000 0.015000
0 0.257500 0.696500 0.017000 0.015000
0 0.498500 0.503000 0.025000 0.028000
0 0.419000 0.440000 0.016000 0.017000
0 0.191500 0.382000 0.023000 0.022000
0 0.540000 0.372500 0.021000 0.025000
0 0.521000 0.309500 0.033000 0.026000
0 0.676000 0.335000 0.028000 0.031000
0 0.812500 0.391500 0.022000 0.021000
0 0.557000 0.291000 0.022000 0.023000
0 0.272500 0.341000 0.020000 0.021000
0 0.441500 0.433500 0.024000 0.016000
0 0.698500 0.203000 0.019000 0.018000
0 0.457500 0.516000 0.012000 0.011000
0 0.274500 0.697500 0.018000 0.014000
0 0.233000 0.734500 0.008000 0.008000
0 0.569000 0.665000 0.020000 0.018000
0 0.419500 0.567000 0.026000 0.025000
0 0.679500 0.379000 0.028000 0.025000
0 0.668500 0.669000 0.020000 0.015000
0 0.864500 0.705000 0.026000 0.024000
0 0.788000 0.654000 0.019000 0.019000
0 0.506500 0.470000 0.024000 0.023000
0 0.427000 0.479000 0.017000 0.021000
0 0.381000 0.719500 0.016000 0.016000
0 0.334000 0.674000 0.012000 0.015000
0 0.390500 0.558000 0.022000 0.018000
0 0.480500 0.473000 0.018000 0.017000
0 0.796500 0.347500 0.010000 0.011000
0 0.502500 0.163000 0.018000 0.018000
0 0.695500 0.461750 0.016000 0.017500
0 0.787000 0.257000 0.017000 0.015000
0 0.422500 0.492500 0.014000 0.014000
0 0.464000 0.547000 0.010000 0.011000
0 0.515000 0.501000 0.014000 0.014000
0 0.602000 0.527000 0.022000 0.020000
0 0.446000 0.479500 0.025000 0.018000
0 0.711500 0.583000 0.012000 0.009000
0 0.222500 0.539000 0.027000 0.027000
0 0.711000 0.212500 0.014000 0.013000
0 0.266000 0.490500 0.016000 0.021000
0 0.859500 0.659000 0.015000 0.014000
0 0.251750 0.738000 0.026500 0.022000
0 0.566000 0.593500 0.013000 0.016000
0 0.302500 0.503000 0.015000 0.014000
0 0.663000 0.469500 0.023000 0.027000
0 0.656000 0.284000 0.020000 0.020000
0 0.558000 0.576500 0.018000 0.018000
0 0.583500 0.755500 0.019000 0.014000
0 0.196000 0.628500 0.024000 0.024000
0 0.552500 0.757500 0.017000 0.014000
0 0.485000 0.385000 0.019000 0.021000
0 0.486500 0.704500 0.015000 0.014000
0 0.103500 0.547000 0.020000 0.020000
0 0.543500 0.485000 0.015000 0.010000
0 0.414000 0.483500 0.012000 0.012000
0 0.264000 0.462250 0.009000 0.011500
0 0.537500 0.560500 0.022000 0.020000
0 0.573000 0.642000 0.032000 0.030000
0 0.454500 0.229000 0.019000 0.018000
0 0.902500 0.562500 0.027000 0.025000
0 0.262000 0.822000 0.010000 0.014000
0 0.566500 0.644000 0.023000 0.023000
0 0.300500 0.583500 0.015000 0.015000
0 0.592500 0.356500 0.013000 0.012000
0 0.616000 0.375500 0.012000 0.011000
0 0.247000 0.497000 0.024000 0.026000
0 0.368500 0.654500 0.027000 0.032000
0 0.459500 0.328000 0.023000 0.020000
0 0.513000 0.184000 0.015000 0.016000
0 0.441500 0.836000 0.018000 0.016000
0 0.849500 0.710500 0.021000 0.021000
0 0.417000 0.854000 0.014000 0.015000
0 0.788500 0.495500 0.010000 0.012000
0 0.526000 0.480750 0.016000 0.023500
0 0.506000 0.488500 0.012000 0.011000
0 0.472000 0.656500 0.021000 0.017000
0 0.585000 0.291000 0.019000 0.017000
0 0.534500 0.100000 0.021000 0.020000
0 0.223000 0.442500 0.031000 0.028000
0 0.679000 0.320000 0.015000 0.018000
0 0.718500 0.703500 0.019000 0.023000
0 0.419500 0.536500 0.011000 0.010000
0 0.577500 0.471500 0.014000 0.016000
0 0.627000 0.898000 0.018000 0.019000
0 0.511000 0.653500 0.010000 0.011000
0 0.496000 0.531500 0.022000 0.026000
0 0.608500 0.646000 0.011000 0.013000
0 0.479000 0.804000 0.015000 0.016000
0 0.513500 0.333000 0.019000 0.017000
0 0.475000 0.510000 0.026000 0.028000
0 0.666000 0.553500 0.019000 0.019000
0 0.716500 0.366500 0.026000 0.028000
0 0.765000 0.455500 0.021000 0.032000
0 0.095000 0.607500 0.025000 0.026000
0 0.570000 0.343500 0.028000 0.025000
0 0.513500 0.359000 0.025000 0.025000
0 0.801000 0.503500 0.013000 0.013000
0 0.773000 0.657000 0.023000 0.024000
0 0.712500 0.466000 0.009000 0.014000
0 0.522500 0.140500 0.020000 0.021000
0 0.195500 0.477500 0.025000 0.021000
0 0.355000 0.603500 0.016000 0.018000
0 0.660000 0.297500 0.033000 0.022000
0 0.751500 0.755500 0.017000 0.024000
0 0.387500 0.418500 0.019000 0.017000
0 0.280000 0.402000 0.020000 0.017000
0 0.193500 0.751500 0.015000 0.019000
0 0.321000 0.550000 0.020000 0.022000
0 0.400500 0.197000 0.015000 0.014000
0 0.386000 0.689500 0.023000 0.021000
0 0.432000 0.336000 0.023000 0.023000
0 0.513000 0.466000 0.017000 0.021000
0 0.457500 0.502500 0.029000 0.024000
0 0.184500 0.500500 0.010000 0.010000
0 0.447500 0.254000 0.024000 0.020000
0 0.659000 0.596500 0.012000 0.012000
0 0.499500 0.500000 0.025000 0.024000
0 0.190000 0.718500 0.009000 0.010000
0 0.318500 0.857000 0.017000 0.017000
0 0.637500 0.458000 0.016000 0.022000
0 0.554000 0.902500 0.013000 0.013000
0 0.496500 0.239000 0.012000 0.012000
0 0.664500 0.608000 0.016000 0.017000
0 0.479000 0.666000 0.010000 0.012000
0 0.101500 0.623500 0.019000 0.013000
0 0.477500 0.551500 0.023000 0.026000
0 0.334000 0.468000 0.016000 0.018000
0 0.319500 0.376000 0.015000 0.014000
0 0.232000 0.183750 0.008000 0.011500
0 0.699500 0.156500 0.028000 0.024000
0 0.203000 0.278500 0.015000 0.013000
0 0.780500 0.760500 0.019000 0.015000
0 0.647000 0.316500 0.011000 0.011000
0 0.774500 0.791000 0.020000 0.019000
0 0.447000 0.489000 0.029000 0.020000
0 0.508000 0.597500 0.015000 0.018000
0 0.887500 0.573500 0.017000 0.017000
0 0.569500 0.508500 0.018000 0.016000
0 0.904000 0.487500 0.017000 0.014000
0 0.391000 0.402000 0.020000 0.016000
0 0.113000 0.520000 0.022000 0.022000
0 0.635000 0.664000 0.012000 0.013000
0 0.816000 0.494500 0.010000 0.011000
0 0.419500 0.117000 0.028000 0.027000
0 0.867500 0.516000 0.013000 0.014000
0 0.596500 0.450500 0.019000 0.018000
0 0.220000 0.615000 0.018000 0.020000
0 0.707500 0.570000 0.025000 0.020000
0 0.366000 0.324000 0.024000 0.029000
0 0.606000 0.598000 0.015000 0.016000
0 0.554000 0.608500 0.022000 0.021000
0 0.431000 0.781500 0.020000 0.028000
0 0.441500 0.716000 0.013000 0.013000
0 0.185000 0.285000 0.021000 0.016000
0 0.395500 0.341500 0.014000 0.013000
0 0.430000 0.488500 0.018000 0.018000
0 0.745500 0.457500 0.013000 0.013000
0 0.862000 0.377500 0.019000 0.020000
0 0.464000 0.426500 0.019000 0.028000
0 0.727000 0.678500 0.021000 0.018000
0 0.283000 0.747500 0.029000 0.029000
0 0.749500 0.440000 0.033000 0.031000
0 0.464500 0.558000 0.015000 0.009000
0 0.679000 0.471500 0.020000 0.017000
0 0.459000 0.526000 0.013000 0.012000
0 0.337000 0.357000 0.025000 0.019000
0 0.503000 0.664500 0.012000 0.011000
0 0.491500 0.291500 0.018000 0.017000
0 0.855000 0.291500 0.022000 0.023000
0 0.763000 0.243000 0.029000 0.034000
0 0.490500 0.522000 0.026000 0.033000
0 0.352000 0.422000 0.024000 0.024000
0 0.844000 0.485500 0.024000 0.024000
0 0.617000 0.196000 0.014000 0.010000
0 0.433500 0.711000 0.015000 0.016000
0 0.577000 0.846500 0.027000 0.018000
0 0.408000 0.503000 0.012000 0.011000
0 0.298500 0.238500 0.025000 0.030000
0 0.817500 0.473000 0.018000 0.013000
0 0.223500 0.808500 0.030000 0.021000
0 0.637000 0.522500 0.034000 0.031000
0 0.328000 0.818500 0.028000 0.028000
0 0.436500 0.389000 0.013000 0.013000
0 0.686500 0.402000 0.020000 0.018000
0 0.107000 0.418000 0.014000 0.014000
0 0.513000 0.762000 0.011000 0.010000
0 0.298000 0.857000 0.015000 0.014000
0 0.302000 0.481000 0.021000 0.021000
0 0.645500 0.375000 0.013000 0.016000
0 0.507500 0.510000 0.022000 0.020000
0 0.495500 0.841500 0.015000 0.016000
0 0.285000 0.431500 0.018000 0.019000
0 0.556500 0.407000 0.034000 0.031000
0 0.490500 0.492000 0.013000 0.017000
0 0.502500 0.354500 0.027000 0.030000
0 0.438500 0.556000 0.029000 0.028000
0 0.721500 0.185000 0.014000 0.014000
0 0.559000 0.492500 0.017000 0.021000
0 0.428000 0.444000 0.025000 0.020000
0 0.610500 0.107000 0.013000 0.016000
0 0.602000 0.335500 0.013000 0.013000
0 0.378000 0.548000 0.017000 0.011000
0 0.436000 0.418500 0.019000 0.023000
0 0.472000 0.629000 0.014000 0.014000
0 0.603500 0.440000 0.014000 0.012000
0 0.351000 0.396500 0.022000 0.021000
0 0.404500 0.848500 0.023000 0.027000
0 0.548500 0.432500 0.031000 0.023000
0 0.180500 0.391000 0.029000 0.029000
0 0.429000 0.369500 0.020000 0.018000
0 0.251500 0.627750 0.012000 0.014500
0 0.454000 0.540500 0.020000 0.022000
0 0.496500 0.612500 0.019000 0.025000
0 0.513000 0.531000 0.017000 0.021000
0 0.165000 0.252500 0.027000 0.028000
0 0.133500 0.527500 0.018000 0.021000
0 0.404000 0.442000 0.024000 0.023000
0 0.470000 0.340000 0.020000 0.023000
0 0.559000 0.622000 0.019000 0.018000
0 0.495500 0.472000 0.015000 0.020000
0 0.724500 0.208000 0.020000 0.018000
0 0.352000 0.457000 0.020000 0.017000
0 0.273500 0.350500 0.013000 0.010000
0 0.482000 0.351000 0.015000 0.015000
0 0.155500 0.462000 0.024000 0.019000
0 0.836500 0.651000 0.024000 0.024000
0 0.261000 0.527500 0.024000 0.025000
0 0.310000 0.492000 0.013000 0.012000
0 0.830000 0.511500 0.011000 0.019000
0 0.627500 0.711000 0.021000 0.023000
0 0.709500 0.620000 0.029000 0.025000
0 0.674500 0.279000 0.030000 0.025000
0 0.871500 0.528500 0.018000 0.019000
0 0.770000 0.425000 0.011000 0.015000
0 0.579000 0.622500 0.015000 0.015000
0 0.461000 0.848000 0.028000 0.029000
0 0.826000 0.572500 0.014000 0.014000
0 0.424500 0.543500 0.025000 0.025000
0 0.797000 0.398000 0.010000 0.011000
0 0.574500 0.584500 0.020000 0.024000
0 0.363000 0.616000 0.013000 0.013000
0 0.276500 0.626500 0.012000 0.019000
0 0.725000 0.322000 0.018000 0.019000
0 0.911500 0.473000 0.022000 0.026000
0 0.580500 0.673500 0.025000 0.024000
0 0.873000 0.328000 0.010000 0.009000
0 0.259500 0.205000 0.018000 0.015000
0 0.635000 0.678500 0.016000 0.018000
0 0.487000 0.697000 0.019000 0.013000
0 0.434500 0.348500 0.019000 0.020000
0 0.522000 0.523500 0.012000 0.012000
0 0.569000 0.672500 0.014000 0.014000
0 0.625500 0.769500 0.023000 0.025000
0 0.107750 0.382000 0.014500 0.010000
0 0.510000 0.374000 0.012000 0.012000
0 0.445500 0.420500 0.013000 0.019000
0 0.674750 0.260000 0.014500 0.011000
0 0.655500 0.235500 0.016000 0.015000
0 0.620500 0.545000 0.028000 0.019000
0 0.578000 0.442500 0.013000 0.016000
0 0.777000 0.291500 0.031000 0.032000
0 0.488500 0.257000 0.029000 0.029000
0 0.637500 0.698500 0.021000 0.018000
0 0.575500 0.447000 0.021000 0.019000
0 0.321500 0.424500 0.013000 0.014000
0 0.210000 0.448500 0.020000 0.019000
0 0.389500 0.693000 0.012000 0.015000
0 0.696000 0.552000 0.023000 0.022000
0 0.286000 0.641500 0.027000 0.031000
0 0.348500 0.446500 0.023000 0.023000
0 0.544000 0.407500 0.012000 0.013000
0 0.547000 0.388250 0.010000 0.011500
0 0.526000 0.826000 0.018000 0.019000
0 0.544500 0.834250 0.022000 0.029500
0 0.376500 0.589000 0.017000 0.026000
0 0.759000 0.184500 0.021000 0.027000
0 0.165500 0.695500 0.033000 0.032000
0 0.576500 0.303500 0.015000 0.016000
0 0.806500 0.508500 0.016000 0.022000
0 0.168000 0.599500 0.028000 0.028000
0 0.254000 0.669000 0.024000 0.027000
0 0.558000 0.470500 0.019000 0.024000
0 0.546000 0.495500 0.021000 0.021000
0 0.174500 0.679500 0.012000 0.012000
0 0.813500 0.733000 0.024000 0.024000
0 0.369500 0.854500 0.031000 0.030000
0 0.428500 0.171000 0.021000 0.025000
0 0.404000 0.186500 0.031000 0.026000
0 0.792000 0.513000 0.013000 0.009000
0 0.352500 0.300250 0.022000 0.023500
0 0.311500 0.270500 0.027000 0.024000
0 0.535000 0.489500 0.023000 0.020000
0 0.570000 0.798500 0.015000 0.015000
0 0.456500 0.829500 0.017000 0.018000
0 0.804500 0.229500 0.019000 0.013000
0 0.527500 0.234500 0.011000 0.012000
0 0.500500 0.431500 0.016000 0.015000
0 0.470000 0.648500 0.026000 0.025000
0 0.550500 0.465500 0.019000 0.024000
0 0.553000 0.696500 0.022000 0.020000
0 0.318500 0.306000 0.018000 0.018000
0 0.410000 0.737500 0.021000 0.031000
0 0.774000 0.520000 0.018000 0.017000
0 0.544500 0.608500 0.020000 0.021000
0 0.523000 0.403000 0.018000 0.017000
0 0.477500 0.378500 0.019000 0.018000
0 0.671500 0.209500 0.032000 0.026000
0 0.685000 0.444000 0.029000 0.025000
0 0.623500 0.570000 0.021000 0.021000
0 0.441500 0.567000 0.015000 0.013000
0 0.382500 0.255750 0.016000 0.017500
0 0.570500 0.471500 0.025000 0.021000
0 0.594500 0.223500 0.014000 0.016000
0 0.463500 0.490000 0.023000 0.027000
0 0.321500 0.221500 0.026000 0.019000
0 0.297000 0.497500 0.015000 0.017000
0 0.689500 0.408500 0.015000 0.018000
0 0.504000 0.449000 0.028000 0.026000
0 0.272500 0.688000 0.017000 0.023000
0 0.579500 0.654500 0.027000 0.027000
0 0.561000 0.715000 0.018000 0.026000
0 0.165500 0.413500 0.015000 0.017000
0 0.541000 0.577500 0.016000 0.017000