0 0.399500 0.605500 0.029000 0.030000
0 0.390500 0.492000 0.025000 0.030000
0 0.664500 0.564500 0.017000 0.020000
0 0.640000 0.473000 0.024000 0.024000
0 0.399750 0.287000 0.017500 0.013000
0 0.173000 0.639000 0.014000 0.014000
0 0.494500 0.506500 0.025000 0.017000
0 0.515000 0.398000 0.019000 0.020000
0 0.491500 0.444000 0.025000 0.020000
0 0.709500 0.612500 0.027000 0.032000
0 0.545000 0.481500 0.020000 0.019000
0 0.597000 0.622500 0.026000 0.021000
0 0.681000 0.504500 0.014000 0.014000
0 0.434500 0.515000 0.031000 0.017000
0 0.657000 0.786500 0.019000 0.021000
0 0.470500 0.506000 0.012000 0.010000
0 0.122500 0.511500 0.026000 0.029000
0 0.560500 0.872500 0.029000 0.017000
0 0.371000 0.778500 0.008000 0.013000
0 0.620500 0.477000 0.020000 0.020000
0 0.388500 0.831500 0.019000 0.021000
0 0.492000 0.511000 0.021000 0.018000
0 0.474000 0.361000 0.019000 0.020000
0 0.628000 0.448500 0.018000 0.019000
0 0.475000 0.532000 0.015000 0.014000
0 0.297500 0.238000 0.024000 0.032000
0 0.369500 0.200000 0.023000 0.024000
0 0.825000 0.358500 0.025000 0.024000
0 0.217500 0.329500 0.014000 0.015000
0 0.421500 0.909500 0.016000 0.016000
0 0.695000 0.586500 0.016000 0.012000
0 0.288000 0.353000 0.031000 0.029000
0 0.429000 0.835000 0.020000 0.025000
0 0.475000 0.706000 0.015000 0.022000
0 0.392000 0.864000 0.010000 0.013000
0 0.500000 0.143000 0.023000 0.018000
0 0.485500 0.527000 0.014000 0.012000
0 0.568000 0.530000 0.022000 0.018000
0 0.227500 0.466500 0.017000 0.025000
0 0.392000 0.583000 0.025000 0.025000
0 0.720500 0.441000 0.022000 0.020000
0 0.498500 0.470000 0.011000 0.013000
0 0.540000 0.447500 0.011000 0.016000
0 0.574500 0.245000 0.022000 0.029000
0 0.820000 0.408000 0.022000 0.020000
0 0.298500 0.357500 0.016000 0.021000
0 0.454000 0.498500 0.025000 0.027000
0 0.443500 0.634000 0.020000 0.018000
0 0.433000 0.530000 0.013000 0.015000
0 0.712500 0.831500 0.027000 0.022000
0 0.789500 0.427500 0.016000 0.010000
0 0.679000 0.563000 0.027000 0.028000
0 0.854500 0.418500 0.016000 0.017000
0 0.218000 0.401000 0.013000 0.014000
0 0.394500 0.595000 0.034000 0.035000
0 0.717500 0.581000 0.016000 0.018000
0 0.476000 0.344000 0.014000 0.014000
0 0.700000 0.561000 0.019000 0.021000
0 0.824000 0.265000 0.015000 0.015000
0 0.547000 0.331000 0.016000 0.013000
0 0.609500 0.306000 0.014000 0.014000
0 0.898500 0.519000 0.010000 0.010000
0 0.558000 0.351000 0.012000 0.012000
0 0.449000 0.530500 0.028000 0.027000
0 0.588000 0.219500 0.030000 0.023000
0 0.683000 0.660000 0.014000 0.013000
0 0.217000 0.541000 0.014000 0.011000
0 0.584500 0.617000 0.021000 0.031000
0 0.316000 0.181500 0.021000 0.027000
0 0.205000 0.757500 0.028000 0.023000
0 0.603000 0.586000 0.014000 0.012000
0 0.508500 0.506000 0.015000 0.017000
0 0.506000 0.514500 0.022000 0.023000
0 0.649500 0.413500 0.029000 0.030000
0 0.701000 0.712000 0.020000 0.018000
0 0.575500 0.635500 0.022000 0.023000
0 0.606500 0.454000 0.019000 0.025000
0 0.722500 0.811500 0.028000 0.029000
0 0.535000 0.623500 0.021000 0.023000
0 0.684000 0.200000 0.026000 0.024000
0 0.560000 0.842500 0.032000 0.028000
0 0.499500 0.737500 0.015000 0.014000
0 0.788750 0.250000 0.026500 0.019000
0 0.501500 0.498500 0.022000 0.021000
0 0.551750 0.838500 0.014500 0.011000
0 0.764500 0.379000 0.020000 0.020000
0 0.780000 0.667500 0.017000 0.015000
0 0.469000 0.417500 0.022000 0.025000
0 0.711500 0.762000 0.012000 0.013000
0 0.261500 0.286000 0.009000 0.009000
0 0.515500 0.514000 0.023000 0.020000
0 0.494000 0.528500 0.027000 0.023000
0 0.167000 0.581500 0.024000 0.023000
0 0.369500 0.496500 0.020000 0.035000
0 0.513000 0.495500 0.018000 0.021000
0 0.238000 0.310000 0.022000 0.018000
0 0.399000 0.570500 0.009000 0.009000
0 0.252000 0.604500 0.013000 0.016000
0 0.581000 0.427500 0.023000 0.019000
0 0.526500 0.172000 0.010000 0.015000
0 0.126500 0.511500 0.010000 0.011000
0 0.275500 0.483000 0.020000 0.021000
0 0.836000 0.615000 0.017000 0.023000
0 0.754500 0.450000 0.012000 0.017000
0 0.126500 0.356000 0.012000 0.011000
0 0.295000 0.613000 0.014000 0.013000
0 0.741000 0.840500 0.030000 0.026000
0 0.401500 0.489500 0.015000 0.013000
0 0.445000 0.823000 0.016000 0.012000
0 0.484000 0.899500 0.030000 0.023000
0 0.554500 0.235000 0.023000 0.023000
0 0.319000 0.496000 0.017000 0.016000
0 0.316000 0.549000 0.021000 0.017000
0 0.377000 0.453500 0.032000 0.031000
0 0.616500 0.327500 0.019000 0.016000
0 0.400500 0.304500 0.013000 0.010000
0 0.622000 0.531000 0.018000 0.019000
0 0.587000 0.733000 0.029000 0.029000
0 0.356000 0.184000 0.019000 0.019000
0 0.526500 0.464000 0.022000 0.027000
0 0.520500 0.517500 0.016000 0.021000
0 0.426000 0.627500 0.026000 0.023000
0 0.459000 0.617500 0.021000 0.020000
0 0.522500 0.667500 0.016000 0.022000
0 0.554000 0.380000 0.020000 0.025000
0 0.296000 0.746000 0.012000 0.019000
0 0.599000 0.305000 0.020000 0.022000
0 0.213000 0.438500 0.013000 0.012000
0 0.475000 0.578500 0.020000 0.021000
0 0.741000 0.616500 0.021000 0.015000
0 0.208500 0.389000 0.011000 0.014000
0 0.711000 0.650000 0.023000 0.024000
0 0.370000 0.257000 0.011000 0.012000
0 0.683500 0.267000 0.022000 0.024000
0 0.401000 0.268500 0.030000 0.032000
0 0.674500 0.412500 0.023000 0.024000
0 0.542500 0.695500 0.025000 0.026000
0 0.461000 0.567000 0.012000 0.016000
0 0.453000 0.557000 0.028000 0.024000
0 0.562000 0.516500 0.022000 0.023000
0 0.898000 0.550000 0.017000 0.024000
0 0.800500 0.727500 0.024000 0.023000
0 0.331000 0.629000 0.016000 0.015000
0 0.772000 0.466500 0.023000 0.022000
0 0.163500 0.578000 0.014000 0.013000
0 0.400500 0.410500 0.028000 0.021000
0 0.379500 0.493500 0.015000 0.013000
0 0.113500 0.411000 0.018000 0.025000
0 0.355500 0.584500 0.015000 0.011000
0 0.481500 0.490500 0.025000 0.023000
0 0.729000 0.703000 0.031000 0.019000
0 0.523750 0.495000 0.014500 0.010000
0 0.236000 0.337000 0.010000 0.011000
0 0.654500 0.614500 0.023000 0.032000
0 0.468500 0.540500 0.030000 0.032000
0 0.536000 0.340500 0.010000 0.014000
0 0.752500 0.713500 0.017000 0.019000
0 0.611250 0.168500 0.020500 0.016000
0 0.780000 0.230000 0.020000 0.022000
0 0.259000 0.830000 0.019000 0.019000
0 0.219500 0.333000 0.025000 0.032000
0 0.658000 0.216500 0.027000 0.023000
0 0.735500 0.539500 0.015000 0.013000
0 0.884500 0.383000 0.013000 0.014000
0 0.403000 0.658000 0.011000 0.015000
0 0.307500 0.140500 0.017000 0.016000
0 0.485500 0.568000 0.033000 0.027000
0 0.516500 0.445500 0.022000 0.023000
0 0.523000 0.877000 0.010000 0.010000
0 0.610500 0.358000 0.010000 0.018000
0 0.490000 0.598500 0.018000 0.023000
0 0.420000 0.493000 0.011000 0.013000
0 0.620000 0.351000 0.015000 0.014000
0 0.347000 0.258500 0.024000 0.023000
0 0.705500 0.465500 0.011000 0.009000
0 0.348000 0.332000 0.013000 0.014000
0 0.764000 0.420500 0.025000 0.027000
0 0.883500 0.479000 0.031000 0.022000
0 0.490000 0.494500 0.012000 0.016000
0 0.253500 0.312500 0.015000 0.014000
0 0.584000 0.574000 0.023000 0.027000
0 0.628000 0.512000 0.020000 0.018000
0 0.591500 0.489000 0.014000 0.014000
0 0.873500 0.561500 0.014000 0.015000
0 0.232000 0.689000 0.030000 0.031000
0 0.582000 0.637000 0.024000 0.024000
0 0.502500 0.554500 0.012000 0.012000
0 0.694500 0.787000 0.026000 0.026000
0 0.502000 0.840500 0.017000 0.024000
0 0.550500 0.752500 0.025000 0.024000
0 0.496500 0.223500 0.011000 0.011000
0 0.433000 0.313000 0.023000 0.024000
0 0.545500 0.739000 0.026000 0.027000
0 0.727500 0.603500 0.023000 0.019000
0 0.615500 0.717000 0.008000 0.009000
0 0.308500 0.379500 0.013000 0.013000
0 0.789000 0.567000 0.017000 0.012000
0 0.513500 0.859250 0.021000 0.029500
0 0.522500 0.403000 0.029000 0.028000
0 0.263000 0.193500 0.025000 0.024000
0 0.582000 0.611000 0.024000 0.024000
0 0.854000 0.571500 0.023000 0.020000
0 0.542500 0.315500 0.016000 0.012000
0 0.774750 0.699500 0.029500 0.020000
0 0.690000 0.670000 0.012000 0.019000
0 0.611000 0.777500 0.016000 0.017000
0 0.551000 0.502000 0.015000 0.014000
0 0.511500 0.524500 0.022000 0.018000
0 0.225000 0.536000 0.022000 0.020000
0 0.462500 0.548000 0.016000 0.018000
0 0.303000 0.425000 0.019000 0.013000
0 0.368000 0.653000 0.014000 0.015000
0 0.470500 0.719000 0.024000 0.030000
0 0.761500 0.723500 0.016000 0.016000
0 0.299250 0.686500 0.020500 0.016000
0 0.236000 0.195500 0.022000 0.020000
0 0.483000 0.508000 0.015000 0.013000
0 0.462000 0.534000 0.019000 0.019000
0 0.495500 0.293500 0.017000 0.014000
0 0.615500 0.807500 0.016000 0.015000
0 0.631000 0.564500 0.025000 0.020000
0 0.450500 0.129500 0.022000 0.019000
0 0.314000 0.813000 0.012000 0.011000
0 0.465500 0.492500 0.020000 0.017000
0 0.681500 0.676500 0.030000 0.029000
0 0.334000 0.514000 0.027000 0.026000
0 0.883000 0.419000 0.014000 0.011000
0 0.532500 0.132500 0.017000 0.016000
0 0.593500 0.243000 0.030000 0.028000
0 0.616000 0.758000 0.027000 0.025000
0 0.521000 0.341500 0.021000 0.021000
0 0.280000 0.691000 0.021000 0.029000
0 0.580500 0.489500 0.025000 0.025000
0 0.605500 0.460000 0.021000 0.017000
0 0.258500 0.463500 0.025000 0.031000
0 0.467500 0.382500 0.023000 0.023000
0 0.152000 0.400500 0.025000 0.022000
0 0.799000 0.384000 0.028000 0.028000
0 0.576500 0.616500 0.021000 0.022000
0 0.425500 0.475000 0.014000 0.014000
0 0.439500 0.468000 0.013000 0.010000
0 0.474500 0.484000 0.011000 0.016000
0 0.632000 0.412000 0.022000 0.026000
0 0.593500 0.432000 0.020000 0.021000
0 0.318500 0.438000 0.011000 0.015000
0 0.425500 0.294500 0.020000 0.015000
0 0.620500 0.435000 0.023000 0.021000
0 0.774000 0.508500 0.013000 0.014000
0 0.645000 0.124500 0.019000 0.025000
0 0.707500 0.536000 0.014000 0.016000
0 0.429500 0.497000 0.012000 0.013000
0 0.494000 0.839500 0.021000 0.023000
0 0.459000 0.650500 0.030000 0.029000
0 0.540000 0.552500 0.028000 0.027000
0 0.427000 0.421500 0.026000 0.026000
0 0.780000 0.751500 0.021000 0.021000
0 0.430000 0.334500 0.014000 0.016000
0 0.334000 0.721500 0.010000 0.010000
0 0.451000 0.474500 0.015000 0.015000
0 0.527000 0.563500 0.021000 0.024000
0 0.154500 0.599500 0.020000 0.014000
0 0.417000 0.660000 0.024000 0.029000
0 0.677000 0.194500 0.019000 0.021000
0 0.197000 0.339000 0.015000 0.015000
0 0.587000 0.795000 0.013000 0.013000
0 0.381500 0.244750 0.014000 0.017500
0 0.463500 0.446000 0.013000 0.014000
0 0.428500 0.770500 0.012000 0.011000
0 0.313000 0.174500 0.014000 0.010000
0 0.780500 0.447500 0.018000 0.023000
0 0.455000 0.481500 0.014000 0.009000
0 0.301000 0.592000 0.017000 0.014000
0 0.629000 0.440000 0.022000 0.022000
0 0.750500 0.625500 0.025000 0.020000
0 0.589000 0.373500 0.027000 0.019000
0 0.504000 0.490500 0.017000 0.018000
0 0.319500 0.252500 0.018000 0.018000
0 0.642000 0.178000 0.027000 0.028000
0 0.645000 0.784000 0.026000 0.021000
0 0.520500 0.211500 0.019000 0.018000
0 0.661500 0.812500 0.017000 0.016000
0 0.619500 0.483000 0.024000 0.020000
0 0.390000 0.561500 0.021000 0.022000
0 0.631000 0.691500 0.021000 0.031000
0 0.422250 0.275500 0.020500 0.015000
0 0.774500 0.556500 0.027000 0.017000
0 0.557500 0.614500 0.025000 0.025000
0 0.552500 0.368000 0.030000 0.029000
0 0.453000 0.413000 0.021000 0.027000
0 0.444000 0.487000 0.021000 0.019000
0 0.533000 0.474000 0.016000 0.018000
0 0.447000 0.522000 0.031000 0.026000
0 0.487500 0.472500 0.010000 0.012000
0 0.350000 0.481000 0.021000 0.021000
0 0.318500 0.507000 0.022000 0.028000
0 0.435000 0.836000 0.030000 0.023000
0 0.506500 0.319500 0.023000 0.016000
0 0.518000 0.396000 0.028000 0.024000
0 0.278500 0.544000 0.028000 0.026000
0 0.698000 0.607500 0.022000 0.020000
0 0.434000 0.585500 0.031000 0.025000
0 0.441500 0.478500 0.018000 0.028000
0 0.768500 0.542000 0.030000 0.029000
0 0.283500 0.171500 0.020000 0.018000
0 0.571000 0.911500 0.019000 0.018000
0 0.772500 0.735000 0.016000 0.016000
0 0.763500 0.201000 0.014000 0.014000
0 0.439500 0.504500 0.023000 0.026000
0 0.376500 0.678000 0.026000 0.029000
0 0.481000 0.653500 0.022000 0.022000
0 0.276500 0.450750 0.013000 0.014500
0 0.618500 0.686250 0.026000 0.029500
0 0.480000 0.504000 0.024000 0.025000
0 0.832500 0.731000 0.033000 0.026000
0 0.263000 0.531000 0.016000 0.016000
0 0.375000 0.806000 0.014000 0.015000
0 0.479500 0.551000 0.018000 0.017000
0 0.557500 0.457000 0.017000 0.025000
0 0.590500 0.420000 0.023000 0.028000
0 0.454500 0.511500 0.010000 0.009000
0 0.517500 0.823000 0.016000 0.017000
0 0.548000 0.387500 0.020000 0.022000
0 0.667750 0.241500 0.011500 0.008000
0 0.547000 0.259000 0.030000 0.028000
0 0.444000 0.403500 0.020000 0.021000