0 0.888000 0.522000 0.021000 0.020000
0 0.844500 0.534500 0.013000 0.014000
0 0.382500 0.196000 0.016000 0.011000
0 0.473500 0.521500 0.014000 0.013000
0 0.828500 0.447500 0.014000 0.010000
0 0.705500 0.759500 0.012000 0.013000
0 0.499500 0.500000 0.014000 0.014000
0 0.707000 0.285000 0.026000 0.027000
0 0.421500 0.464000 0.017000 0.027000
0 0.275500 0.514500 0.023000 0.021000
0 0.689000 0.397500 0.010000 0.010000
0 0.534000 0.469000 0.026000 0.026000
0 0.310500 0.644500 0.022000 0.020000
0 0.490500 0.567500 0.017000 0.023000
0 0.490000 0.512500 0.027000 0.027000
0 0.444000 0.371500 0.015000 0.014000
0 0.560000 0.528000 0.018000 0.017000
0 0.374500 0.700000 0.020000 0.017000
0 0.379500 0.631500 0.016000 0.015000
0 0.485000 0.708000 0.022000 0.028000
0 0.652500 0.652500 0.029000 0.029000
0 0.266000 0.756500 0.014000 0.017000
0 0.483500 0.459500 0.013000 0.019000
0 0.647000 0.385500 0.021000 0.021000
0 0.555000 0.356500 0.028000 0.023000
0 0.468000 0.497000 0.024000 0.026000
0 0.517000 0.634500 0.020000 0.020000
0 0.227000 0.698000 0.026000 0.028000
0 0.833000 0.624500 0.014000 0.013000
0 0.195500 0.542000 0.017000 0.025000
0 0.548000 0.605000 0.015000 0.015000
0 0.612000 0.454000 0.021000 0.022000
0 0.324000 0.835500 0.015000 0.014000
0 0.430000 0.320500 0.023000 0.025000
0 0.300500 0.562500 0.025000 0.027000
0 0.229000 0.439500 0.013000 0.014000
0 0.206000 0.490000 0.027000 0.027000
0 0.450000 0.485500 0.014000 0.013000
0 0.708000 0.774000 0.016000 0.016000
0 0.590000 0.883500 0.034000 0.032000
0 0.384500 0.385000 0.022000 0.018000
0 0.359500 0.411500 0.024000 0.024000
0 0.392000 0.628500 0.014000 0.016000
0 0.492500 0.462500 0.030000 0.031000
0 0.404000 0.370500 0.024000 0.021000
0 0.318500 0.251500 0.017000 0.015000
0 0.616500 0.374500 0.029000 0.027000
0 0.725000 0.506000 0.032000 0.027000
0 0.631000 0.616500 0.014000 0.019000
0 0.536500 0.646500 0.027000 0.023000
0 0.435500 0.473000 0.015000 0.014000
0 0.133500 0.479500 0.017000 0.016000
0 0.493500 0.414500 0.020000 0.017000
0 0.522000 0.483000 0.015000 0.015000
0 0.570000 0.460500 0.015000 0.014000
0 0.698500 0.656500 0.018000 0.014000
0 0.539000 0.873000 0.012000 0.010000
0 0.534500 0.225750 0.014000 0.017500
0 0.439500 0.909000 0.026000 0.028000
0 0.093000 0.479000 0.017000 0.019000
0 0.466500 0.455500 0.016000 0.015000
0 0.588000 0.654000 0.023000 0.023000
0 0.405500 0.738500 0.018000 0.020000
0 0.275500 0.543500 0.017000 0.014000
0 0.450000 0.452500 0.016000 0.015000
0 0.440000 0.720000 0.023000 0.027000
0 0.572000 0.743500 0.013000 0.012000
0 0.652000 0.643000 0.013000 0.013000
0 0.364000 0.818500 0.023000 0.028000
0 0.540500 0.500500 0.019000 0.017000
0 0.408000 0.679000 0.011000 0.016000
0 0.444500 0.490000 0.021000 0.013000
0 0.333000 0.443500 0.017000 0.017000
0 0.465500 0.446000 0.018000 0.017000
0 0.393000 0.459000 0.008000 0.010000
0 0.640500 0.265500 0.012000 0.017000
0 0.764500 0.502000 0.021000 0.021000
0 0.727500 0.323000 0.015000 0.012000
0 0.491000 0.493500 0.016000 0.016000
0 0.320000 0.701750 0.010000 0.014500
0 0.472500 0.510000 0.024000 0.021000
0 0.512500 0.542500 0.021000 0.020000
0 0.451500 0.385500 0.029000 0.022000
0 0.372000 0.624000 0.018000 0.016000
0 0.675000 0.297000 0.012000 0.018000
0 0.602500 0.513500 0.024000 0.022000
0 0.363500 0.512000 0.019000 0.016000
0 0.800000 0.365000 0.021000 0.021000
0 0.687250 0.334500 0.014500 0.010000
0 0.596000 0.505500 0.029000 0.029000
0 0.710500 0.473000 0.019000 0.020000
0 0.733000 0.350000 0.016000 0.016000
0 0.504500 0.792000 0.022000 0.024000
0 0.596000 0.475500 0.016000 0.016000
0 0.532500 0.422000 0.012000 0.012000
0 0.335500 0.364500 0.019000 0.018000
0 0.406500 0.789500 0.017000 0.017000
0 0.578500 0.359000 0.020000 0.022000
0 0.337500 0.529500 0.010000 0.010000
0 0.505000 0.517000 0.022000 0.023000
0 0.541000 0.187500 0.018000 0.023000
0 0.556500 0.383500 0.025000 0.023000
0 0.389500 0.428000 0.012000 0.014000
0 0.560000 0.567000 0.020000 0.015000
0 0.535000 0.581500 0.010000 0.013000
0 0.220500 0.501000 0.023000 0.032000
0 0.780500 0.726500 0.014000 0.013000
0 0.858000 0.389500 0.010000 0.010000
0 0.617500 0.268500 0.020000 0.020000
0 0.251000 0.540500 0.011000 0.014000
0 0.645500 0.195000 0.023000 0.020000
0 0.463000 0.408500 0.025000 0.022000
0 0.551000 0.675500 0.024000 0.026000
0 0.442500 0.548000 0.012000 0.013000
0 0.852000 0.329500 0.027000 0.031000
0 0.776500 0.295000 0.012000 0.012000
0 0.609000 0.311000 0.013000 0.024000
0 0.575000 0.570500 0.031000 0.031000
0 0.596500 0.842500 0.025000 0.025000
0 0.512500 0.483500 0.024000 0.032000
0 0.624500 0.409000 0.018000 0.018000
0 0.589000 0.556500 0.015000 0.016000
0 0.475000 0.692000 0.026000 0.027000
0 0.582500 0.367500 0.022000 0.030000
0 0.607000 0.628500 0.028000 0.029000
0 0.349500 0.635000 0.028000 0.023000
0 0.867500 0.464000 0.017000 0.019000
0 0.296000 0.678000 0.016000 0.017000
0 0.326500 0.617000 0.021000 0.030000
0 0.518500 0.480000 0.020000 0.019000
0 0.361000 0.318000 0.026000 0.022000
0 0.528500 0.252500 0.011000 0.013000
0 0.680000 0.293000 0.026000 0.029000
0 0.690000 0.224500 0.029000 0.029000
0 0.416500 0.607500 0.024000 0.028000
0 0.566000 0.440000 0.011000 0.011000
0 0.285500 0.290000 0.021000 0.026000
0 0.356000 0.472500 0.020000 0.017000
0 0.311500 0.564000 0.024000 0.024000
0 0.412000 0.517000 0.012000 0.010000
0 0.368000 0.778000 0.016000 0.017000
0 0.577000 0.413500 0.016000 0.015000
0 0.248000 0.426000 0.029000 0.031000
0 0.416500 0.347500 0.020000 0.020000
0 0.375500 0.678000 0.019000 0.013000
0 0.483000 0.757500 0.024000 0.021000
0 0.426000 0.837000 0.008000 0.009000
0 0.508500 0.495500 0.014000 0.014000
0 0.564000 0.514500 0.028000 0.025000
0 0.344500 0.384500 0.010000 0.011000
0 0.527000 0.512000 0.022000 0.027000
0 0.258000 0.564000 0.021000 0.024000
0 0.709500 0.321000 0.015000 0.012000
0 0.760000 0.594500 0.011000 0.012000
0 0.509000 0.258000 0.027000 0.023000
0 0.478000 0.394000 0.019000 0.014000
0 0.580500 0.583000 0.017000 0.017000
0 0.654000 0.850000 0.021000 0.021000
0 0.591750 0.800500 0.014500 0.012000
0 0.542000 0.274000 0.014000 0.013000
0 0.686000 0.744500 0.010000 0.010000
0 0.866000 0.403000 0.026000 0.022000
0 0.532000 0.494000 0.020000 0.022000
0 0.577500 0.230000 0.015000 0.018000
0 0.330000 0.222000 0.031000 0.023000
0 0.501500 0.420500 0.026000 0.026000
0 0.346000 0.648500 0.024000 0.030000
0 0.368000 0.866000 0.015000 0.016000
0 0.189000 0.509500 0.010000 0.009000
0 0.638500 0.503000 0.021000 0.022000
0 0.715000 0.141500 0.019000 0.019000
0 0.887500 0.386500 0.026000 0.023000
0 0.712000 0.570000 0.021000 0.023000
0 0.579500 0.541500 0.026000 0.020000
0 0.504000 0.310000 0.012000 0.011000
0 0.181000 0.408000 0.013000 0.013000
0 0.809000 0.724500 0.027000 0.021000
0 0.522500 0.521000 0.013000 0.013000
0 0.735500 0.719000 0.025000 0.020000
0 0.530500 0.641000 0.026000 0.021000
0 0.731500 0.470500 0.014000 0.017000
0 0.479500 0.535000 0.023000 0.027000
0 0.758000 0.346000 0.017000 0.018000
0 0.850000 0.388500 0.019000 0.019000
0 0.379500 0.503000 0.020000 0.026000
0 0.854500 0.502000 0.013000 0.013000
0 0.413500 0.732000 0.018000 0.017000
0 0.601500 0.346500 0.022000 0.021000
0 0.505500 0.505500 0.023000 0.028000
0 0.176000 0.306500 0.010000 0.012000
0 0.484500 0.218500 0.026000 0.020000
0 0.655500 0.478500 0.019000 0.031000
0 0.159500 0.518000 0.017000 0.017000
0 0.256000 0.249000 0.019000 0.028000
0 0.259000 0.507500 0.020000 0.020000
0 0.686500 0.533500 0.019000 0.018000
0 0.498500 0.492000 0.029000 0.020000
0 0.549000 0.213500 0.011000 0.013000
0 0.390000 0.779500 0.010000 0.018000
0 0.464000 0.894000 0.014000 0.015000
0 0.776000 0.759000 0.020000 0.020000
0 0.536000 0.129000 0.008000 0.008000
0 0.701500 0.570000 0.015000 0.015000
0 0.594000 0.235000 0.025000 0.023000
0 0.417500 0.486000 0.020000 0.018000
0 0.334500 0.226000 0.018000 0.019000
0 0.628000 0.462500 0.021000 0.016000
0 0.656500 0.466500 0.013000 0.012000
0 0.308000 0.634000 0.014000 0.012000
0 0.669000 0.820000 0.027000 0.028000
0 0.435000 0.420500 0.023000 0.019000
0 0.315000 0.609000 0.034000 0.029000
0 0.535000 0.599000 0.013000 0.018000
0 0.438500 0.876500 0.020000 0.018000
0 0.547500 0.476000 0.019000 0.019000
0 0.234000 0.280000 0.025000 0.032000
0 0.403000 0.867500 0.026000 0.024000
0 0.201000 0.211000 0.021000 0.022000
0 0.834000 0.492500 0.027000 0.034000
0 0.457500 0.567000 0.014000 0.011000
0 0.189750 0.567000 0.023500 0.021000
0 0.619000 0.586500 0.014000 0.013000
0 0.570000 0.532500 0.013000 0.013000
0 0.286500 0.159000 0.017000 0.022000
0 0.578000 0.518500 0.022000 0.022000
0 0.646500 0.580500 0.029000 0.029000
0 0.582500 0.476000 0.013000 0.017000
0 0.440500 0.180500 0.035000 0.030000
0 0.514500 0.396500 0.028000 0.031000
0 0.741000 0.340500 0.025000 0.027000
0 0.632000 0.687000 0.031000 0.030000
0 0.406000 0.303000 0.015000 0.017000
0 0.467000 0.853000 0.027000 0.018000
0 0.482000 0.519500 0.019000 0.022000
0 0.706000 0.571000 0.013000 0.012000
0 0.372000 0.561000 0.010000 0.014000
0 0.768000 0.655000 0.017000 0.017000
0 0.242000 0.256000 0.016000 0.018000
0 0.107500 0.634000 0.021000 0.018000
0 0.651500 0.879000 0.015000 0.025000
0 0.463500 0.543500 0.026000 0.022000
0 0.446000 0.509500 0.019000 0.019000
0 0.494000 0.655000 0.010000 0.012000
0 0.347000 0.264500 0.023000 0.020000
0 0.605000 0.429000 0.018000 0.017000
0 0.500000 0.495750 0.009000 0.011500
0 0.338000 0.262500 0.022000 0.015000
0 0.417000 0.455500 0.018000 0.021000
0 0.903000 0.485000 0.022000 0.017000
0 0.675500 0.804500 0.024000 0.027000
0 0.522000 0.767000 0.023000 0.017000
0 0.287500 0.649000 0.017000 0.017000
0 0.260500 0.283500 0.024000 0.026000
0 0.624000 0.476000 0.012000 0.017000
0 0.602500 0.324500 0.019000 0.020000
0 0.557000 0.727500 0.030000 0.022000
0 0.510000 0.158500 0.023000 0.027000
0 0.654000 0.440750 0.014000 0.020500
0 0.308500 0.490500 0.013000 0.010000
0 0.297000 0.305000 0.026000 0.024000
0 0.341500 0.256000 0.017000 0.020000
0 0.554500 0.415000 0.030000 0.023000
0 0.417500 0.706500 0.022000 0.022000
0 0.486500 0.387000 0.025000 0.027000
0 0.335500 0.412000 0.032000 0.026000
0 0.184500 0.325000 0.022000 0.024000
0 0.525500 0.556500 0.019000 0.016000
0 0.766000 0.403000 0.017000 0.011000
0 0.196500 0.695500 0.028000 0.026000
0 0.765500 0.570500 0.022000 0.019000
0 0.496500 0.362500 0.012000 0.014000
0 0.460000 0.418000 0.019000 0.016000
0 0.440000 0.628000 0.024000 0.025000
0 0.836500 0.643500 0.014000 0.013000
0 0.792500 0.466000 0.023000 0.020000
0 0.729000 0.840500 0.024000 0.027000
0 0.458500 0.725000 0.020000 0.024000
0 0.312500 0.338000 0.015000 0.027000
0 0.706500 0.749000 0.022000 0.018000
0 0.372500 0.568500 0.020000 0.027000
0 0.472000 0.545500 0.014000 0.012000
0 0.749000 0.364500 0.023000 0.025000
0 0.513500 0.515500 0.020000 0.025000
0 0.719500 0.387000 0.019000 0.019000
0 0.517500 0.492000 0.018000 0.034000
0 0.843000 0.733500 0.012000 0.016000
0 0.448000 0.841500 0.017000 0.020000
0 0.833500 0.600000 0.022000 0.032000
0 0.563000 0.098000 0.020000 0.017000
0 0.297500 0.865000 0.031000 0.026000
0 0.568500 0.622500 0.027000 0.027000
0 0.336000 0.287500 0.019000 0.017000
0 0.490000 0.523000 0.014000 0.014000
0 0.677000 0.541500 0.028000 0.028000
0 0.694000 0.702500 0.019000 0.017000
0 0.457000 0.350000 0.025000 0.017000
0 0.483500 0.498500 0.029000 0.026000
0 0.881000 0.331000 0.031000 0.029000
0 0.435000 0.520000 0.015000 0.014000
0 0.481500 0.760000 0.010000 0.013000
0 0.555500 0.188500 0.023000 0.026000
0 0.196500 0.374500 0.019000 0.019000
0 0.892000 0.470500 0.015000 0.019000
0 0.477500 0.429000 0.019000 0.026000
0 0.496500 0.508000 0.023000 0.024000
0 0.909500 0.504500 0.020000 0.018000
0 0.386500 0.399000 0.020000 0.019000
0 0.475000 0.642500 0.034000 0.028000
0 0.482500 0.849500 0.022000 0.021000
0 0.620000 0.900500 0.014000 0.016000
0 0.445000 0.428000 0.016000 0.018000
0 0.300500 0.488000 0.012000 0.009000
0 0.641500 0.401500 0.027000 0.023000
0 0.228000 0.774000 0.027000 0.028000
0 0.727500 0.675500 0.027000 0.025000
0 0.216500 0.665000 0.016000 0.017000
0 0.679000 0.258500 0.011000 0.013000
0 0.554000 0.493000 0.017000 0.019000
0 0.518000 0.590500 0.017000 0.012000
0 0.403000 0.850500 0.024000 0.023000
0 0.485500 0.547000 0.018000 0.018000
0 0.429000 0.494000 0.021000 0.024000
0 0.575500 0.654500 0.022000 0.029000
0 0.541000 0.561500 0.015000 0.017000
0 0.508500 0.892500 0.022000 0.023000
0 0.580500 0.509500 0.018000 0.017000
0 0.151500 0.695500 0.014000 0.014000
0 0.602500 0.156500 0.019000 0.017000
0 0.519750 0.241000 0.023500 0.021000
0 0.381500 0.251500 0.016000 0.017000
0 0.692000 0.687000 0.030000 0.029000
0 0.382000 0.322000 0.016000 0.011000
0 0.454500 0.580000 0.015000 0.016000
0 0.243000 0.463000 0.013000 0.015000
0 0.372500 0.536250 0.023000 0.023500
0 0.472500 0.413000 0.017000 0.017000
0 0.483500 0.563000 0.023000 0.030000
0 0.219500 0.213500 0.016000 0.022000
0 0.313000 0.600500 0.009000 0.015000
0 0.561500 0.323500 0.011000 0.011000
0 0.222000 0.556000 0.022000 0.026000
0 0.913500 0.531500 0.032000 0.028000
0 0.436000 0.580000 0.027000 0.021000
0 0.491000 0.732000 0.018000 0.024000
0 0.363000 0.681500 0.026000 0.027000
0 0.400500 0.251500 0.011000 0.011000
0 0.454500 0.732000 0.017000 0.022000
0 0.494500 0.483000 0.026000 0.019000
0 0.175000 0.599500 0.011000 0.013000
0 0.650500 0.591000 0.019000 0.022000
0 0.448000 0.821500 0.017000 0.017000
0 0.681500 0.450500 0.013000 0.015000
0 0.456000 0.521000 0.012000 0.015000
0 0.555500 0.097500 0.013000 0.009000
0 0.389000 0.705000 0.012000 0.014000
0 0.280000 0.572000 0.018000 0.019000
0 0.548500 0.428000 0.010000 0.012000
0 0.579500 0.300500 0.025000 0.024000
0 0.732000 0.165000 0.023000 0.020000
0 0.441000 0.422000 0.022000 0.024000
0 0.247000 0.490000 0.011000 0.012000
0 0.171000 0.407000 0.012000 0.012000
0 0.706500 0.582500 0.015000 0.016000
0 0.507000 0.248000 0.025000 0.029000
0 0.613000 0.632500 0.030000 0.031000
0 0.455000 0.754500 0.016000 0.017000
0 0.292000 0.822000 0.019000 0.022000
0 0.333500 0.718000 0.013000 0.017000
0 0.437500 0.557000 0.013000 0.012000
0 0.684500 0.569500 0.012000 0.009000
0 0.203500 0.235000 0.014000 0.017000
0 0.353500 0.517000 0.033000 0.030000
0 0.379000 0.647000 0.024000 0.023000
0 0.633500 0.744500 0.016000 0.014000
0 0.552000 0.392000 0.025000 0.021000
0 0.699500 0.545000 0.025000 0.024000
0 0.209000 0.608000 0.031000 0.024000
0 0.419000 0.493500 0.012000 0.013000
0 0.474500 0.273000 0.025000 0.018000
0 0.476000 0.863000 0.012000 0.012000
0 0.394500 0.473000 0.024000 0.024000
0 0.426500 0.409500 0.012000 0.015000
0 0.433500 0.286000 0.021000 0.022000
0 0.494000 0.454000 0.013000 0.013000
0 0.368000 0.694000 0.024000 0.031000
0 0.144000 0.440500 0.014000 0.019000
0 0.136000 0.415000 0.013000 0.019000
0 0.617000 0.479500 0.029000 0.031000
0 0.750500 0.429000 0.017000 0.018000
0 0.433500 0.679500 0.016000 0.019000
0 0.518000 0.535500 0.022000 0.019000
0 0.379500 0.510000 0.017000 0.016000
0 0.728000 0.652500 0.013000 0.014000
0 0.756000 0.369000 0.011000 0.010000
0 0.317500 0.363000 0.014000 0.014000
0 0.477500 0.595500 0.009000 0.009000
0 0.837500 0.343000 0.018000 0.020000
0 0.160500 0.333000 0.012000 0.011000
0 0.469000 0.500500 0.029000 0.021000
0 0.419500 0.904500 0.014000 0.014000
0 0.612500 0.111000 0.022000 0.020000
0 0.591500 0.362500 0.020000 0.016000
0 0.408000 0.115000 0.014000 0.014000
0 0.559000 0.331000 0.013000 0.012000
0 0.179500 0.436000 0.019000 0.020000
0 0.683000 0.427000 0.008000 0.014000
0 0.478500 0.462000 0.032000 0.032000
0 0.514500 0.431500 0.012000 0.016000
0 0.600000 0.530000 0.013000 0.014000
0 0.725000 0.240000 0.022000 0.022000
0 0.491000 0.467500 0.015000 0.016000
0 0.344750 0.154500 0.014500 0.011000
0 0.157500 0.296500 0.019000 0.026000
0 0.178500 0.318000 0.021000 0.021000
0 0.123000 0.655500 0.025000 0.026000
0 0.666500 0.756500 0.028000 0.024000
0 0.444000 0.175500 0.019000 0.013000
0 0.765000 0.618500 0.030000 0.031000
0 0.266000 0.459500 0.014000 0.015000
0 0.469500 0.530500 0.019000 0.019000
0 0.485000 0.439000 0.019000 0.013000
0 0.569000 0.423000 0.023000 0.022000
0 0.278000 0.148500 0.017000 0.024000
0 0.347500 0.753000 0.020000 0.015000
0 0.356000 0.464000 0.020000 0.022000
0 0.242000 0.181500 0.019000 0.017000
0 0.460750 0.461000 0.014500 0.011000
0 0.171000 0.730500 0.032000 0.028000
0 0.515500 0.561000 0.023000 0.022000
0 0.623000 0.250500 0.015000 0.019000
0 0.466000 0.714500 0.011000 0.012000
0 0.639500 0.837500 0.013000 0.019000
0 0.642500 0.152500 0.027000 0.027000
0 0.295000 0.628500 0.015000 0.011000
0 0.361000 0.633500 0.023000 0.021000
0 0.649000 0.504000 0.011000 0.011000
0 0.690500 0.411000 0.030000 0.026000
0 0.670000 0.628000 0.012000 0.017000
0 0.457000 0.714500 0.015000 0.016000
0 0.322000 0.459000 0.015000 0.014000
0 0.642000 0.732000 0.019000 0.017000
0 0.667500 0.559000 0.021000 0.016000
0 0.809500 0.615500 0.016000 0.013000
0 0.388000 0.360000 0.025000 0.022000
0 0.599000 0.672500 0.026000 0.027000
0 0.582500 0.758500 0.033000 0.034000
0 0.620500 0.337500 0.026000 0.019000
0 0.528000 0.156000 0.019000 0.020000
0 0.841000 0.577000 0.019000 0.019000
0 0.520000 0.569000 0.017000 0.017000
0 0.585000 0.733500 0.015000 0.017000
0 0.460500 0.332500 0.026000 0.028000
0 0.877500 0.450000 0.026000 0.027000
0 0.354500 0.478000 0.028000 0.019000
0 0.783000 0.519500 0.025000 0.018000
0 0.116000 0.550000 0.022000 0.020000
0 0.297000 0.516500 0.032000 0.032000
0 0.232500 0.342500 0.021000 0.015000
0 0.877000 0.517500 0.021000 0.021000
0 0.501500 0.467000 0.012000 0.012000
0 0.311500 0.514000 0.020000 0.018000
0 0.532000 0.819500 0.020000 0.020000
0 0.726500 0.372500 0.016000 0.017000
0 0.624500 0.555500 0.021000 0.025000
0 0.532000 0.425000 0.030000 0.029000
0 0.245000 0.219500 0.026000 0.018000
0 0.543000 0.196500 0.013000 0.013000
0 0.295500 0.363000 0.032000 0.032000
0 0.647000 0.604500 0.023000 0.023000
0 0.675000 0.797000 0.022000 0.027000
0 0.316500 0.710500 0.012000 0.013000
0 0.274000 0.210250 0.015000 0.014500
0 0.774500 0.608500 0.019000 0.013000
0 0.114500 0.527500 0.026000 0.024000
0 0.254500 0.389000 0.027000 0.027000
0 0.628500 0.601000 0.014000 0.013000
0 0.792500 0.734000 0.017000 0.017000
0 0.659000 0.747500 0.018000 0.027000
0 0.145000 0.363500 0.027000 0.023000
0 0.321500 0.788000 0.022000 0.018000
0 0.599500 0.682000 0.013000 0.012000
0 0.483500 0.591000 0.024000 0.032000
0 0.470500 0.485000 0.016000 0.016000
0 0.186500 0.466000 0.019000 0.028000
0 0.605500 0.352000 0.023000 0.018000
0 0.243500 0.675000 0.030000 0.021000
0 0.521500 0.456500 0.018000 0.023000
0 0.223500 0.266500 0.019000 0.027000
0 0.401000 0.308000 0.029000 0.030000
0 0.302000 0.357500 0.013000 0.021000
0 0.627500 0.574000 0.013000 0.016000
0 0.862000 0.698000 0.023000 0.018000
0 0.686000 0.788500 0.020000 0.012000
0 0.591500 0.524500 0.032000 0.033000
0 0.795500 0.328500 0.028000 0.027000
0 0.485000 0.688500 0.030000 0.027000
0 0.241500 0.719500 0.015000 0.013000
0 0.768500 0.735500 0.011000 0.009000
0 0.695000 0.528500 0.025000 0.018000
0 0.493500 0.243000 0.024000 0.026000
0 0.471500 0.388500 0.023000 0.028000
0 0.504500 0.333000 0.015000 0.018000
0 0.744500 0.800000 0.020000 0.024000
0 0.547000 0.318000 0.022000 0.021000
0 0.376000 0.465000 0.026000 0.022000
0 0.711500 0.167000 0.010000 0.011000
0 0.236000 0.638500 0.022000 0.021000
0 0.629000 0.659500 0.017000 0.022000
0 0.682000 0.659000 0.024000 0.023000
0 0.634500 0.427500 0.020000 0.017000
0 0.500500 0.518500 0.014000 0.015000
0 0.635000 0.110500 0.014000 0.015000
0 0.479500 0.285000 0.019000 0.020000
0 0.493000 0.542500 0.019000 0.017000
0 0.398000 0.663500 0.016000 0.018000
0 0.642500 0.129500 0.015000 0.016000
0 0.454000 0.605500 0.019000 0.019000
0 0.387500 0.129000 0.013000 0.013000
0 0.252500 0.447500 0.025000 0.025000
0 0.310000 0.652500 0.015000 0.017000
0 0.821250 0.441500 0.017500 0.013000
0 0.477500 0.675000 0.030000 0.032000
0 0.739500 0.242000 0.013000 0.013000
0 0.525000 0.198500 0.011000 0.012000
0 0.638000 0.845500 0.010000 0.016000
0 0.591500 0.548000 0.025000 0.026000
0 0.722000 0.600500 0.032000 0.029000
0 0.424000 0.588500 0.009000 0.013000
0 0.416000 0.555500 0.021000 0.023000
0 0.787500 0.546000 0.017000 0.019000
0 0.526000 0.436500 0.015000 0.018000
0 0.370500 0.432000 0.017000 0.017000
0 0.665000 0.435500 0.012000 0.013000
0 0.696000 0.450500 0.021000 0.022000
0 0.319500 0.189500 0.025000 0.025000
0 0.637000 0.469000 0.022000 0.022000
0 0.454000 0.268250 0.014000 0.017500
0 0.467000 0.515000 0.024000 0.026000
0 0.808000 0.576000 0.017000 0.016000
0 0.574000 0.671500 0.019000 0.019000
0 0.725500 0.484000 0.026000 0.022000
0 0.288500 0.328500 0.020000 0.020000
0 0.340000 0.290500 0.012000 0.015000
0 0.353500 0.584500 0.014000 0.009000
0 0.244000 0.483500 0.024000 0.026000
0 0.083000 0.477500 0.019000 0.020000
0 0.577750 0.206000 0.026500 0.018000
0 0.643500 0.213500 0.016000 0.017000
0 0.759500 0.356000 0.014000 0.016000
0 0.303000 0.401000 0.025000 0.026000
0 0.503000 0.495000 0.029000 0.030000
0 0.755000 0.598500 0.010000 0.009000
0 0.720000 0.536500 0.020000 0.025000
0 0.360500 0.649000 0.018000 0.017000
0 0.535500 0.434500 0.018000 0.025000
0 0.549500 0.506500 0.017000 0.018000
0 0.498500 0.431000 0.021000 0.022000
0 0.649500 0.768500 0.010000 0.010000
0 0.530500 0.106500 0.031000 0.022000
0 0.439000 0.347500 0.030000 0.030000
0 0.421000 0.830000 0.019000 0.021000
0 0.240000 0.266000 0.022000 0.018000
0 0.684500 0.814000 0.022000 0.020000
0 0.716000 0.609500 0.010000 0.013000
0 0.525000 0.601000 0.022000 0.022000
0 0.468000 0.826500 0.024000 0.022000
0 0.331000 0.119500 0.022000 0.022000
0 0.443000 0.862500 0.016000 0.022000
0 0.467500 0.460500 0.019000 0.018000
0 0.308000 0.233500 0.024000 0.027000
0 0.615000 0.351500 0.018000 0.021000
0 0.367500 0.571500 0.020000 0.020000
0 0.408000 0.654000 0.021000 0.020000
0 0.586500 0.307500 0.015000 0.013000
0 0.587500 0.382500 0.027000 0.022000
0 0.523500 0.670500 0.014000 0.015000
0 0.485500 0.473500 0.028000 0.025000
0 0.121250 0.628500 0.020500 0.017000
0 0.666000 0.733000 0.016000 0.014000
0 0.791000 0.515500 0.021000 0.020000
0 0.703500 0.151500 0.021000 0.026000
0 0.650000 0.269000 0.023000 0.026000
0 0.270500 0.275500 0.033000 0.024000
0 0.457500 0.583500 0.019000 0.022000
0 0.427000 0.228000 0.017000 0.017000
0 0.571500 0.693000 0.015000 0.013000
0 0.540250 0.490500 0.020500 0.016000
0 0.336500 0.785000 0.021000 0.018000
0 0.402000 0.237000 0.015000 0.012000
0 0.334000 0.650500 0.018000 0.021000