0 0.629500 0.668500 0.015000 0.011000
0 0.671000 0.686000 0.012000 0.013000
0 0.465500 0.442000 0.021000 0.018000
0 0.577000 0.278000 0.013000 0.013000
0 0.576500 0.818000 0.026000 0.018000
0 0.511500 0.512000 0.014000 0.014000
0 0.148500 0.357500 0.028000 0.024000
0 0.433500 0.472500 0.009000 0.010000
0 0.427000 0.464000 0.028000 0.022000
0 0.362000 0.462000 0.019000 0.018000
0 0.863500 0.501000 0.011000 0.010000
0 0.362000 0.627500 0.016000 0.017000
0 0.516000 0.840000 0.015000 0.016000
0 0.464000 0.258250 0.014000 0.020500
0 0.578500 0.677000 0.025000 0.025000
0 0.690500 0.413000 0.028000 0.033000
0 0.856000 0.484500 0.033000 0.028000
0 0.716000 0.595500 0.030000 0.031000
0 0.469500 0.520500 0.014000 0.012000
0 0.434000 0.244000 0.025000 0.024000
0 0.477000 0.412500 0.011000 0.021000
0 0.510500 0.678000 0.012000 0.014000
0 0.350000 0.173000 0.020000 0.017000
0 0.767000 0.193500 0.017000 0.025000
0 0.563500 0.689500 0.022000 0.015000
0 0.335000 0.692500 0.024000 0.031000
0 0.668000 0.671500 0.014000 0.013000
0 0.694500 0.647000 0.022000 0.024000
0 0.515500 0.578000 0.016000 0.018000
0 0.885500 0.603000 0.020000 0.018000
0 0.667000 0.437000 0.031000 0.033000
0 0.400000 0.222000 0.014000 0.017000
0 0.655000 0.423000 0.011000 0.011000
0 0.312000 0.221000 0.020000 0.019000
0 0.373000 0.420000 0.011000 0.012000
0 0.741500 0.335000 0.021000 0.022000
0 0.787000 0.201000 0.019000 0.021000
0 0.144500 0.554000 0.016000 0.015000
0 0.554000 0.888000 0.011000 0.012000
0 0.402000 0.876500 0.015000 0.015000
0 0.500500 0.643000 0.019000 0.020000
0 0.755000 0.644000 0.022000 0.021000
0 0.332000 0.502500 0.022000 0.016000
0 0.353000 0.518000 0.035000 0.029000
0 0.529500 0.527500 0.025000 0.032000
0 0.432500 0.265500 0.012000 0.011000
0 0.561500 0.277500 0.031000 0.026000
0 0.595000 0.786500 0.013000 0.013000
0 0.637000 0.339500 0.021000 0.018000
0 0.374500 0.430500 0.026000 0.025000
0 0.171500 0.626000 0.025000 0.017000
0 0.416500 0.414000 0.029000 0.027000
0 0.493000 0.773500 0.027000 0.022000
0 0.386500 0.882500 0.015000 0.015000
0 0.252500 0.373000 0.022000 0.022000
0 0.496500 0.498500 0.012000 0.019000
0 0.733500 0.316000 0.025000 0.017000
0 0.305000 0.550500 0.024000 0.024000
0 0.526000 0.491500 0.024000 0.025000
0 0.652500 0.707500 0.020000 0.019000
0 0.424500 0.352000 0.026000 0.023000
0 0.224500 0.451500 0.017000 0.019000
0 0.388500 0.283500 0.010000 0.010000
0 0.255500 0.343000 0.030000 0.023000
0 0.623500 0.434000 0.023000 0.027000
0 0.384500 0.523000 0.018000 0.019000
0 0.618500 0.187500 0.022000 0.021000
0 0.645000 0.496000 0.014000 0.022000
0 0.187500 0.408000 0.022000 0.023000
0 0.489000 0.276500 0.026000 0.018000
0 0.134500 0.648500 0.031000 0.026000
0 0.489000 0.612000 0.016000 0.014000
0 0.524500 0.548500 0.027000 0.027000
0 0.294000 0.672500 0.029000 0.028000
0 0.265500 0.681500 0.019000 0.027000
0 0.353000 0.781000 0.027000 0.025000
0 0.361500 0.452000 0.024000 0.025000
0 0.285000 0.490500 0.011000 0.014000
0 0.425500 0.191000 0.021000 0.021000
0 0.698000 0.554500 0.019000 0.018000
0 0.319000 0.256500 0.022000 0.025000
0 0.128500 0.572000 0.026000 0.026000
0 0.161000 0.610500 0.012000 0.011000
0 0.465500 0.610500 0.008000 0.010000
0 0.560500 0.500500 0.011000 0.014000
0 0.642500 0.828000 0.023000 0.025000
0 0.487500 0.206500 0.011000 0.012000
0 0.479500 0.631000 0.012000 0.016000
0 0.880500 0.487500 0.016000 0.013000
0 0.158500 0.625500 0.030000 0.030000
0 0.801500 0.553500 0.021000 0.016000
0 0.546500 0.508000 0.014000 0.013000
0 0.268500 0.749000 0.013000 0.015000
0 0.571000 0.650000 0.022000 0.017000
0 0.302500 0.588500 0.024000 0.021000
0 0.362500 0.323500 0.015000 0.013000
0 0.549500 0.426000 0.032000 0.029000
0 0.488500 0.467500 0.015000 0.016000
0 0.701500 0.766500 0.014000 0.019000
0 0.713000 0.774000 0.019000 0.014000
0 0.577250 0.299250 0.021500 0.021500
0 0.446500 0.478000 0.018000 0.017000
0 0.896500 0.382500 0.019000 0.023000
0 0.458500 0.572000 0.020000 0.018000
0 0.360500 0.747000 0.019000 0.012000
0 0.562500 0.857500 0.022000 0.022000
0 0.622500 0.694500 0.021000 0.025000
0 0.503000 0.452000 0.019000 0.014000
0 0.288500 0.209500 0.030000 0.029000
0 0.523500 0.651500 0.012000 0.017000
0 0.447000 0.684500 0.015000 0.017000
0 0.341500 0.529000 0.033000 0.029000
0 0.590500 0.578000 0.027000 0.026000
0 0.686500 0.648000 0.021000 0.020000
0 0.481000 0.609500 0.018000 0.016000
0 0.481000 0.252500 0.029000 0.032000
0 0.684500 0.521000 0.026000 0.029000
0 0.493000 0.483500 0.029000 0.021000
0 0.896000 0.605000 0.010000 0.012000
0 0.509500 0.502500 0.017000 0.015000
0 0.799500 0.775500 0.015000 0.014000
0 0.759000 0.474000 0.008000 0.009000
0 0.153500 0.449500 0.011000 0.014000
0 0.508500 0.311500 0.013000 0.010000
0 0.276500 0.641500 0.024000 0.023000
0 0.375000 0.297500 0.019000 0.023000
0 0.530000 0.770000 0.028000 0.028000
0 0.496500 0.703500 0.010000 0.014000
0 0.495000 0.536000 0.018000 0.018000
0 0.633000 0.493500 0.023000 0.021000
0 0.159000 0.575500 0.017000 0.017000
0 0.240500 0.276500 0.013000 0.013000
0 0.516000 0.532000 0.021000 0.028000
0 0.241500 0.549000 0.016000 0.013000
0 0.454000 0.409000 0.010000 0.010000
0 0.515500 0.490000 0.030000 0.029000
0 0.484000 0.519000 0.028000 0.026000
0 0.823500 0.592000 0.014000 0.010000
0 0.542500 0.402500 0.019000 0.021000
0 0.590500 0.282500 0.018000 0.023000
0 0.529500 0.590500 0.023000 0.025000
0 0.699000 0.393000 0.025000 0.020000
0 0.783000 0.464500 0.016000 0.013000
0 0.517500 0.623000 0.016000 0.016000
0 0.230500 0.547000 0.034000 0.029000
0 0.577500 0.695000 0.019000 0.020000
0 0.758000 0.283500 0.036000 0.029000
0 0.848000 0.587000 0.026000 0.026000
0 0.458500 0.473500 0.017000 0.020000
0 0.505000 0.574000 0.020000 0.023000
0 0.534500 0.855000 0.019000 0.020000
0 0.401000 0.855000 0.024000 0.024000
0 0.652500 0.377000 0.020000 0.025000
0 0.194000 0.487500 0.016000 0.023000
0 0.592500 0.619000 0.018000 0.014000
0 0.274000 0.357500 0.014000 0.014000
0 0.583000 0.503000 0.026000 0.031000
0 0.483000 0.111500 0.033000 0.029000
0 0.588500 0.834000 0.028000 0.027000
0 0.831250 0.681500 0.029500 0.021000
0 0.203000 0.331500 0.022000 0.020000
0 0.562000 0.419500 0.022000 0.019000
0 0.544500 0.581000 0.021000 0.019000
0 0.603000 0.884500 0.024000 0.021000
0 0.149500 0.653000 0.015000 0.014000
0 0.487000 0.842000 0.027000 0.029000
0 0.640000 0.289500 0.021000 0.031000
0 0.584000 0.637500 0.015000 0.014000
0 0.870000 0.592000 0.024000 0.025000
0 0.453500 0.493000 0.023000 0.018000
0 0.473000 0.513000 0.010000 0.012000
0 0.372500 0.120500 0.024000 0.026000
0 0.651500 0.301500 0.022000 0.018000
0 0.469000 0.458500 0.018000 0.021000
0 0.583500 0.573000 0.016000 0.014000
0 0.571000 0.149000 0.023000 0.022000
0 0.351500 0.462500 0.018000 0.018000
0 0.480000 0.485000 0.029000 0.027000
0 0.246000 0.519500 0.031000 0.031000
0 0.754000 0.492500 0.015000 0.014000
0 0.482000 0.623000 0.013000 0.019000
0 0.471500 0.466500 0.027000 0.025000
0 0.243250 0.347000 0.023500 0.016000
0 0.456000 0.243000 0.027000 0.029000
0 0.594500 0.598000 0.020000 0.029000
0 0.394000 0.622000 0.021000 0.018000
0 0.209500 0.254000 0.019000 0.016000
0 0.760500 0.730000 0.022000 0.017000
0 0.225500 0.301000 0.025000 0.024000
0 0.642000 0.348000 0.011000 0.011000
0 0.541500 0.378500 0.026000 0.024000
0 0.604000 0.685500 0.022000 0.025000
0 0.776000 0.489000 0.024000 0.024000
0 0.513500 0.458500 0.022000 0.022000
0 0.659500 0.474500 0.033000 0.022000
0 0.563000 0.468500 0.034000 0.027000
0 0.501000 0.487500 0.018000 0.020000
0 0.641000 0.268750 0.013000 0.017500
0 0.802500 0.529500 0.025000 0.024000
0 0.780000 0.373500 0.013000 0.016000
0 0.177000 0.689500 0.018000 0.018000
0 0.506500 0.737000 0.023000 0.030000
0 0.461500 0.491000 0.019000 0.027000
0 0.637500 0.757500 0.021000 0.019000
0 0.447500 0.127000 0.021000 0.025000
0 0.399000 0.255000 0.018000 0.021000
0 0.194500 0.724500 0.014000 0.016000
0 0.305000 0.367500 0.018000 0.022000
0 0.683000 0.276000 0.021000 0.020000
0 0.219500 0.766500 0.032000 0.025000
0 0.520000 0.603500 0.014000 0.014000
0 0.443000 0.696500 0.021000 0.019000
0 0.547000 0.538000 0.022000 0.020000
0 0.605500 0.595000 0.021000 0.020000
0 0.417500 0.262500 0.018000 0.020000
0 0.498500 0.521000 0.031000 0.029000
0 0.132000 0.442500 0.011000 0.012000
0 0.369500 0.698000 0.014000 0.017000
0 0.498000 0.826000 0.025000 0.025000
0 0.345000 0.757500 0.014000 0.013000
0 0.516000 0.502000 0.017000 0.018000
0 0.554500 0.376000 0.015000 0.020000
0 0.703000 0.630000 0.016000 0.016000
0 0.366000 0.398500 0.021000 0.021000
0 0.651000 0.358000 0.020000 0.024000
0 0.305500 0.263500 0.027000 0.029000
0 0.339000 0.709500 0.023000 0.020000
0 0.500500 0.600500 0.023000 0.017000
0 0.814500 0.581500 0.015000 0.015000
0 0.546000 0.492000 0.025000 0.023000
0 0.663500 0.719000 0.009000 0.013000
0 0.768000 0.735000 0.017000 0.016000
0 0.398000 0.304500 0.012000 0.015000
0 0.413000 0.311500 0.022000 0.022000
0 0.701000 0.541500 0.015000 0.014000
0 0.529500 0.476500 0.015000 0.015000
0 0.576000 0.335000 0.019000 0.022000
0 0.514500 0.475000 0.008000 0.008000
0 0.319000 0.500000 0.018000 0.021000
0 0.621500 0.485000 0.021000 0.025000
0 0.453500 0.283000 0.021000 0.022000
0 0.155500 0.596500 0.023000 0.023000
0 0.701000 0.608000 0.015000 0.013000
0 0.561500 0.554500 0.021000 0.026000
0 0.519000 0.203500 0.018000 0.019000
0 0.479000 0.572500 0.015000 0.011000
0 0.600500 0.474000 0.031000 0.023000
0 0.572500 0.619500 0.014000 0.015000
0 0.376500 0.454500 0.025000 0.017000
0 0.406500 0.510500 0.023000 0.022000
0 0.784000 0.634500 0.012000 0.012000
0 0.763500 0.678000 0.022000 0.021000
0 0.498500 0.281500 0.011000 0.013000
0 0.521500 0.472000 0.018000 0.017000
0 0.447000 0.868500 0.021000 0.022000
0 0.200500 0.343500 0.016000 0.011000
0 0.449500 0.377500 0.014000 0.017000
0 0.450500 0.538500 0.020000 0.021000
0 0.494000 0.883500 0.021000 0.019000
0 0.715500 0.633500 0.018000 0.023000
0 0.573500 0.230000 0.025000 0.026000
0 0.748500 0.400500 0.023000 0.030000
0 0.747500 0.449500 0.022000 0.027000
0 0.634000 0.532500 0.021000 0.020000
0 0.337000 0.819500 0.021000 0.021000
0 0.723000 0.584000 0.026000 0.024000
0 0.551000 0.545500 0.023000 0.020000
0 0.311500 0.697000 0.019000 0.021000
0 0.326000 0.807500 0.019000 0.020000
0 0.553000 0.691500 0.022000 0.019000
0 0.586000 0.551000 0.011000 0.013000
0 0.406500 0.417500 0.030000 0.029000
0 0.507500 0.812000 0.022000 0.019000
0 0.798000 0.560000 0.011000 0.012000
0 0.630000 0.215500 0.017000 0.018000
0 0.605000 0.734000 0.016000 0.021000
0 0.618250 0.338000 0.026500 0.018000
0 0.408000 0.474000 0.014000 0.019000
0 0.292250 0.686500 0.014500 0.010000
0 0.372000 0.548500 0.024000 0.028000
0 0.260000 0.646000 0.024000 0.025000
0 0.538000 0.503000 0.022000 0.031000
0 0.266000 0.525000 0.016000 0.015000
0 0.598000 0.585500 0.013000 0.014000
0 0.637500 0.320500 0.026000 0.031000
0 0.323500 0.857500 0.018000 0.017000
0 0.378500 0.528500 0.017000 0.018000
0 0.468000 0.500000 0.022000 0.017000
0 0.548000 0.203500 0.016000 0.020000
0 0.710500 0.314000 0.026000 0.024000
0 0.367500 0.344500 0.012000 0.012000
0 0.493000 0.260000 0.022000 0.021000
0 0.422000 0.292000 0.035000 0.034000
0 0.395000 0.743500 0.014000 0.016000
0 0.504000 0.518250 0.013000 0.017500
0 0.687000 0.507000 0.022000 0.016000
0 0.608000 0.398000 0.032000 0.028000
0 0.543000 0.471500 0.019000 0.023000
0 0.308000 0.604500 0.011000 0.010000
0 0.462000 0.695500 0.018000 0.024000
0 0.574500 0.479500 0.012000 0.012000
0 0.444000 0.351000 0.013000 0.015000
0 0.509500 0.557000 0.033000 0.023000
0 0.725500 0.696500 0.031000 0.029000
0 0.417000 0.721500 0.028000 0.028000
0 0.636000 0.582000 0.016000 0.016000
0 0.443000 0.439000 0.019000 0.018000
0 0.293500 0.478500 0.019000 0.013000
0 0.709500 0.510000 0.009000 0.011000
0 0.283500 0.345500 0.026000 0.023000
0 0.847500 0.625500 0.020000 0.022000
0 0.531500 0.609500 0.022000 0.023000
0 0.701250 0.219750 0.019500 0.019500
0 0.584500 0.266500 0.029000 0.029000
0 0.627500 0.397500 0.012000 0.011000
0 0.472500 0.462000 0.014000 0.010000
0 0.124500 0.538000 0.016000 0.016000
0 0.381000 0.442500 0.024000 0.021000
0 0.210000 0.460500 0.012000 0.015000
0 0.690500 0.190500 0.026000 0.020000
0 0.486500 0.372000 0.025000 0.020000
0 0.285500 0.635500 0.026000 0.027000
0 0.334500 0.157500 0.026000 0.025000
0 0.484000 0.591000 0.009000 0.015000
0 0.405000 0.462000 0.018000 0.015000
0 0.623500 0.414000 0.016000 0.020000
0 0.350000 0.407500 0.011000 0.014000
0 0.797500 0.695000 0.017000 0.019000
0 0.611500 0.483250 0.018000 0.023500
0 0.621000 0.797000 0.014000 0.020000
0 0.644000 0.644000 0.020000 0.030000
0 0.494500 0.413500 0.021000 0.015000
0 0.251500 0.448500 0.013000 0.018000
0 0.307500 0.293500 0.014000 0.013000
0 0.552000 0.502500 0.015000 0.015000
0 0.532000 0.515500 0.017000 0.019000
0 0.585500 0.470000 0.020000 0.015000
0 0.105500 0.417000 0.019000 0.018000
0 0.421000 0.573000 0.022000 0.021000
0 0.392500 0.473000 0.018000 0.014000
0 0.642000 0.183500 0.012000 0.015000
0 0.629500 0.697500 0.016000 0.018000
0 0.864500 0.556000 0.023000 0.021000
0 0.388000 0.586000 0.024000 0.021000
0 0.583500 0.657500 0.020000 0.021000
0 0.630500 0.502500 0.022000 0.016000
0 0.591500 0.699500 0.026000 0.021000
0 0.522500 0.593750 0.014000 0.014500
0 0.786000 0.472000 0.014000 0.010000
0 0.615500 0.706500 0.009000 0.009000
0 0.439500 0.582000 0.015000 0.019000
0 0.458500 0.816500 0.028000 0.021000
0 0.834000 0.533500 0.016000 0.015000
0 0.480500 0.462500 0.015000 0.017000
0 0.858500 0.394500 0.027000 0.032000
0 0.496500 0.798500 0.016000 0.015000
0 0.714500 0.618000 0.014000 0.015000
0 0.601750 0.229000 0.014500 0.012000
0 0.436500 0.765000 0.018000 0.020000
0 0.556000 0.536000 0.019000 0.020000
0 0.492000 0.919000 0.020000 0.023000
0 0.585000 0.768000 0.020000 0.018000
0 0.408000 0.687000 0.015000 0.015000
0 0.369000 0.240000 0.023000 0.021000
0 0.614000 0.743500 0.020000 0.033000
0 0.315500 0.192000 0.026000 0.026000
0 0.538500 0.886000 0.020000 0.016000
0 0.514500 0.432500 0.020000 0.020000
0 0.512500 0.557000 0.016000 0.028000
0 0.724000 0.513750 0.010000 0.014500
0 0.634500 0.631500 0.009000 0.011000
0 0.459500 0.437500 0.023000 0.030000
0 0.277000 0.331500 0.031000 0.031000
0 0.812000 0.249500 0.029000 0.036000
0 0.502500 0.250000 0.008000 0.008000
0 0.799000 0.584000 0.025000 0.025000
0 0.563000 0.505000 0.020000 0.017000
0 0.549500 0.570500 0.025000 0.029000
0 0.513500 0.297500 0.009000 0.009000
0 0.466500 0.582500 0.011000 0.011000
0 0.483500 0.189000 0.016000 0.016000
0 0.555000 0.447000 0.011000 0.009000
0 0.480500 0.523000 0.014000 0.014000
0 0.457500 0.638000 0.013000 0.016000
0 0.269500 0.489500 0.017000 0.016000
0 0.618000 0.628000 0.017000 0.016000
0 0.430500 0.554500 0.031000 0.031000
0 0.338000 0.760000 0.019000 0.016000
0 0.486500 0.543500 0.029000 0.025000
0 0.783000 0.246000 0.015000 0.017000
0 0.408000 0.265500 0.025000 0.025000
0 0.446000 0.564500 0.024000 0.023000
0 0.497500 0.501000 0.026000 0.028000
0 0.168000 0.711500 0.015000 0.016000
0 0.601500 0.557500 0.015000 0.013000
0 0.365000 0.223000 0.028000 0.020000
0 0.335500 0.414500 0.019000 0.017000
0 0.794000 0.791000 0.023000 0.019000
0 0.528000 0.108500 0.018000 0.021000
0 0.383500 0.748000 0.027000 0.031000
0 0.539000 0.483500 0.011000 0.015000
0 0.718500 0.706000 0.030000 0.030000
0 0.486000 0.510000 0.018000 0.021000
0 0.623000 0.240000 0.015000 0.014000
0 0.602000 0.368000 0.016000 0.017000
0 0.564500 0.343000 0.009000 0.009000
0 0.269500 0.173500 0.020000 0.017000
0 0.663000 0.553500 0.015000 0.016000
0 0.284000 0.675500 0.025000 0.023000
0 0.349500 0.817000 0.012000 0.019000
0 0.540500 0.532500 0.020000 0.022000
0 0.740000 0.343500 0.020000 0.020000
0 0.214000 0.352500 0.020000 0.019000
0 0.822000 0.501500 0.020000 0.023000
0 0.216500 0.749000 0.018000 0.015000
0 0.619000 0.341000 0.029000 0.027000
0 0.713500 0.770250 0.014000 0.020500
0 0.604000 0.165000 0.025000 0.035000
0 0.690000 0.830500 0.019000 0.017000
0 0.883500 0.580000 0.014000 0.016000
0 0.632500 0.463000 0.025000 0.021000
0 0.266750 0.238500 0.014500 0.010000
0 0.439500 0.419500 0.025000 0.023000
0 0.372500 0.827000 0.020000 0.024000
0 0.383000 0.384500 0.011000 0.011000
0 0.580500 0.532500 0.026000 0.026000
0 0.480000 0.384500 0.023000 0.018000
0 0.134000 0.345000 0.014000 0.020000
0 0.489000 0.501500 0.014000 0.015000
0 0.635500 0.422000 0.022000 0.021000
0 0.424000 0.410500 0.014000 0.013000
0 0.476000 0.158500 0.024000 0.022000
0 0.448000 0.198000 0.031000 0.021000
0 0.515500 0.378500 0.021000 0.022000
0 0.653000 0.556500 0.009000 0.012000
0 0.447500 0.740000 0.012000 0.011000
0 0.517500 0.518500 0.019000 0.018000
0 0.604500 0.826500 0.022000 0.028000
0 0.534500 0.214500 0.032000 0.025000
0 0.674000 0.343000 0.025000 0.024000
0 0.477000 0.652500 0.015000 0.015000
0 0.281500 0.165000 0.017000 0.016000
0 0.475500 0.600000 0.027000 0.023000
0 0.423500 0.442000 0.019000 0.014000
0 0.866500 0.350500 0.018000 0.016000
0 0.565000 0.373000 0.016000 0.016000
0 0.530500 0.273000 0.009000 0.012000
0 0.330500 0.614500 0.014000 0.014000
0 0.400500 0.120000 0.022000 0.024000
0 0.678500 0.164500 0.025000 0.030000
0 0.615000 0.466000 0.021000 0.022000
0 0.897000 0.457500 0.016000 0.016000
0 0.796500 0.547000 0.024000 0.017000
0 0.496500 0.468000 0.013000 0.011000
0 0.464500 0.769500 0.016000 0.016000
0 0.722000 0.617000 0.021000 0.019000
0 0.200500 0.535000 0.032000 0.030000
0 0.471000 0.623000 0.019000 0.018000
0 0.846000 0.423000 0.013000 0.013000
0 0.391000 0.868000 0.019000 0.020000
0 0.519000 0.363000 0.025000 0.017000
0 0.698000 0.316500 0.013000 0.015000
0 0.600000 0.724500 0.014000 0.017000
0 0.476500 0.502000 0.016000 0.017000
0 0.559500 0.805000 0.027000 0.028000
0 0.128000 0.337000 0.020000 0.021000
0 0.128500 0.639500 0.028000 0.020000
0 0.488500 0.361500 0.021000 0.021000
0 0.744000 0.573000 0.034000 0.033000
0 0.329500 0.742500 0.027000 0.027000
0 0.272000 0.250500 0.026000 0.026000
0 0.575000 0.500500 0.019000 0.015000
0 0.294500 0.281500 0.015000 0.014000
0 0.532000 0.725500 0.018000 0.024000
0 0.448500 0.515500 0.020000 0.021000
0 0.346000 0.468000 0.033000 0.033000
0 0.631000 0.250000 0.015000 0.016000
0 0.482000 0.424500 0.027000 0.026000
0 0.382000 0.196000 0.028000 0.022000
0 0.616750 0.454500 0.017500 0.012000
0 0.760500 0.714500 0.015000 0.020000
0 0.419000 0.459000 0.018000 0.019000
0 0.746500 0.369500 0.024000 0.029000
0 0.887000 0.519000 0.016000 0.023000
0 0.557000 0.369000 0.009000 0.015000
0 0.403500 0.405000 0.028000 0.029000
0 0.829000 0.409000 0.014000 0.013000
0 0.506000 0.541500 0.009000 0.013000
0 0.759000 0.564000 0.016000 0.017000
0 0.191500 0.576500 0.019000 0.018000
0 0.141500 0.314000 0.013000 0.010000
0 0.403500 0.705000 0.014000 0.013000
0 0.415500 0.608500 0.029000 0.031000
0 0.360500 0.485500 0.015000 0.016000
0 0.540000 0.452000 0.020000 0.024000
0 0.385500 0.187500 0.012000 0.011000
0 0.249000 0.704500 0.021000 0.025000
0 0.776000 0.288000 0.024000 0.027000
0 0.258000 0.541500 0.014000 0.016000
0 0.457000 0.114000 0.010000 0.010000
0 0.740500 0.416500 0.031000 0.030000
0 0.394500 0.686500 0.025000 0.020000
0 0.189000 0.330000 0.031000 0.031000
0 0.509500 0.517000 0.022000 0.017000
0 0.701000 0.563000 0.019000 0.019000
0 0.366500 0.187000 0.013000 0.011000
0 0.202500 0.680000 0.015000 0.023000
0 0.367500 0.673000 0.027000 0.027000
0 0.604500 0.697500 0.024000 0.020000
0 0.367000 0.779500 0.019000 0.017000
0 0.366000 0.431000 0.026000 0.025000
0 0.558500 0.815500 0.022000 0.020000
0 0.240500 0.329500 0.021000 0.022000
0 0.413500 0.875500 0.028000 0.025000
0 0.593500 0.444500 0.010000 0.011000
0 0.489000 0.436500 0.023000 0.030000
0 0.279000 0.214000 0.014000 0.018000
0 0.597250 0.419000 0.023500 0.020000
0 0.518500 0.103000 0.013000 0.014000
0 0.307500 0.328000 0.014000 0.015000
0 0.483000 0.559500 0.030000 0.031000
0 0.729500 0.518500 0.010000 0.010000
0 0.468500 0.481000 0.016000 0.012000
0 0.473000 0.536000 0.022000 0.020000
0 0.393000 0.516000 0.020000 0.013000
0 0.596000 0.616500 0.028000 0.032000
0 0.695500 0.568500 0.010000 0.009000
0 0.476000 0.526000 0.023000 0.026000
0 0.785500 0.518000 0.017000 0.018000
0 0.341000 0.410500 0.025000 0.025000
0 0.574000 0.451500 0.017000 0.025000
0 0.346500 0.744000 0.020000 0.015000
0 0.361000 0.736500 0.019000 0.026000
0 0.263500 0.439500 0.024000 0.022000
0 0.263000 0.450000 0.025000 0.022000
0 0.411000 0.323500 0.024000 0.029000
0 0.767000 0.656000 0.022000 0.025000
0 0.530500 0.375000 0.018000 0.018000
0 0.376500 0.381000 0.016000 0.024000
0 0.466500 0.710000 0.016000 0.015000
0 0.721000 0.388000 0.020000 0.020000
0 0.895500 0.545000 0.009000 0.009000
0 0.577500 0.646000 0.021000 0.017000
0 0.264000 0.230500 0.024000 0.026000
0 0.165000 0.631500 0.019000 0.023000
0 0.535500 0.515000 0.017000 0.022000
0 0.569000 0.089500 0.008000 0.010000
0 0.817500 0.640500 0.023000 0.023000
0 0.906000 0.543500 0.018000 0.018000
0 0.485500 0.285000 0.014000 0.014000
0 0.751000 0.511000 0.017000 0.018000
0 0.116500 0.559000 0.024000 0.015000
0 0.555000 0.486500 0.031000 0.028000
0 0.772000 0.466500 0.012000 0.017000
0 0.210500 0.275000 0.023000 0.017000
0 0.226500 0.542500 0.011000 0.010000
0 0.666000 0.469000 0.018000 0.019000
0 0.454000 0.679500 0.015000 0.013000
0 0.463000 0.389000 0.020000 0.022000
0 0.908000 0.553500 0.017000 0.018000
0 0.456500 0.657000 0.010000 0.011000
0 0.275000 0.616500 0.015000 0.013000
0 0.634500 0.844000 0.033000 0.030000
0 0.663000 0.132000 0.015000 0.015000
0 0.832000 0.243500 0.022000 0.021000
0 0.484500 0.550000 0.015000 0.016000
0 0.601500 0.495500 0.029000 0.026000
0 0.814500 0.562000 0.015000 0.012000
0 0.517000 0.753500 0.027000 0.028000
0 0.689000 0.671000 0.025000 0.028000
0 0.708000 0.566500 0.018000 0.018000
0 0.251500 0.176500 0.031000 0.026000
0 0.366000 0.577500 0.013000 0.015000
0 0.323000 0.831000 0.022000 0.026000
0 0.501500 0.459500 0.023000 0.022000
0 0.485000 0.195250 0.013000 0.017500
0 0.418500 0.492500 0.021000 0.020000
0 0.315500 0.427500 0.024000 0.031000
0 0.390500 0.500000 0.035000 0.035000
0 0.510000 0.213500 0.027000 0.022000
0 0.237000 0.180500 0.021000 0.019000
0 0.449000 0.148500 0.020000 0.021000
0 0.433000 0.534500 0.010000 0.010000
0 0.444000 0.620000 0.018000 0.016000
0 0.215500 0.383000 0.025000 0.026000
0 0.095000 0.449000 0.022000 0.028000
0 0.825500 0.482000 0.009000 0.009000
0 0.184000 0.469500 0.021000 0.016000
0 0.197000 0.649000 0.022000 0.017000
0 0.659500 0.618000 0.011000 0.010000
0 0.448500 0.572250 0.014000 0.014500
0 0.731500 0.464500 0.009000 0.010000
0 0.528500 0.397000 0.023000 0.025000
0 0.493000 0.544000 0.019000 0.019000
0 0.392000 0.330000 0.009000 0.010000
0 0.566000 0.477000 0.010000 0.010000
0 0.521000 0.408500 0.026000 0.025000
0 0.115500 0.639500 0.019000 0.018000
0 0.530000 0.434500 0.022000 0.017000
0 0.590000 0.122000 0.014000 0.015000
0 0.485500 0.795500 0.019000 0.020000
0 0.457000 0.562000 0.018000 0.018000
0 0.600500 0.161000 0.010000 0.011000
0 0.294500 0.664500 0.026000 0.024000
0 0.543000 0.226500 0.024000 0.021000
0 0.671500 0.644000 0.019000 0.023000
0 0.831500 0.491500 0.027000 0.025000
0 0.682000 0.767500 0.032000 0.026000
0 0.726500 0.233500 0.009000 0.012000
0 0.563500 0.210500 0.025000 0.020000
0 0.456000 0.582500 0.010000 0.011000
0 0.577500 0.629500 0.019000 0.014000
0 0.433500 0.121000 0.021000 0.021000
0 0.440500 0.755000 0.018000 0.017000
0 0.452500 0.526000 0.017000 0.017000
0 0.565000 0.509500 0.011000 0.011000
0 0.283000 0.527500 0.010000 0.012000
0 0.243500 0.454500 0.015000 0.014000
0 0.424000 0.118000 0.026000 0.020000
0 0.521500 0.319000 0.011000 0.009000
0 0.307000 0.323500 0.020000 0.017000
0 0.818500 0.489500 0.016000 0.021000