0 0.688500 0.728000 0.015000 0.015000
0 0.350500 0.423000 0.019000 0.014000
0 0.431500 0.716500 0.012000 0.013000
0 0.250500 0.262500 0.024000 0.023000
0 0.574000 0.817500 0.013000 0.012000
0 0.289500 0.380500 0.027000 0.022000
0 0.309500 0.631500 0.021000 0.014000
0 0.355500 0.351500 0.018000 0.024000
0 0.805500 0.280000 0.020000 0.028000
0 0.609000 0.376000 0.023000 0.021000
0 0.742000 0.197500 0.027000 0.022000
0 0.504000 0.459500 0.032000 0.028000
0 0.487000 0.773500 0.024000 0.022000
0 0.546000 0.472500 0.014000 0.015000
0 0.454000 0.520500 0.028000 0.023000
0 0.446000 0.393500 0.020000 0.020000
0 0.107000 0.374000 0.018000 0.031000
0 0.380000 0.727000 0.017000 0.023000
0 0.512000 0.571000 0.010000 0.011000
0 0.603000 0.749500 0.029000 0.020000
0 0.366500 0.634000 0.020000 0.017000
0 0.115000 0.455000 0.022000 0.026000
0 0.406500 0.657000 0.021000 0.029000
0 0.503500 0.496000 0.015000 0.015000
0 0.786000 0.652500 0.017000 0.016000
0 0.536500 0.350000 0.013000 0.010000
0 0.588000 0.476000 0.018000 0.016000
0 0.459000 0.498000 0.022000 0.022000
0 0.343500 0.752500 0.022000 0.018000
0 0.741000 0.243500 0.021000 0.023000
0 0.689500 0.762500 0.022000 0.021000
0 0.663500 0.320500 0.022000 0.021000
0 0.758500 0.268500 0.018000 0.017000
0 0.546500 0.538750 0.020000 0.023500
0 0.245500 0.472000 0.027000 0.023000
0 0.098000 0.488000 0.029000 0.023000
0 0.764500 0.188000 0.023000 0.025000
0 0.316500 0.412500 0.017000 0.027000
0 0.314000 0.656000 0.025000 0.023000
0 0.606500 0.179000 0.020000 0.014000
0 0.439500 0.224000 0.011000 0.014000
0 0.319500 0.602500 0.016000 0.013000
0 0.393000 0.702000 0.017000 0.018000
0 0.531250 0.477500 0.023500 0.016000
0 0.791500 0.260000 0.017000 0.018000
0 0.453750 0.590500 0.020500 0.014000
0 0.444500 0.697000 0.017000 0.018000
0 0.419500 0.416500 0.012000 0.017000
0 0.541500 0.370500 0.014000 0.011000
0 0.537500 0.628000 0.021000 0.023000
0 0.560500 0.643500 0.011000 0.011000
0 0.749500 0.307000 0.022000 0.020000
0 0.293250 0.313500 0.026500 0.018000
0 0.374000 0.556500 0.024000 0.030000
0 0.444000 0.551000 0.016000 0.011000
0 0.519000 0.618500 0.014000 0.016000
0 0.258500 0.328500 0.023000 0.027000
0 0.889500 0.348000 0.022000 0.018000
0 0.562000 0.773000 0.024000 0.024000
0 0.616500 0.477000 0.019000 0.017000
0 0.146000 0.677500 0.018000 0.017000
0 0.500000 0.431000 0.023000 0.023000
0 0.435000 0.761500 0.026000 0.026000
0 0.158000 0.270000 0.019000 0.022000
0 0.380000 0.509000 0.012000 0.012000
0 0.377000 0.213000 0.013000 0.009000
0 0.522000 0.483250 0.018000 0.023500
0 0.519500 0.140000 0.028000 0.020000
0 0.482500 0.375000 0.024000 0.033000
0 0.598000 0.319000 0.015000 0.016000
0 0.539000 0.474000 0.023000 0.022000
0 0.118000 0.430000 0.019000 0.023000
0 0.811000 0.479500 0.013000 0.010000
0 0.473500 0.726000 0.015000 0.016000
0 0.498500 0.509500 0.029000 0.023000
0 0.204000 0.309000 0.026000 0.015000
0 0.555500 0.600500 0.011000 0.015000
0 0.457000 0.583000 0.016000 0.015000
0 0.250000 0.324000 0.020000 0.021000
0 0.260000 0.579500 0.016000 0.018000
0 0.641000 0.168500 0.029000 0.035000
0 0.561500 0.495500 0.014000 0.010000
0 0.727000 0.540000 0.022000 0.029000
0 0.322000 0.405500 0.020000 0.019000
0 0.502500 0.086500 0.020000 0.021000
0 0.274000 0.521500 0.009000 0.010000
0 0.373500 0.428000 0.010000 0.010000
0 0.501000 0.488000 0.025000 0.025000
0 0.400000 0.888500 0.027000 0.023000
0 0.572500 0.353500 0.015000 0.016000
0 0.460500 0.355500 0.014000 0.013000
0 0.254000 0.683000 0.019000 0.018000
0 0.312000 0.239000 0.018000 0.019000
0 0.343000 0.447500 0.012000 0.016000
0 0.298500 0.282000 0.027000 0.028000
0 0.462000 0.572000 0.028000 0.023000
0 0.140000 0.325000 0.027000 0.029000
0 0.891500 0.529500 0.017000 0.016000
0 0.277500 0.487500 0.022000 0.021000
0 0.297000 0.704000 0.009000 0.010000
0 0.605500 0.604500 0.015000 0.014000
0 0.485000 0.557500 0.021000 0.021000
0 0.112500 0.424000 0.021000 0.019000
0 0.452000 0.301500 0.011000 0.013000
0 0.474000 0.719000 0.021000 0.020000
0 0.578000 0.230000 0.019000 0.021000
0 0.371000 0.438500 0.017000 0.020000
0 0.532000 0.451000 0.025000 0.022000
0 0.502000 0.322500 0.015000 0.018000
0 0.810000 0.520000 0.017000 0.016000
0 0.722000 0.558500 0.017000 0.017000
0 0.488000 0.490500 0.018000 0.022000
0 0.607500 0.397500 0.026000 0.026000
0 0.305000 0.562500 0.019000 0.022000
0 0.567500 0.391000 0.022000 0.021000
0 0.615000 0.706500 0.019000 0.018000
0 0.429500 0.523500 0.023000 0.016000
0 0.720500 0.289000 0.018000 0.018000
0 0.477250 0.641000 0.029500 0.020000
0 0.456500 0.448000 0.028000 0.027000
0 0.502000 0.907500 0.021000 0.024000
0 0.306000 0.447500 0.018000 0.013000
0 0.471000 0.532500 0.029000 0.032000
0 0.461000 0.678000 0.024000 0.028000
0 0.434500 0.455000 0.016000 0.017000
0 0.395000 0.735500 0.021000 0.027000
0 0.881500 0.628000 0.018000 0.016000
0 0.422500 0.756000 0.020000 0.020000
0 0.427000 0.670000 0.014000 0.012000
0 0.666500 0.410500 0.013000 0.014000
0 0.480000 0.421000 0.016000 0.015000
0 0.587500 0.786000 0.024000 0.023000
0 0.547000 0.299500 0.015000 0.015000
0 0.117000 0.494000 0.012000 0.015000
0 0.333000 0.477000 0.029000 0.030000
0 0.368000 0.347000 0.017000 0.013000
0 0.464500 0.222500 0.020000 0.026000
0 0.440000 0.100000 0.032000 0.028000
0 0.428000 0.285500 0.019000 0.020000
0 0.663500 0.693500 0.022000 0.025000
0 0.694500 0.839000 0.021000 0.016000
0 0.245500 0.341000 0.023000 0.019000
0 0.472500 0.544000 0.023000 0.023000
0 0.603000 0.563000 0.030000 0.021000
0 0.447500 0.680500 0.016000 0.011000
0 0.485500 0.286000 0.022000 0.018000
0 0.662500 0.285500 0.020000 0.029000
0 0.584500 0.409500 0.013000 0.015000
0 0.558000 0.568000 0.025000 0.031000
0 0.521500 0.633000 0.019000 0.019000
0 0.403500 0.394500 0.011000 0.011000
0 0.628500 0.405000 0.027000 0.030000
0 0.725000 0.578000 0.015000 0.016000
0 0.629500 0.367000 0.011000 0.009000
0 0.597000 0.245000 0.015000 0.015000
0 0.481000 0.657500 0.024000 0.031000
0 0.326500 0.787500 0.019000 0.022000
0 0.527000 0.512000 0.018000 0.018000
0 0.484000 0.483500 0.029000 0.025000
0 0.382000 0.382500 0.015000 0.014000
0 0.290500 0.482500 0.016000 0.016000
0 0.787000 0.481000 0.013000 0.014000
0 0.616500 0.267000 0.021000 0.017000
0 0.338000 0.573500 0.015000 0.026000
0 0.854000 0.335000 0.028000 0.026000
0 0.601000 0.430000 0.020000 0.024000
0 0.478000 0.464500 0.016000 0.027000
0 0.508000 0.553500 0.016000 0.015000
0 0.788500 0.688500 0.019000 0.015000
0 0.494500 0.498000 0.021000 0.021000
0 0.356500 0.555500 0.023000 0.024000
0 0.618500 0.185500 0.012000 0.013000
0 0.372500 0.332000 0.026000 0.026000
0 0.825500 0.502000 0.026000 0.024000
0 0.459000 0.502500 0.018000 0.024000
0 0.462500 0.636000 0.021000 0.017000
0 0.560500 0.392000 0.023000 0.021000
0 0.460000 0.308500 0.016000 0.020000
0 0.590000 0.226500 0.018000 0.017000
0 0.345000 0.409500 0.025000 0.025000
0 0.442500 0.240500 0.013000 0.013000
0 0.377500 0.794000 0.022000 0.022000
0 0.272500 0.653500 0.024000 0.024000
0 0.597500 0.351000 0.020000 0.019000
0 0.354500 0.144500 0.024000 0.024000
0 0.425000 0.235500 0.019000 0.020000
0 0.695000 0.544000 0.014000 0.015000
0 0.426500 0.564500 0.023000 0.024000
0 0.380500 0.448500 0.021000 0.023000
0 0.135500 0.674000 0.025000 0.022000
0 0.578500 0.498000 0.016000 0.018000
0 0.465000 0.635000 0.024000 0.025000
0 0.266500 0.439000 0.025000 0.025000
0 0.578500 0.404000 0.025000 0.020000
0 0.510000 0.468500 0.018000 0.015000
0 0.208000 0.597500 0.017000 0.017000
0 0.673000 0.693500 0.013000 0.014000
0 0.414500 0.508500 0.019000 0.019000
0 0.460500 0.857000 0.012000 0.012000
0 0.734000 0.552500 0.035000 0.035000
0 0.497000 0.475500 0.015000 0.015000
0 0.402500 0.472000 0.016000 0.017000
0 0.455500 0.419500 0.020000 0.020000
0 0.617000 0.441000 0.008000 0.011000
0 0.522000 0.165500 0.027000 0.026000
0 0.718500 0.466000 0.024000 0.029000
0 0.569500 0.661500 0.017000 0.018000
0 0.620500 0.818000 0.012000 0.012000
0 0.207000 0.618000 0.027000 0.021000
0 0.603500 0.898500 0.024000 0.021000
0 0.514500 0.378500 0.027000 0.025000
0 0.595500 0.440500 0.028000 0.026000
0 0.464000 0.545500 0.017000 0.016000
0 0.351000 0.374000 0.012000 0.009000
0 0.396000 0.363000 0.016000 0.017000
0 0.539000 0.469000 0.022000 0.019000
0 0.520500 0.396000 0.021000 0.020000
0 0.506500 0.499500 0.025000 0.025000
0 0.580500 0.376000 0.017000 0.017000
0 0.669000 0.445000 0.013000 0.014000
0 0.774500 0.613000 0.019000 0.016000
0 0.853500 0.532000 0.016000 0.014000
0 0.593500 0.369000 0.012000 0.017000
0 0.676000 0.537000 0.015000 0.011000
0 0.461000 0.523500 0.028000 0.028000
0 0.734000 0.799000 0.017000 0.017000
0 0.349000 0.298500 0.016000 0.011000
0 0.318500 0.527500 0.019000 0.013000
0 0.288500 0.180500 0.020000 0.018000
0 0.095500 0.472000 0.025000 0.029000
0 0.623500 0.428500 0.025000 0.031000
0 0.691500 0.508500 0.018000 0.021000
0 0.216500 0.767000 0.017000 0.019000
0 0.515000 0.515500 0.022000 0.021000
0 0.609500 0.331500 0.009000 0.010000
0 0.570500 0.691500 0.016000 0.017000
0 0.607000 0.557000 0.018000 0.017000
0 0.508000 0.487000 0.011000 0.010000
0 0.449000 0.630500 0.023000 0.027000
0 0.438250 0.690500 0.029500 0.020000
0 0.257000 0.693000 0.015000 0.012000
0 0.386000 0.199500 0.018000 0.021000
0 0.491500 0.401000 0.015000 0.014000
0 0.514500 0.471500 0.019000 0.014000
0 0.714000 0.492500 0.011000 0.016000
0 0.285000 0.409500 0.016000 0.020000
0 0.851500 0.321000 0.017000 0.016000
0 0.457500 0.084500 0.012000 0.014000
0 0.223500 0.425000 0.016000 0.018000
0 0.272000 0.663000 0.016000 0.029000
0 0.316500 0.626000 0.012000 0.011000
0 0.674500 0.329000 0.028000 0.018000
0 0.438500 0.353000 0.024000 0.022000
0 0.324500 0.238000 0.020000 0.017000
0 0.519500 0.463500 0.019000 0.023000
0 0.277000 0.333000 0.025000 0.034000
0 0.484500 0.323000 0.033000 0.023000
0 0.687500 0.676500 0.025000 0.024000
0 0.868000 0.453000 0.020000 0.015000
0 0.774000 0.582500 0.017000 0.019000
0 0.631000 0.863500 0.021000 0.026000
0 0.326500 0.442000 0.024000 0.018000
0 0.717000 0.647500 0.015000 0.015000
0 0.553500 0.333500 0.024000 0.024000
0 0.790500 0.675000 0.021000 0.026000
0 0.464000 0.327500 0.017000 0.016000
0 0.500500 0.498500 0.016000 0.020000
0 0.502000 0.419000 0.016000 0.016000
0 0.560000 0.519500 0.024000 0.024000
0 0.688500 0.833000 0.020000 0.020000
0 0.611000 0.734500 0.034000 0.031000
0 0.604000 0.686000 0.016000 0.015000
0 0.348000 0.764000 0.012000 0.013000
0 0.141500 0.656000 0.024000 0.023000
0 0.432500 0.570500 0.020000 0.026000
0 0.204000 0.690000 0.019000 0.025000
0 0.458500 0.455000 0.026000 0.023000
0 0.353000 0.830000 0.014000 0.013000
0 0.530000 0.410500 0.022000 0.025000
0 0.517000 0.440000 0.017000 0.020000
0 0.648500 0.768000 0.012000 0.015000
0 0.494500 0.310000 0.027000 0.029000
0 0.404500 0.171000 0.028000 0.030000
0 0.498500 0.643000 0.018000 0.023000
0 0.594000 0.388000 0.017000 0.019000
0 0.423500 0.167500 0.016000 0.017000
0 0.207000 0.417000 0.018000 0.017000
0 0.254000 0.705500 0.016000 0.016000
0 0.260500 0.569500 0.021000 0.027000
0 0.493000 0.882000 0.015000 0.010000
0 0.801000 0.772000 0.017000 0.017000
0 0.548500 0.483000 0.011000 0.012000
0 0.666000 0.265500 0.016000 0.018000
0 0.516500 0.497500 0.012000 0.012000
0 0.376500 0.642000 0.020000 0.014000
0 0.476500 0.399000 0.018000 0.020000
0 0.316500 0.474000 0.014000 0.012000
0 0.454000 0.605500 0.017000 0.025000
0 0.527500 0.628000 0.013000 0.019000
0 0.786000 0.384500 0.020000 0.021000
0 0.556500 0.371500 0.015000 0.022000
0 0.418000 0.488000 0.028000 0.023000
0 0.683500 0.232000 0.010000 0.012000
0 0.571000 0.644000 0.013000 0.010000
0 0.358000 0.452500 0.020000 0.015000
0 0.559000 0.871500 0.016000 0.011000
0 0.687500 0.307500 0.018000 0.017000
0 0.742500 0.532500 0.019000 0.016000
0 0.490000 0.637000 0.017000 0.017000
0 0.491500 0.457000 0.027000 0.026000
0 0.415000 0.853500 0.014000 0.014000
0 0.723500 0.493500 0.024000 0.031000
0 0.468000 0.460500 0.025000 0.026000
0 0.267500 0.426500 0.012000 0.013000
0 0.479000 0.740000 0.013000 0.011000
0 0.397500 0.514500 0.011000 0.015000
0 0.181500 0.311500 0.024000 0.025000
0 0.518500 0.506500 0.022000 0.016000
0 0.135500 0.586000 0.013000 0.019000
0 0.707000 0.689000 0.026000 0.032000
0 0.457500 0.564500 0.033000 0.034000
0 0.207500 0.477500 0.020000 0.017000
0 0.545000 0.493000 0.016000 0.016000
0 0.274500 0.575000 0.015000 0.012000
0 0.423500 0.588500 0.016000 0.011000
0 0.505000 0.308750 0.009000 0.011500
0 0.614500 0.402000 0.019000 0.019000
0 0.131500 0.635000 0.015000 0.017000
0 0.414000 0.611500 0.016000 0.017000
0 0.484500 0.168000 0.021000 0.028000
0 0.476000 0.519000 0.023000 0.022000
0 0.863000 0.556000 0.023000 0.022000
0 0.422500 0.355000 0.014000 0.018000
0 0.602000 0.372000 0.015000 0.020000
0 0.471500 0.508500 0.020000 0.020000
0 0.761500 0.229000 0.012000 0.013000
0 0.614500 0.506500 0.016000 0.020000
0 0.485000 0.514000 0.010000 0.015000
0 0.480000 0.598000 0.025000 0.034000
0 0.297000 0.556000 0.016000 0.014000
0 0.410000 0.723000 0.017000 0.017000
0 0.412500 0.247500 0.015000 0.018000
0 0.518000 0.365000 0.024000 0.029000
0 0.636500 0.422500 0.023000 0.027000
0 0.336000 0.513000 0.020000 0.020000
0 0.640500 0.813000 0.027000 0.018000
0 0.538500 0.514500 0.014000 0.016000
0 0.351000 0.171500 0.025000 0.026000
0 0.477500 0.210000 0.022000 0.020000
0 0.382000 0.632500 0.021000 0.022000
0 0.163000 0.477500 0.016000 0.010000
0 0.379500 0.771000 0.025000 0.028000
0 0.369500 0.646500 0.014000 0.014000
0 0.470500 0.616000 0.015000 0.022000
0 0.490500 0.563500 0.013000 0.012000
0 0.557000 0.896000 0.024000 0.024000
0 0.354000 0.210000 0.016000 0.015000
0 0.128000 0.457500 0.024000 0.023000
0 0.554000 0.492000 0.014000 0.013000
0 0.668000 0.520000 0.023000 0.024000
0 0.679000 0.567500 0.028000 0.028000
0 0.838000 0.702000 0.030000 0.022000
0 0.521000 0.530500 0.024000 0.023000
0 0.374500 0.616000 0.009000 0.013000
0 0.735500 0.761500 0.018000 0.019000
0 0.592500 0.323500 0.022000 0.022000
0 0.591000 0.541500 0.022000 0.020000
0 0.742000 0.558500 0.031000 0.031000
0 0.358500 0.584000 0.014000 0.015000
0 0.370500 0.545500 0.031000 0.031000
0 0.265000 0.364500 0.020000 0.019000
0 0.432500 0.771000 0.018000 0.018000
0 0.187000 0.291500 0.028000 0.017000
0 0.773500 0.527500 0.026000 0.030000
0 0.405500 0.308000 0.019000 0.019000
0 0.581500 0.428500 0.013000 0.013000
0 0.233000 0.511500 0.034000 0.027000
0 0.645500 0.221500 0.011000 0.010000
0 0.517000 0.433000 0.029000 0.028000
0 0.370000 0.754500 0.019000 0.018000
0 0.206000 0.523000 0.010000 0.011000
0 0.504500 0.444500 0.017000 0.018000
0 0.643000 0.682500 0.024000 0.022000
0 0.439500 0.859000 0.026000 0.030000
0 0.509000 0.669500 0.019000 0.021000
0 0.243000 0.754500 0.009000 0.013000
0 0.648500 0.680000 0.024000 0.025000
0 0.568500 0.439000 0.011000 0.018000
0 0.404000 0.403000 0.016000 0.012000
0 0.596000 0.790500 0.019000 0.014000
0 0.530000 0.468000 0.020000 0.019000
0 0.284000 0.654500 0.016000 0.017000
0 0.584000 0.487000 0.032000 0.032000
0 0.283500 0.632500 0.027000 0.027000
0 0.304500 0.428500 0.016000 0.018000
0 0.771000 0.378500 0.013000 0.009000
0 0.149500 0.622500 0.028000 0.029000
0 0.367000 0.602000 0.016000 0.014000
0 0.586500 0.503000 0.017000 0.018000
0 0.458500 0.374000 0.030000 0.032000
0 0.588250 0.456500 0.026500 0.019000
0 0.897500 0.515500 0.012000 0.010000
0 0.396000 0.810000 0.026000 0.020000
0 0.845000 0.547000 0.013000 0.013000
0 0.774000 0.759000 0.012000 0.013000
0 0.512000 0.498500 0.026000 0.029000
0 0.513500 0.481000 0.016000 0.014000
0 0.371500 0.856000 0.024000 0.024000
0 0.403500 0.541500 0.016000 0.014000
0 0.299500 0.547500 0.032000 0.030000
0 0.214750 0.707000 0.014500 0.012000
0 0.383000 0.801500 0.030000 0.034000
0 0.638500 0.367000 0.027000 0.026000
0 0.308750 0.165000 0.011500 0.010000
0 0.816000 0.668500 0.026000 0.029000
0 0.378000 0.475500 0.022000 0.023000
0 0.427000 0.443500 0.026000 0.029000
0 0.714000 0.376000 0.011000 0.015000
0 0.697000 0.316500 0.021000 0.020000
0 0.388500 0.364000 0.017000 0.019000
0 0.622000 0.271000 0.020000 0.017000
0 0.338000 0.591000 0.030000 0.031000
0 0.265500 0.265000 0.020000 0.022000
0 0.162500 0.334500 0.008000 0.011000
0 0.825000 0.562500 0.019000 0.024000
0 0.793000 0.344000 0.029000 0.027000
0 0.590000 0.768000 0.028000 0.031000
0 0.229500 0.262000 0.021000 0.031000
0 0.589500 0.310000 0.011000 0.010000
0 0.627500 0.219500 0.029000 0.030000
0 0.637000 0.541500 0.024000 0.022000
0 0.300250 0.227000 0.017500 0.012000
0 0.678500 0.397000 0.032000 0.029000
0 0.646500 0.716000 0.013000 0.011000
0 0.799500 0.240500 0.012000 0.010000
0 0.479500 0.638000 0.011000 0.011000
0 0.492500 0.428000 0.018000 0.017000
0 0.360000 0.490500 0.012000 0.015000
0 0.669500 0.325500 0.025000 0.026000