0 0.316500 0.557000 0.020000 0.020000
0 0.617000 0.455500 0.013000 0.010000
0 0.562500 0.152000 0.014000 0.015000
0 0.489500 0.666000 0.031000 0.017000
0 0.614500 0.350000 0.015000 0.011000
0 0.404000 0.341500 0.014000 0.015000
0 0.601500 0.656000 0.010000 0.011000
0 0.474000 0.488500 0.019000 0.020000
0 0.541500 0.600500 0.028000 0.027000
0 0.554500 0.485500 0.014000 0.010000
0 0.325000 0.609500 0.020000 0.018000
0 0.537500 0.493000 0.014000 0.011000
0 0.717500 0.448000 0.016000 0.016000
0 0.141500 0.453000 0.010000 0.011000
0 0.505500 0.488500 0.024000 0.031000
0 0.618500 0.538000 0.015000 0.015000
0 0.455500 0.415000 0.021000 0.022000
0 0.430000 0.263500 0.015000 0.014000
0 0.812500 0.757500 0.023000 0.032000
0 0.729500 0.513500 0.018000 0.019000
0 0.542500 0.565500 0.024000 0.017000
0 0.790500 0.277000 0.030000 0.019000
0 0.286000 0.657500 0.016000 0.016000
0 0.441000 0.492500 0.013000 0.012000
0 0.258500 0.211500 0.023000 0.019000
0 0.432000 0.381750 0.019000 0.020500
0 0.520000 0.571000 0.023000 0.022000
0 0.713500 0.684500 0.016000 0.012000
0 0.356000 0.494500 0.014000 0.014000
0 0.652500 0.342000 0.013000 0.014000
0 0.461000 0.423000 0.021000 0.017000
0 0.480000 0.447500 0.022000 0.021000
0 0.243000 0.327000 0.013000 0.013000
0 0.803000 0.566500 0.022000 0.028000
0 0.597500 0.334000 0.020000 0.026000
0 0.517000 0.498500 0.029000 0.024000
0 0.584500 0.298000 0.014000 0.015000
0 0.478500 0.437000 0.023000 0.018000
0 0.530000 0.484000 0.018000 0.018000
0 0.730500 0.418000 0.022000 0.026000
0 0.366000 0.259000 0.018000 0.017000
0 0.479500 0.576000 0.022000 0.022000
0 0.614500 0.485500 0.016000 0.015000
0 0.449000 0.310500 0.018000 0.026000
0 0.494500 0.439500 0.026000 0.025000
0 0.452500 0.440500 0.016000 0.015000
0 0.519000 0.612000 0.025000 0.025000
0 0.149500 0.417500 0.015000 0.018000
0 0.648000 0.880500 0.015000 0.015000
0 0.783500 0.554500 0.017000 0.015000
0 0.333500 0.399500 0.020000 0.019000
0 0.867500 0.601000 0.011000 0.013000
0 0.520500 0.269000 0.012000 0.014000
0 0.518500 0.120500 0.014000 0.013000
0 0.534500 0.746500 0.020000 0.020000
0 0.500000 0.412000 0.020000 0.014000
0 0.695500 0.340500 0.013000 0.013000
0 0.480500 0.685000 0.024000 0.026000
0 0.732500 0.551000 0.033000 0.034000
0 0.561500 0.826500 0.019000 0.028000
0 0.603500 0.792000 0.030000 0.025000
0 0.371500 0.619500 0.010000 0.010000
0 0.434500 0.362000 0.011000 0.010000
0 0.549500 0.557000 0.020000 0.026000
0 0.532500 0.351500 0.015000 0.019000
0 0.239500 0.753000 0.018000 0.021000
0 0.498500 0.497000 0.030000 0.027000
0 0.400500 0.196000 0.015000 0.015000
0 0.617500 0.620000 0.021000 0.020000
0 0.806500 0.629500 0.018000 0.018000
0 0.505500 0.520500 0.014000 0.010000
0 0.378000 0.703000 0.015000 0.021000
0 0.351500 0.622000 0.021000 0.025000
0 0.474500 0.539500 0.021000 0.020000
0 0.596500 0.718500 0.026000 0.028000
0 0.316500 0.693250 0.012000 0.014500
0 0.676500 0.160000 0.011000 0.014000
0 0.341500 0.622000 0.012000 0.009000
0 0.367000 0.508000 0.013000 0.012000
0 0.449000 0.568500 0.014000 0.014000
0 0.806500 0.615750 0.016000 0.023500
0 0.642500 0.527500 0.013000 0.014000
0 0.400500 0.179000 0.018000 0.017000
0 0.481500 0.198500 0.017000 0.016000
0 0.440500 0.347000 0.029000 0.025000
0 0.600500 0.679500 0.022000 0.020000
0 0.265000 0.507500 0.012000 0.011000
0 0.520000 0.441750 0.012000 0.017500
0 0.828500 0.499000 0.016000 0.020000
0 0.328500 0.687000 0.023000 0.017000
0 0.499000 0.423000 0.016000 0.015000
0 0.487500 0.496500 0.011000 0.013000
0 0.397500 0.244000 0.022000 0.021000
0 0.511500 0.404000 0.020000 0.020000
0 0.252500 0.527000 0.023000 0.024000
0 0.537000 0.242000 0.020000 0.020000
0 0.486000 0.502000 0.019000 0.021000
0 0.104500 0.534000 0.013000 0.013000
0 0.442500 0.634500 0.019000 0.019000
0 0.150500 0.476500 0.022000 0.022000
0 0.494500 0.480500 0.021000 0.018000
0 0.472500 0.683500 0.019000 0.014000
0 0.500500 0.885500 0.019000 0.028000
0 0.436000 0.572500 0.024000 0.023000
0 0.309500 0.450000 0.021000 0.024000
0 0.902000 0.428000 0.015000 0.015000
0 0.128500 0.684500 0.014000 0.013000
0 0.097500 0.393500 0.024000 0.021000
0 0.625500 0.554500 0.022000 0.021000
0 0.378000 0.465000 0.011000 0.013000
0 0.393500 0.483500 0.030000 0.029000
0 0.509500 0.386500 0.022000 0.023000
0 0.356000 0.409000 0.025000 0.026000
0 0.639000 0.258000 0.027000 0.027000
0 0.540000 0.458750 0.021000 0.023500
0 0.527000 0.544500 0.012000 0.011000
0 0.670500 0.433000 0.030000 0.028000
0 0.480500 0.517500 0.020000 0.021000
0 0.522000 0.897500 0.012000 0.011000
0 0.659000 0.568500 0.019000 0.013000
0 0.654500 0.633000 0.022000 0.017000
0 0.195000 0.686000 0.021000 0.012000
0 0.610500 0.645500 0.028000 0.020000
0 0.712500 0.206000 0.021000 0.020000
0 0.618500 0.206000 0.016000 0.016000
0 0.244000 0.542500 0.028000 0.024000
0 0.180000 0.674500 0.024000 0.021000
0 0.512500 0.683500 0.012000 0.010000
0 0.394000 0.434000 0.012000 0.012000
0 0.645250 0.780000 0.023500 0.018000
0 0.175500 0.408500 0.009000 0.011000
0 0.809000 0.694000 0.024000 0.020000
0 0.407000 0.354500 0.010000 0.014000
0 0.568000 0.802000 0.013000 0.017000
0 0.613000 0.409500 0.028000 0.032000
0 0.535500 0.514000 0.020000 0.021000
0 0.621500 0.583500 0.026000 0.027000
0 0.493000 0.529000 0.015000 0.013000
0 0.576500 0.540000 0.018000 0.014000
0 0.597500 0.347000 0.028000 0.024000
0 0.711000 0.635000 0.022000 0.024000
0 0.604750 0.602250 0.021500 0.020500
0 0.523000 0.578500 0.025000 0.024000
0 0.321000 0.612000 0.017000 0.015000
0 0.459500 0.502500 0.019000 0.028000
0 0.350750 0.687500 0.026500 0.018000
0 0.424500 0.542500 0.019000 0.023000
0 0.533000 0.535500 0.024000 0.030000
0 0.767000 0.182500 0.031000 0.028000
0 0.320500 0.241500 0.026000 0.032000
0 0.735500 0.686000 0.018000 0.021000
0 0.703500 0.138000 0.022000 0.019000
0 0.594500 0.782500 0.010000 0.010000
0 0.508000 0.536500 0.018000 0.015000
0 0.288000 0.213500 0.025000 0.025000
0 0.439000 0.466500 0.014000 0.014000
0 0.496000 0.504500 0.011000 0.014000
0 0.260500 0.685500 0.020000 0.019000
0 0.272500 0.517500 0.031000 0.031000
0 0.128500 0.662500 0.022000 0.018000
0 0.864000 0.703500 0.026000 0.020000
0 0.439000 0.550000 0.019000 0.021000
0 0.488000 0.417000 0.017000 0.015000
0 0.750000 0.385500 0.020000 0.021000
0 0.600000 0.429000 0.024000 0.025000
0 0.364500 0.107000 0.020000 0.016000
0 0.157500 0.472500 0.022000 0.022000
0 0.279500 0.453500 0.020000 0.018000
0 0.606000 0.317500 0.027000 0.017000
0 0.430000 0.616500 0.019000 0.015000
0 0.214000 0.311500 0.022000 0.022000
0 0.768000 0.345500 0.025000 0.022000
0 0.207000 0.711000 0.027000 0.024000
0 0.473500 0.565500 0.019000 0.017000
0 0.758500 0.279000 0.012000 0.012000
0 0.461250 0.770500 0.011500 0.010000
0 0.805500 0.352500 0.026000 0.023000
0 0.547500 0.565000 0.027000 0.026000
0 0.685000 0.541000 0.021000 0.020000
0 0.559500 0.471000 0.014000 0.014000
0 0.470000 0.149000 0.017000 0.015000
0 0.654500 0.121500 0.012000 0.012000
0 0.642500 0.365500 0.012000 0.014000
0 0.511000 0.571500 0.015000 0.021000
0 0.523000 0.228500 0.020000 0.026000
0 0.306500 0.651500 0.029000 0.022000
0 0.566000 0.206000 0.012000 0.013000
0 0.418500 0.878500 0.017000 0.019000
0 0.659000 0.350500 0.021000 0.026000
0 0.550500 0.419000 0.021000 0.016000
0 0.493500 0.539000 0.028000 0.023000
0 0.471000 0.509500 0.018000 0.024000
0 0.590500 0.510000 0.018000 0.025000
0 0.312000 0.759000 0.027000 0.029000
0 0.468500 0.439000 0.025000 0.027000
0 0.252000 0.596000 0.018000 0.018000
0 0.639500 0.457500 0.019000 0.018000
0 0.635000 0.427500 0.029000 0.029000
0 0.700000 0.529000 0.015000 0.013000
0 0.615000 0.302000 0.011000 0.012000
0 0.889000 0.440000 0.018000 0.022000
0 0.476500 0.303000 0.023000 0.025000
0 0.890500 0.568000 0.020000 0.028000
0 0.464000 0.540500 0.020000 0.020000
0 0.589750 0.693000 0.023500 0.018000
0 0.492500 0.589500 0.023000 0.022000
0 0.505000 0.618500 0.027000 0.029000
0 0.423000 0.560000 0.018000 0.020000
0 0.479500 0.148500 0.017000 0.018000
0 0.251000 0.461500 0.016000 0.016000
0 0.424000 0.349250 0.011000 0.014500
0 0.533500 0.474000 0.015000 0.017000
0 0.478000 0.463000 0.020000 0.019000
0 0.508000 0.496500 0.015000 0.021000
0 0.446500 0.587500 0.018000 0.021000
0 0.253500 0.430000 0.019000 0.019000
0 0.543500 0.400000 0.015000 0.015000
0 0.752000 0.502000 0.028000 0.028000
0 0.882000 0.634500 0.023000 0.021000
0 0.769500 0.491500 0.018000 0.019000
0 0.201500 0.428500 0.017000 0.018000
0 0.405000 0.316500 0.013000 0.012000
0 0.366000 0.309500 0.019000 0.020000
0 0.217500 0.690000 0.016000 0.015000
0 0.547000 0.504500 0.012000 0.011000
0 0.900000 0.377500 0.025000 0.019000
0 0.559000 0.585000 0.019000 0.022000
0 0.905000 0.558000 0.023000 0.018000
0 0.445000 0.551500 0.023000 0.019000
0 0.541000 0.551500 0.020000 0.017000
0 0.406000 0.454500 0.030000 0.018000
0 0.558000 0.704000 0.017000 0.023000
0 0.762750 0.674500 0.017500 0.012000
0 0.620500 0.515000 0.016000 0.013000
0 0.443500 0.896500 0.014000 0.009000
0 0.631000 0.353000 0.021000 0.021000
0 0.307000 0.482000 0.014000 0.013000
0 0.522500 0.183500 0.023000 0.024000
0 0.497000 0.205000 0.011000 0.015000
0 0.450500 0.422500 0.015000 0.015000
0 0.541500 0.711500 0.011000 0.016000
0 0.491000 0.580500 0.016000 0.015000
0 0.443000 0.597500 0.010000 0.012000
0 0.442000 0.872500 0.026000 0.022000
0 0.491000 0.556000 0.034000 0.031000
0 0.582000 0.193000 0.016000 0.015000
0 0.383000 0.482500 0.011000 0.010000
0 0.888000 0.407000 0.025000 0.024000
0 0.427000 0.408000 0.016000 0.015000
0 0.505500 0.504500 0.016000 0.019000
0 0.340000 0.764000 0.018000 0.016000
0 0.530750 0.500500 0.023500 0.016000
0 0.580000 0.682500 0.012000 0.012000
0 0.261500 0.401000 0.016000 0.015000
0 0.412000 0.678500 0.018000 0.019000
0 0.314500 0.156000 0.029000 0.027000
0 0.338000 0.535000 0.023000 0.021000
0 0.692500 0.162500 0.023000 0.022000
0 0.688250 0.590500 0.014500 0.010000
0 0.515500 0.334500 0.023000 0.022000
0 0.644000 0.864000 0.011000 0.010000
0 0.288500 0.738000 0.015000 0.020000
0 0.226000 0.535500 0.018000 0.021000
0 0.541000 0.332000 0.021000 0.026000
0 0.480500 0.478500 0.027000 0.025000
0 0.322500 0.281500 0.022000 0.018000
0 0.513500 0.443500 0.012000 0.013000
0 0.538500 0.668000 0.015000 0.016000
0 0.427000 0.475500 0.013000 0.013000
0 0.497000 0.686000 0.026000 0.029000
0 0.455500 0.547500 0.014000 0.016000
0 0.415000 0.519000 0.033000 0.021000
0 0.568500 0.586500 0.027000 0.025000
0 0.465000 0.686500 0.025000 0.026000
0 0.493000 0.334500 0.016000 0.015000
0 0.306000 0.667000 0.025000 0.023000
0 0.643000 0.642000 0.020000 0.022000
0 0.269500 0.571000 0.023000 0.027000
0 0.482500 0.490000 0.025000 0.027000
0 0.409000 0.179000 0.026000 0.023000
0 0.561500 0.580000 0.015000 0.017000
0 0.708250 0.850000 0.017500 0.012000
0 0.507000 0.510500 0.024000 0.020000
0 0.157000 0.429500 0.017000 0.017000
0 0.467000 0.657000 0.013000 0.014000
0 0.400000 0.218500 0.014000 0.017000
0 0.339500 0.562000 0.030000 0.026000
0 0.493000 0.513000 0.016000 0.019000
0 0.237000 0.784000 0.014000 0.019000
0 0.304000 0.403500 0.013000 0.012000
0 0.798000 0.204500 0.015000 0.015000
0 0.741500 0.617000 0.012000 0.015000
0 0.622500 0.347500 0.011000 0.014000
0 0.564500 0.633000 0.011000 0.015000
0 0.608500 0.402500 0.010000 0.016000
0 0.099000 0.425000 0.023000 0.018000
0 0.197000 0.708500 0.011000 0.011000
0 0.886500 0.487500 0.014000 0.018000
0 0.243500 0.804000 0.023000 0.030000
0 0.532000 0.662000 0.018000 0.014000
0 0.752000 0.334000 0.011000 0.012000
0 0.488500 0.296500 0.016000 0.017000
0 0.547500 0.344000 0.015000 0.022000
0 0.272000 0.432000 0.020000 0.022000
0 0.561000 0.673000 0.028000 0.022000
0 0.271250 0.385000 0.023500 0.016000
0 0.744500 0.556500 0.018000 0.025000
0 0.369250 0.650500 0.023500 0.017000
0 0.117000 0.570000 0.022000 0.021000
0 0.482500 0.208000 0.018000 0.018000
0 0.386500 0.490000 0.023000 0.031000
0 0.856000 0.718500 0.028000 0.025000
0 0.750000 0.346500 0.014000 0.014000
0 0.379500 0.626500 0.023000 0.029000
0 0.633000 0.514500 0.018000 0.016000
0 0.391500 0.657000 0.021000 0.020000
0 0.486000 0.466000 0.020000 0.019000
0 0.156500 0.609000 0.022000 0.030000
0 0.613000 0.710000 0.022000 0.022000
0 0.418000 0.162000 0.017000 0.017000
0 0.219500 0.394000 0.019000 0.021000
0 0.534500 0.446000 0.035000 0.036000
0 0.470000 0.469500 0.017000 0.019000
0 0.341000 0.280000 0.013000 0.009000
0 0.450000 0.502000 0.023000 0.026000
0 0.148500 0.466500 0.011000 0.013000
0 0.583000 0.565500 0.012000 0.012000
0 0.473000 0.620000 0.013000 0.009000
0 0.388500 0.586000 0.030000 0.030000
0 0.619500 0.666000 0.015000 0.015000
0 0.467500 0.204000 0.027000 0.028000
0 0.842500 0.684000 0.014000 0.018000
0 0.598500 0.450500 0.012000 0.013000
0 0.368500 0.870500 0.016000 0.016000
0 0.458000 0.524500 0.021000 0.017000
0 0.336500 0.489500 0.018000 0.023000
0 0.831000 0.690500 0.022000 0.017000
0 0.633500 0.486750 0.017000 0.020500
0 0.477500 0.504500 0.018000 0.019000
0 0.206000 0.720500 0.014000 0.020000
0 0.613500 0.799500 0.016000 0.016000
0 0.213500 0.251500 0.020000 0.021000
0 0.277000 0.476500 0.010000 0.012000
0 0.499000 0.846000 0.020000 0.018000
0 0.468000 0.870500 0.016000 0.017000
0 0.290500 0.304500 0.030000 0.025000
0 0.546500 0.198000 0.015000 0.017000
0 0.318500 0.137500 0.015000 0.015000
0 0.369000 0.532500 0.029000 0.032000
0 0.748500 0.802000 0.031000 0.029000
0 0.321000 0.171000 0.026000 0.025000
0 0.461500 0.599000 0.016000 0.015000
0 0.396000 0.382500 0.020000 0.021000
0 0.754500 0.257500 0.022000 0.024000
0 0.487500 0.427500 0.018000 0.017000
0 0.241500 0.439000 0.026000 0.017000
0 0.495500 0.490000 0.016000 0.015000
0 0.301500 0.455500 0.017000 0.018000
0 0.874000 0.678750 0.021000 0.026500
0 0.095500 0.500000 0.010000 0.010000
0 0.303500 0.243500 0.022000 0.022000
0 0.493000 0.604500 0.011000 0.011000
0 0.441500 0.533750 0.008000 0.011500
0 0.352000 0.400000 0.014000 0.015000
0 0.683000 0.764000 0.016000 0.015000
0 0.832500 0.539250 0.008000 0.011500
0 0.355500 0.165500 0.012000 0.008000
0 0.288500 0.730000 0.021000 0.021000
0 0.551000 0.787000 0.030000 0.032000
0 0.799500 0.654000 0.018000 0.025000
0 0.631000 0.379500 0.012000 0.018000
0 0.316250 0.805250 0.025500 0.024500
0 0.566000 0.400000 0.015000 0.016000
0 0.622000 0.573500 0.017000 0.022000
0 0.263000 0.494500 0.021000 0.024000
0 0.288000 0.379500 0.031000 0.026000
0 0.699500 0.804000 0.018000 0.019000
0 0.678000 0.531000 0.027000 0.026000
0 0.510000 0.804500 0.030000 0.028000
0 0.791000 0.533500 0.020000 0.022000
0 0.523500 0.379000 0.023000 0.024000
0 0.601500 0.756000 0.011000 0.011000
0 0.511500 0.554500 0.019000 0.018000
0 0.728000 0.682000 0.015000 0.011000
0 0.215500 0.214000 0.009000 0.008000
0 0.813500 0.552500 0.025000 0.028000
0 0.567000 0.334000 0.014000 0.017000
0 0.916000 0.484500 0.025000 0.025000
0 0.166500 0.733500 0.025000 0.019000
0 0.401500 0.841000 0.014000 0.011000
0 0.629500 0.186500 0.029000 0.028000
0 0.382500 0.395500 0.023000 0.028000
0 0.365500 0.152000 0.023000 0.023000
0 0.642500 0.278000 0.022000 0.021000
0 0.324000 0.180000 0.026000 0.025000
0 0.282000 0.389000 0.011000 0.010000
0 0.676500 0.541500 0.019000 0.025000
0 0.569000 0.440500 0.028000 0.023000
0 0.731000 0.407000 0.019000 0.019000
0 0.319500 0.291000 0.014000 0.011000
0 0.666500 0.310500 0.019000 0.028000
0 0.714000 0.723000 0.026000 0.021000
0 0.234500 0.253000 0.028000 0.028000
0 0.675000 0.406500 0.030000 0.032000
0 0.249000 0.695500 0.028000 0.024000
0 0.772500 0.775000 0.011000 0.010000
0 0.669000 0.459500 0.014000 0.020000
0 0.456500 0.792500 0.018000 0.018000
0 0.640500 0.740000 0.021000 0.019000
0 0.466000 0.497500 0.018000 0.020000
0 0.362500 0.847500 0.030000 0.023000
0 0.416500 0.742500 0.023000 0.020000
0 0.228500 0.272000 0.020000 0.020000
0 0.684000 0.506500 0.018000 0.015000
0 0.622500 0.766500 0.024000 0.018000
0 0.625500 0.838500 0.015000 0.012000
0 0.496500 0.719000 0.021000 0.027000
0 0.410500 0.307500 0.015000 0.011000
0 0.580500 0.622500 0.024000 0.024000
0 0.472500 0.497500 0.022000 0.018000
0 0.704000 0.150500 0.023000 0.023000
0 0.447500 0.707500 0.027000 0.018000
0 0.665500 0.790500 0.024000 0.021000
0 0.553500 0.532500 0.013000 0.009000
0 0.636000 0.873500 0.026000 0.019000
0 0.293500 0.599000 0.014000 0.012000
0 0.494000 0.547000 0.020000 0.020000
0 0.277500 0.751500 0.018000 0.025000
0 0.544000 0.411000 0.029000 0.030000
0 0.251000 0.340000 0.013000 0.012000
0 0.495000 0.571000 0.015000 0.013000
0 0.290000 0.464000 0.017000 0.015000
0 0.438000 0.282500 0.020000 0.028000
0 0.471000 0.423000 0.023000 0.023000
0 0.673000 0.697000 0.023000 0.023000
0 0.798500 0.742500 0.012000 0.012000
0 0.535000 0.588000 0.011000 0.015000
0 0.293500 0.367500 0.013000 0.013000
0 0.165000 0.420000 0.031000 0.026000
0 0.763000 0.652000 0.018000 0.018000
0 0.384500 0.493000 0.018000 0.018000
0 0.527000 0.646500 0.027000 0.019000
0 0.423500 0.454500 0.025000 0.029000
0 0.698000 0.470000 0.022000 0.015000
0 0.272500 0.828500 0.023000 0.021000
0 0.550000 0.205000 0.019000 0.019000
0 0.589000 0.774000 0.016000 0.014000
0 0.381500 0.816000 0.026000 0.023000
0 0.646000 0.656500 0.024000 0.021000
0 0.591500 0.472000 0.030000 0.032000
0 0.625500 0.565500 0.021000 0.020000
0 0.114500 0.655000 0.013000 0.014000
0 0.521000 0.419000 0.018000 0.017000
0 0.414000 0.667000 0.025000 0.026000
0 0.175500 0.715250 0.018000 0.023500
0 0.863500 0.461000 0.018000 0.021000
0 0.777500 0.385000 0.027000 0.023000
0 0.719500 0.633000 0.017000 0.012000
0 0.602500 0.148000 0.030000 0.022000
0 0.471500 0.651000 0.026000 0.025000
0 0.846500 0.625000 0.010000 0.009000
0 0.523500 0.654000 0.017000 0.016000
0 0.894000 0.503000 0.013000 0.015000
0 0.556000 0.639000 0.025000 0.028000
0 0.563000 0.500000 0.026000 0.026000
0 0.223500 0.363500 0.026000 0.019000
0 0.635500 0.790000 0.026000 0.027000
0 0.596500 0.385000 0.022000 0.022000
0 0.312000 0.133000 0.018000 0.019000
0 0.430000 0.498000 0.028000 0.021000
0 0.366500 0.643500 0.018000 0.018000
0 0.126000 0.322000 0.025000 0.020000
0 0.785500 0.233000 0.022000 0.015000
0 0.604500 0.511500 0.017000 0.015000
0 0.679500 0.286500 0.015000 0.017000
0 0.214000 0.363500 0.011000 0.011000
0 0.225500 0.647500 0.018000 0.018000
0 0.366000 0.718000 0.025000 0.024000
0 0.785000 0.494500 0.012000 0.013000
0 0.712500 0.149000 0.025000 0.027000
0 0.620500 0.436000 0.025000 0.020000
0 0.477000 0.527000 0.028000 0.022000
0 0.512000 0.103500 0.013000 0.013000
0 0.408000 0.492500 0.019000 0.018000
0 0.690500 0.834000 0.018000 0.016000
0 0.850500 0.285500 0.026000 0.029000
0 0.418500 0.583000 0.018000 0.017000
0 0.362000 0.326000 0.019000 0.017000
0 0.471000 0.344000 0.014000 0.011000
0 0.848000 0.695000 0.019000 0.019000
0 0.817000 0.730000 0.009000 0.012000
0 0.503000 0.090500 0.011000 0.014000
0 0.798000 0.646250 0.016000 0.023500
0 0.427000 0.611500 0.022000 0.023000
0 0.140500 0.438500 0.020000 0.018000
0 0.491000 0.471500 0.025000 0.025000
0 0.330000 0.826500 0.012000 0.012000
0 0.543000 0.424000 0.019000 0.032000
0 0.294000 0.359500 0.022000 0.024000
0 0.529000 0.506000 0.013000 0.010000
0 0.152500 0.567000 0.012000 0.013000
0 0.270000 0.498000 0.032000 0.027000
0 0.330000 0.598500 0.024000 0.020000
0 0.187500 0.386500 0.021000 0.030000
0 0.869000 0.542500 0.017000 0.014000
0 0.586000 0.341000 0.028000 0.028000
0 0.322500 0.629500 0.016000 0.014000
0 0.505500 0.916000 0.032000 0.035000
0 0.614000 0.187500 0.013000 0.011000
0 0.593000 0.636000 0.024000 0.020000
0 0.652750 0.711500 0.029500 0.020000
0 0.448500 0.459500 0.018000 0.021000
0 0.381000 0.593500 0.011000 0.014000
0 0.526000 0.468500 0.020000 0.022000
0 0.311000 0.436500 0.023000 0.030000
0 0.665000 0.364000 0.012000 0.011000
0 0.571000 0.191500 0.011000 0.011000
0 0.362500 0.462500 0.025000 0.022000
0 0.431000 0.416250 0.012000 0.017500
0 0.452500 0.494500 0.013000 0.009000
0 0.498000 0.377000 0.012000 0.010000
0 0.238250 0.266000 0.026500 0.018000
0 0.497500 0.333000 0.014000 0.011000
0 0.478000 0.130000 0.023000 0.025000
0 0.444500 0.574000 0.015000 0.016000
0 0.385000 0.174500 0.016000 0.011000
0 0.547500 0.642000 0.021000 0.020000
0 0.351000 0.475500 0.029000 0.030000
0 0.840000 0.323500 0.017000 0.018000
0 0.723500 0.366500 0.021000 0.015000
0 0.463000 0.239500 0.010000 0.011000
0 0.294000 0.402500 0.023000 0.031000
0 0.228500 0.768000 0.018000 0.024000
0 0.573000 0.659000 0.014000 0.012000
0 0.373500 0.198500 0.012000 0.013000
0 0.599500 0.524000 0.022000 0.027000
0 0.579500 0.698000 0.020000 0.022000
0 0.510500 0.527500 0.020000 0.026000
0 0.473500 0.639000 0.015000 0.014000
0 0.421500 0.527000 0.020000 0.016000
0 0.297500 0.258000 0.010000 0.013000
0 0.581000 0.312000 0.010000 0.015000
0 0.859000 0.578500 0.024000 0.027000
0 0.484500 0.527500 0.021000 0.023000
0 0.594500 0.599250 0.011000 0.014500
0 0.410000 0.395000 0.012000 0.010000
0 0.605500 0.300500 0.027000 0.027000
0 0.399000 0.571250 0.014000 0.017500
0 0.652250 0.489500 0.023500 0.018000
0 0.404000 0.444500 0.022000 0.023000
0 0.726500 0.337500 0.011000 0.013000
0 0.662500 0.544500 0.021000 0.020000
0 0.704000 0.217000 0.018000 0.019000
0 0.524000 0.401000 0.012000 0.009000
0 0.573000 0.413000 0.016000 0.023000
0 0.482500 0.495500 0.014000 0.016000
0 0.487000 0.916500 0.023000 0.022000
0 0.334500 0.445500 0.020000 0.020000
0 0.525000 0.516000 0.030000 0.031000
0 0.430500 0.484000 0.026000 0.030000
0 0.404000 0.817500 0.022000 0.022000
0 0.773500 0.354000 0.026000 0.024000
0 0.479000 0.411500 0.019000 0.016000
0 0.468000 0.677000 0.015000 0.012000
0 0.530500 0.095500 0.019000 0.018000
0 0.554500 0.478000 0.018000 0.015000
0 0.258000 0.172500 0.030000 0.026000
0 0.672000 0.133500 0.012000 0.016000
0 0.480500 0.742000 0.022000 0.017000
0 0.470000 0.588500 0.020000 0.015000
0 0.749500 0.587500 0.021000 0.022000
0 0.258500 0.390000 0.011000 0.014000
0 0.464000 0.233500 0.020000 0.022000
0 0.475000 0.379000 0.023000 0.018000
0 0.771000 0.536000 0.028000 0.021000
0 0.246000 0.249500 0.023000 0.020000
0 0.454000 0.723500 0.013000 0.011000
0 0.636000 0.170500 0.025000 0.026000
0 0.547000 0.888500 0.016000 0.021000
0 0.153500 0.278000 0.017000 0.018000
0 0.467500 0.454000 0.021000 0.021000
0 0.395500 0.891500 0.013000 0.015000
0 0.635500 0.241500 0.022000 0.022000
0 0.529000 0.620500 0.034000 0.034000
0 0.722000 0.578000 0.012000 0.012000
0 0.379000 0.102000 0.011000 0.013000
0 0.392000 0.673000 0.030000 0.022000
0 0.610500 0.496500 0.012000 0.010000
0 0.170000 0.646000 0.013000 0.014000
0 0.704250 0.797000 0.014500 0.010000
0 0.450500 0.396500 0.014000 0.012000
0 0.490000 0.490000 0.013000 0.009000
0 0.453500 0.124500 0.011000 0.015000
0 0.479000 0.268000 0.021000 0.023000
0 0.245500 0.410000 0.018000 0.017000
0 0.502000 0.567500 0.017000 0.018000
0 0.468500 0.908000 0.011000 0.009000
0 0.292500 0.451000 0.018000 0.023000
0 0.231000 0.505500 0.021000 0.021000
0 0.297500 0.609500 0.021000 0.018000
0 0.352000 0.790500 0.011000 0.018000
0 0.109500 0.585000 0.031000 0.023000
0 0.298500 0.730500 0.028000 0.031000
0 0.711000 0.652500 0.021000 0.019000
0 0.548000 0.581500 0.015000 0.019000
0 0.198500 0.207000 0.012000 0.013000
0 0.364000 0.549000 0.032000 0.020000
0 0.353000 0.322000 0.013000 0.016000
0 0.531000 0.526500 0.014000 0.016000
0 0.868000 0.359500 0.015000 0.014000
0 0.326750 0.439500 0.023500 0.017000
0 0.486500 0.443500 0.011000 0.012000
0 0.527500 0.584500 0.016000 0.018000
0 0.478500 0.490000 0.015000 0.013000
0 0.548000 0.551500 0.012000 0.011000
0 0.349500 0.134000 0.023000 0.018000
0 0.669500 0.468500 0.014000 0.013000
0 0.438000 0.293000 0.021000 0.021000
0 0.619000 0.844500 0.012000 0.011000
0 0.518000 0.812500 0.015000 0.014000
0 0.850500 0.472000 0.016000 0.019000
0 0.468500 0.188000 0.016000 0.016000
0 0.522500 0.917500 0.015000 0.012000
0 0.832500 0.671000 0.018000 0.015000
0 0.410000 0.337000 0.019000 0.020000
0 0.471000 0.745500 0.020000 0.020000
0 0.686000 0.615500 0.014000 0.017000
0 0.486000 0.691000 0.018000 0.022000
0 0.485000 0.732500 0.017000 0.016000
0 0.577500 0.485250 0.010000 0.011500
0 0.867000 0.649500 0.015000 0.014000
0 0.599500 0.224000 0.024000 0.026000
0 0.389500 0.222000 0.014000 0.014000
0 0.126500 0.614500 0.011000 0.010000
0 0.455000 0.581500 0.011000 0.016000
0 0.472000 0.787500 0.021000 0.021000
0 0.575000 0.613000 0.021000 0.019000
0 0.367000 0.229500 0.013000 0.013000
0 0.745500 0.295500 0.018000 0.018000
0 0.513500 0.505500 0.009000 0.009000
0 0.697000 0.248000 0.019000 0.025000
0 0.492000 0.627500 0.019000 0.021000
0 0.624500 0.318000 0.018000 0.020000
0 0.343250 0.475500 0.026500 0.018000
0 0.446500 0.767500 0.018000 0.018000
0 0.636500 0.369500 0.023000 0.020000
0 0.289000 0.616500 0.023000 0.020000
0 0.560000 0.096500 0.016000 0.021000
0 0.370500 0.280000 0.023000 0.026000
0 0.591500 0.811000 0.015000 0.021000
0 0.691500 0.811500 0.031000 0.021000
0 0.571500 0.421000 0.019000 0.022000
0 0.164500 0.677000 0.024000 0.022000
0 0.554500 0.238000 0.013000 0.014000
0 0.531500 0.771000 0.016000 0.018000
0 0.536000 0.595000 0.014000 0.014000
0 0.461500 0.509500 0.017000 0.017000
0 0.332250 0.834000 0.017500 0.012000
0 0.726000 0.302000 0.024000 0.021000
0 0.576500 0.719000 0.021000 0.020000
0 0.510000 0.450500 0.014000 0.017000
0 0.515000 0.487000 0.023000 0.021000
0 0.376000 0.489000 0.024000 0.026000
0 0.349500 0.485500 0.024000 0.024000
0 0.666500 0.648500 0.023000 0.024000
0 0.356500 0.648500 0.020000 0.027000
0 0.375000 0.369500 0.012000 0.012000
0 0.276000 0.796500 0.028000 0.019000
0 0.338000 0.227500 0.029000 0.029000
0 0.461000 0.481500 0.014000 0.015000
0 0.355000 0.116500 0.023000 0.025000