0 0.688500 0.289500 0.021000 0.017000
0 0.487000 0.181500 0.015000 0.019000
0 0.454000 0.809500 0.012000 0.014000
0 0.709500 0.508000 0.025000 0.021000
0 0.554500 0.171500 0.021000 0.016000
0 0.490500 0.483500 0.028000 0.019000
0 0.494500 0.549500 0.025000 0.022000
0 0.646000 0.159000 0.028000 0.026000
0 0.314000 0.368500 0.020000 0.020000
0 0.380000 0.399000 0.032000 0.027000
0 0.656500 0.686000 0.010000 0.009000
0 0.811500 0.357500 0.021000 0.023000
0 0.132000 0.461000 0.022000 0.020000
0 0.458500 0.657000 0.022000 0.025000
0 0.522500 0.550500 0.017000 0.025000
0 0.470500 0.456000 0.023000 0.023000
0 0.463000 0.293000 0.027000 0.026000
0 0.284000 0.680000 0.020000 0.019000
0 0.342000 0.595000 0.021000 0.026000
0 0.772500 0.320500 0.018000 0.016000
0 0.411000 0.903000 0.031000 0.029000
0 0.730500 0.755500 0.013000 0.013000
0 0.568500 0.853500 0.015000 0.016000
0 0.534500 0.329500 0.023000 0.023000
0 0.498500 0.482000 0.015000 0.016000
0 0.504000 0.497500 0.030000 0.029000
0 0.384500 0.681500 0.022000 0.024000
0 0.523000 0.753000 0.014000 0.012000
0 0.373500 0.590500 0.024000 0.019000
0 0.654500 0.373500 0.009000 0.013000
0 0.306500 0.736250 0.010000 0.014500
0 0.431000 0.577500 0.011000 0.016000
0 0.420000 0.446000 0.012000 0.015000
0 0.383500 0.851500 0.021000 0.022000
0 0.432000 0.492000 0.016000 0.016000
0 0.443000 0.249000 0.022000 0.018000
0 0.449500 0.517500 0.012000 0.016000
0 0.620000 0.845000 0.019000 0.012000
0 0.405000 0.481500 0.016000 0.019000
0 0.699000 0.194500 0.019000 0.016000
0 0.467000 0.487500 0.021000 0.022000
0 0.561000 0.696000 0.025000 0.024000
0 0.672000 0.136000 0.022000 0.024000
0 0.212500 0.495500 0.012000 0.014000
0 0.529500 0.819000 0.018000 0.031000
0 0.140500 0.413000 0.012000 0.012000
0 0.397000 0.571500 0.029000 0.024000
0 0.296500 0.682500 0.014000 0.017000
0 0.806500 0.214000 0.022000 0.019000
0 0.270500 0.191500 0.016000 0.016000
0 0.145500 0.567000 0.031000 0.024000
0 0.618000 0.465000 0.019000 0.017000
0 0.433000 0.525000 0.024000 0.023000
0 0.244500 0.322000 0.015000 0.009000
0 0.701000 0.734500 0.021000 0.022000
0 0.273500 0.217500 0.013000 0.012000
0 0.566500 0.512500 0.010000 0.011000
0 0.741000 0.577500 0.020000 0.019000
0 0.580500 0.546000 0.025000 0.026000
0 0.572000 0.661000 0.029000 0.028000
0 0.454500 0.299500 0.011000 0.014000
0 0.358500 0.724500 0.019000 0.018000
0 0.497000 0.525000 0.024000 0.026000
0 0.676500 0.404000 0.031000 0.031000
0 0.516500 0.407500 0.018000 0.021000
0 0.484500 0.523500 0.017000 0.016000
0 0.423500 0.233500 0.010000 0.013000
0 0.334000 0.290000 0.018000 0.014000
0 0.191500 0.428500 0.026000 0.025000
0 0.407000 0.194000 0.023000 0.027000
0 0.542000 0.581500 0.025000 0.021000
0 0.426500 0.308000 0.013000 0.015000
0 0.702500 0.281000 0.018000 0.023000
0 0.504000 0.414000 0.017000 0.018000
0 0.391000 0.487000 0.022000 0.020000
0 0.497500 0.503500 0.021000 0.020000
0 0.716000 0.654000 0.032000 0.023000
0 0.518000 0.781000 0.025000 0.028000
0 0.602000 0.296500 0.013000 0.014000
0 0.681500 0.528000 0.023000 0.027000
0 0.583500 0.441500 0.023000 0.022000
0 0.669500 0.566500 0.017000 0.014000
0 0.547500 0.534500 0.018000 0.018000
0 0.481500 0.393500 0.015000 0.014000
0 0.436500 0.630500 0.025000 0.030000
0 0.767000 0.491000 0.019000 0.015000
0 0.594500 0.900500 0.014000 0.012000
0 0.523000 0.258000 0.020000 0.018000
0 0.211000 0.256500 0.015000 0.014000
0 0.735000 0.177500 0.022000 0.031000
0 0.529000 0.500500 0.027000 0.028000
0 0.409500 0.225500 0.012000 0.013000
0 0.520500 0.619000 0.020000 0.022000
0 0.486000 0.911000 0.016000 0.017000
0 0.627500 0.579000 0.020000 0.022000
0 0.640000 0.841500 0.019000 0.023000
0 0.485000 0.393500 0.015000 0.015000
0 0.408500 0.657000 0.026000 0.025000
0 0.882500 0.521500 0.019000 0.025000
0 0.319000 0.279500 0.012000 0.013000
0 0.708500 0.464000 0.028000 0.025000
0 0.608000 0.769000 0.023000 0.025000
0 0.440500 0.400500 0.012000 0.011000
0 0.410000 0.544000 0.022000 0.023000
0 0.774000 0.787000 0.021000 0.027000
0 0.326500 0.358500 0.009000 0.010000
0 0.527000 0.458500 0.030000 0.025000
0 0.554500 0.144000 0.013000 0.010000
0 0.387500 0.573000 0.025000 0.018000
0 0.317000 0.356500 0.010000 0.012000
0 0.747000 0.459000 0.024000 0.025000
0 0.226000 0.273000 0.023000 0.024000
0 0.594000 0.505500 0.017000 0.015000
0 0.540000 0.520000 0.023000 0.033000
0 0.447500 0.530500 0.025000 0.028000
0 0.554000 0.661500 0.018000 0.017000
0 0.680000 0.374500 0.009000 0.013000
0 0.741000 0.210000 0.013000 0.010000
0 0.844500 0.490000 0.011000 0.013000
0 0.580000 0.481500 0.030000 0.027000
0 0.305500 0.688500 0.021000 0.025000
0 0.665500 0.354500 0.014000 0.012000
0 0.503000 0.548500 0.024000 0.029000
0 0.463000 0.404500 0.027000 0.025000
0 0.481000 0.686500 0.021000 0.022000
0 0.602500 0.386000 0.022000 0.023000
0 0.387500 0.754500 0.022000 0.023000
0 0.338500 0.830000 0.019000 0.023000
0 0.520000 0.508000 0.034000 0.035000
0 0.202500 0.672500 0.021000 0.021000
0 0.550500 0.612500 0.010000 0.012000
0 0.578000 0.350000 0.016000 0.019000
0 0.539000 0.727000 0.017000 0.014000
0 0.498000 0.472500 0.011000 0.012000
0 0.588000 0.487000 0.031000 0.030000
0 0.402000 0.718500 0.017000 0.018000
0 0.510500 0.657000 0.028000 0.026000
0 0.333500 0.432000 0.030000 0.029000
0 0.390500 0.361000 0.016000 0.012000
0 0.800000 0.349500 0.016000 0.016000
0 0.426000 0.532000 0.022000 0.029000
0 0.471500 0.396500 0.020000 0.021000
0 0.553500 0.522500 0.015000 0.015000
0 0.282500 0.667000 0.027000 0.022000
0 0.423500 0.260000 0.019000 0.025000
0 0.154500 0.561500 0.015000 0.018000
0 0.511000 0.566500 0.013000 0.011000
0 0.597500 0.399500 0.019000 0.028000
0 0.595000 0.615500 0.013000 0.010000
0 0.271000 0.778500 0.023000 0.028000
0 0.497000 0.253500 0.016000 0.015000
0 0.605000 0.429500 0.013000 0.011000
0 0.858000 0.457500 0.010000 0.010000
0 0.344500 0.180000 0.017000 0.019000
0 0.226000 0.645000 0.015000 0.018000
0 0.600500 0.702500 0.011000 0.012000
0 0.507000 0.200000 0.011000 0.012000
0 0.784000 0.295500 0.015000 0.016000
0 0.533500 0.411000 0.023000 0.024000
0 0.341000 0.327500 0.024000 0.023000
0 0.440000 0.480000 0.021000 0.016000
0 0.501500 0.512500 0.016000 0.015000
0 0.722500 0.540000 0.023000 0.018000
0 0.662000 0.284000 0.027000 0.022000
0 0.534500 0.469500 0.012000 0.015000
0 0.740500 0.236500 0.012000 0.013000
0 0.642500 0.152000 0.032000 0.033000
0 0.662000 0.505000 0.014000 0.015000
0 0.611000 0.641500 0.019000 0.017000
0 0.486000 0.535000 0.017000 0.017000
0 0.681000 0.757500 0.021000 0.017000
0 0.361000 0.342500 0.013000 0.009000
0 0.291500 0.467500 0.025000 0.022000
0 0.293500 0.812000 0.022000 0.024000
0 0.411750 0.508500 0.020500 0.014000
0 0.642500 0.744000 0.012000 0.013000
0 0.485500 0.202500 0.026000 0.027000
0 0.498000 0.571000 0.015000 0.015000
0 0.405000 0.599500 0.011000 0.010000
0 0.634000 0.437500 0.016000 0.015000
0 0.730000 0.592500 0.023000 0.031000
0 0.708000 0.694000 0.008000 0.009000
0 0.422000 0.780000 0.031000 0.018000
0 0.452500 0.302500 0.026000 0.023000
0 0.666000 0.869000 0.025000 0.025000
0 0.557750 0.426750 0.016500 0.016500
0 0.352000 0.329500 0.017000 0.014000
0 0.410000 0.206000 0.014000 0.020000
0 0.710250 0.356000 0.029500 0.022000
0 0.505000 0.589000 0.025000 0.024000
0 0.492000 0.495000 0.014000 0.017000
0 0.832500 0.407500 0.021000 0.024000
0 0.343000 0.551500 0.019000 0.012000
0 0.656000 0.623000 0.020000 0.023000
0 0.248500 0.754500 0.016000 0.015000
0 0.693500 0.657000 0.011000 0.014000
0 0.648000 0.691500 0.026000 0.022000
0 0.361500 0.287000 0.023000 0.017000
0 0.351000 0.694500 0.013000 0.013000
0 0.836500 0.467000 0.028000 0.028000
0 0.405000 0.459000 0.026000 0.014000
0 0.585000 0.230500 0.022000 0.016000
0 0.461500 0.500000 0.021000 0.030000
0 0.598500 0.907500 0.019000 0.022000
0 0.241500 0.422500 0.017000 0.020000
0 0.781000 0.371500 0.016000 0.011000
0 0.409500 0.689000 0.030000 0.030000
0 0.809500 0.235000 0.020000 0.020000
0 0.270500 0.491500 0.025000 0.028000
0 0.266500 0.660000 0.016000 0.019000
0 0.471500 0.512500 0.024000 0.024000
0 0.464500 0.303000 0.019000 0.012000
0 0.411500 0.809000 0.011000 0.021000
0 0.420000 0.534000 0.020000 0.018000
0 0.607500 0.348000 0.019000 0.023000
0 0.114000 0.356500 0.022000 0.016000
0 0.566000 0.353000 0.015000 0.013000
0 0.115500 0.657000 0.032000 0.031000
0 0.162500 0.546000 0.016000 0.013000
0 0.717500 0.703500 0.028000 0.028000
0 0.140500 0.421000 0.013000 0.011000
0 0.635500 0.475000 0.021000 0.023000
0 0.155000 0.650500 0.028000 0.020000
0 0.158500 0.438000 0.019000 0.019000
0 0.385000 0.330500 0.033000 0.026000
0 0.515000 0.481000 0.033000 0.033000
0 0.233500 0.323000 0.017000 0.023000
0 0.550000 0.684500 0.023000 0.023000
0 0.539000 0.907500 0.026000 0.020000
0 0.665000 0.265000 0.017000 0.021000
0 0.177000 0.433500 0.015000 0.015000
0 0.876500 0.375000 0.019000 0.026000
0 0.742500 0.527500 0.030000 0.031000
0 0.447500 0.121000 0.015000 0.015000
0 0.481500 0.762000 0.028000 0.027000
0 0.697000 0.681000 0.022000 0.026000
0 0.365000 0.370000 0.028000 0.021000
0 0.532500 0.277000 0.013000 0.013000
0 0.838000 0.734500 0.011000 0.013000
0 0.613000 0.513500 0.011000 0.015000
0 0.473500 0.186500 0.009000 0.013000
0 0.386000 0.550500 0.011000 0.010000
0 0.485000 0.414000 0.016000 0.016000
0 0.468500 0.334500 0.024000 0.028000
0 0.379500 0.314000 0.027000 0.026000
0 0.390000 0.352500 0.029000 0.027000
0 0.564000 0.700500 0.025000 0.024000
0 0.478000 0.494000 0.023000 0.019000
0 0.547500 0.628000 0.019000 0.019000
0 0.584500 0.621000 0.014000 0.012000
0 0.371000 0.457500 0.019000 0.028000
0 0.430500 0.452000 0.015000 0.016000
0 0.399000 0.500000 0.029000 0.029000
0 0.670500 0.600000 0.020000 0.025000
0 0.763500 0.212500 0.019000 0.022000
0 0.691500 0.433500 0.016000 0.017000
0 0.793500 0.537000 0.018000 0.016000
0 0.361000 0.276500 0.010000 0.010000
0 0.609000 0.844500 0.029000 0.026000
0 0.514500 0.532000 0.013000 0.010000
0 0.481500 0.476500 0.011000 0.013000
0 0.275000 0.707000 0.023000 0.017000
0 0.520000 0.103000 0.015000 0.014000
0 0.284000 0.645000 0.022000 0.018000
0 0.463000 0.528500 0.023000 0.025000
0 0.400500 0.175500 0.021000 0.019000
0 0.678500 0.604000 0.030000 0.028000
0 0.364000 0.755000 0.023000 0.021000
0 0.671500 0.328000 0.012000 0.013000
0 0.513000 0.495500 0.009000 0.011000
0 0.553500 0.531000 0.019000 0.012000
0 0.518500 0.502500 0.018000 0.022000
0 0.743500 0.663500 0.029000 0.029000
0 0.570500 0.470500 0.011000 0.015000
0 0.431500 0.846000 0.018000 0.021000
0 0.858250 0.431000 0.026500 0.018000
0 0.470500 0.498500 0.012000 0.014000
0 0.470500 0.478500 0.016000 0.015000
0 0.440000 0.765000 0.021000 0.021000
0 0.541000 0.606500 0.015000 0.016000
0 0.500500 0.347500 0.015000 0.011000
0 0.388500 0.608500 0.024000 0.023000
0 0.178500 0.479000 0.016000 0.016000
0 0.099500 0.404000 0.017000 0.025000
0 0.516000 0.214000 0.012000 0.023000
0 0.748500 0.214000 0.022000 0.018000
0 0.568000 0.720000 0.025000 0.030000
0 0.347000 0.389500 0.019000 0.014000
0 0.262000 0.157000 0.029000 0.036000
0 0.445500 0.209500 0.021000 0.018000
0 0.534000 0.103500 0.019000 0.019000
0 0.492500 0.688000 0.020000 0.022000
0 0.884000 0.375000 0.012000 0.012000
0 0.491250 0.211000 0.020500 0.014000
0 0.559500 0.649750 0.015000 0.020500
0 0.277000 0.414500 0.023000 0.031000
0 0.426000 0.770000 0.019000 0.020000
0 0.572000 0.122500 0.024000 0.032000
0 0.589000 0.894000 0.014000 0.013000
0 0.255000 0.610500 0.014000 0.023000
0 0.455500 0.505000 0.015000 0.017000
0 0.881500 0.443000 0.027000 0.026000
0 0.598000 0.387000 0.016000 0.018000
0 0.432000 0.338500 0.017000 0.024000
0 0.549500 0.533000 0.022000 0.020000
0 0.549500 0.588000 0.014000 0.010000
0 0.414000 0.611500 0.035000 0.035000
0 0.204000 0.207500 0.013000 0.013000
0 0.838500 0.358500 0.024000 0.029000
0 0.565000 0.461500 0.022000 0.015000
0 0.567000 0.729500 0.018000 0.021000
0 0.485000 0.562500 0.024000 0.024000
0 0.777500 0.796000 0.016000 0.017000
0 0.380500 0.445500 0.017000 0.014000
0 0.568000 0.543500 0.030000 0.024000
0 0.589000 0.440500 0.013000 0.013000
0 0.463500 0.582500 0.025000 0.034000
0 0.186000 0.546500 0.025000 0.026000
0 0.461500 0.458000 0.017000 0.017000
0 0.537500 0.512500 0.024000 0.027000
0 0.489500 0.704500 0.015000 0.014000
0 0.485000 0.445500 0.018000 0.017000
0 0.504500 0.702000 0.025000 0.034000
0 0.743000 0.792000 0.013000 0.014000
0 0.527000 0.603000 0.030000 0.024000
0 0.371000 0.437000 0.021000 0.020000
0 0.760500 0.271500 0.023000 0.023000
0 0.390500 0.583500 0.016000 0.013000
0 0.553500 0.462000 0.013000 0.012000
0 0.542500 0.570500 0.033000 0.028000
0 0.301500 0.658000 0.011000 0.013000
0 0.634000 0.741000 0.026000 0.022000
0 0.317500 0.422000 0.014000 0.016000
0 0.865000 0.685500 0.014000 0.009000
0 0.235500 0.501500 0.026000 0.033000
0 0.236000 0.366000 0.014000 0.013000
0 0.669000 0.483500 0.020000 0.019000
0 0.728000 0.642000 0.026000 0.029000
0 0.291000 0.654000 0.015000 0.013000
0 0.201000 0.624500 0.021000 0.021000
0 0.501000 0.540500 0.010000 0.014000
0 0.632500 0.374500 0.029000 0.023000
0 0.135000 0.324000 0.020000 0.017000
0 0.685000 0.589000 0.022000 0.017000
0 0.518000 0.275500 0.010000 0.010000
0 0.474500 0.406000 0.017000 0.019000
0 0.467000 0.537500 0.025000 0.023000
0 0.546000 0.496000 0.018000 0.019000
0 0.498000 0.858500 0.028000 0.029000
0 0.503500 0.382000 0.018000 0.016000
0 0.649500 0.225000 0.025000 0.028000
0 0.727500 0.567500 0.013000 0.014000
0 0.556000 0.491500 0.010000 0.015000
0 0.565000 0.602000 0.022000 0.023000
0 0.297500 0.254000 0.018000 0.014000
0 0.453000 0.507000 0.016000 0.018000
0 0.605000 0.484500 0.025000 0.024000
0 0.813500 0.255000 0.033000 0.031000
0 0.211000 0.298000 0.022000 0.023000
0 0.500000 0.417500 0.030000 0.023000
0 0.458000 0.095000 0.033000 0.030000
0 0.691500 0.132000 0.009000 0.013000
0 0.506000 0.489500 0.013000 0.011000
0 0.164750 0.266500 0.026500 0.023000
0 0.649500 0.415000 0.030000 0.029000
0 0.544500 0.422500 0.014000 0.015000
0 0.659500 0.227500 0.015000 0.020000
0 0.292500 0.370000 0.026000 0.022000
0 0.680500 0.304000 0.015000 0.021000
0 0.485500 0.453500 0.015000 0.013000
0 0.791500 0.788500 0.022000 0.021000
0 0.630500 0.571000 0.014000 0.011000
0 0.715000 0.357500 0.024000 0.021000
0 0.579000 0.422500 0.010000 0.010000
0 0.561500 0.403000 0.013000 0.010000
0 0.453000 0.342500 0.033000 0.025000
0 0.573000 0.530000 0.016000 0.018000
0 0.647500 0.637500 0.012000 0.013000
0 0.275000 0.451500 0.024000 0.021000
0 0.813500 0.579500 0.019000 0.020000
0 0.337000 0.489250 0.010000 0.014500
0 0.166500 0.680000 0.011000 0.010000
0 0.497000 0.498500 0.009000 0.009000
0 0.539250 0.764250 0.029500 0.030500
0 0.649000 0.292500 0.017000 0.015000
0 0.782000 0.554000 0.032000 0.033000
0 0.532000 0.523000 0.013000 0.014000
0 0.379500 0.754500 0.012000 0.011000
0 0.360500 0.777000 0.015000 0.014000
0 0.550000 0.574500 0.026000 0.025000
0 0.579000 0.877750 0.016000 0.017500
0 0.555500 0.903000 0.011000 0.009000
0 0.723000 0.453500 0.027000 0.020000
0 0.399500 0.518000 0.026000 0.033000
0 0.792500 0.319500 0.021000 0.025000
0 0.297500 0.768500 0.023000 0.021000
0 0.274000 0.159500 0.026000 0.026000
0 0.595000 0.437000 0.018000 0.019000
0 0.213500 0.392000 0.019000 0.016000
0 0.846000 0.687000 0.027000 0.028000
0 0.713000 0.742000 0.028000 0.026000
0 0.529000 0.363000 0.024000 0.021000
0 0.558000 0.326000 0.016000 0.016000
0 0.267000 0.482000 0.016000 0.016000
0 0.510500 0.137500 0.010000 0.013000
0 0.428000 0.535500 0.024000 0.021000
0 0.333000 0.169500 0.023000 0.023000
0 0.090500 0.432000 0.024000 0.030000
0 0.515500 0.733500 0.019000 0.014000
0 0.514000 0.486500 0.024000 0.017000
0 0.478500 0.645000 0.019000 0.018000
0 0.446000 0.424000 0.024000 0.024000
0 0.440000 0.529500 0.027000 0.027000
0 0.350000 0.836000 0.022000 0.019000
0 0.537000 0.636500 0.016000 0.013000
0 0.424000 0.185500 0.019000 0.023000
0 0.692000 0.281000 0.009000 0.009000
0 0.286500 0.244500 0.016000 0.015000
0 0.258000 0.571500 0.026000 0.021000
0 0.620000 0.341000 0.027000 0.024000
0 0.671500 0.440500 0.019000 0.022000
0 0.637500 0.829500 0.016000 0.018000
0 0.523000 0.472000 0.021000 0.019000
0 0.538000 0.730500 0.023000 0.027000
0 0.435500 0.416500 0.020000 0.019000
0 0.474000 0.805500 0.010000 0.009000
0 0.708000 0.822000 0.025000 0.020000
0 0.693000 0.412500 0.025000 0.027000
0 0.518000 0.633000 0.020000 0.018000
0 0.505500 0.310500 0.016000 0.017000
0 0.601000 0.870500 0.022000 0.022000
0 0.717000 0.467000 0.022000 0.016000
0 0.466000 0.611000 0.018000 0.017000
0 0.412500 0.708500 0.030000 0.027000
0 0.609000 0.576500 0.027000 0.023000
0 0.436000 0.828500 0.021000 0.018000
0 0.395500 0.633000 0.016000 0.012000
0 0.707000 0.564500 0.019000 0.020000
0 0.726000 0.329000 0.026000 0.032000
0 0.174000 0.377000 0.022000 0.020000
0 0.639500 0.496000 0.023000 0.029000
0 0.489000 0.341500 0.016000 0.016000
0 0.790000 0.702500 0.030000 0.024000
0 0.187500 0.748500 0.013000 0.015000
0 0.630000 0.658000 0.011000 0.016000
0 0.757000 0.478500 0.011000 0.010000
0 0.515000 0.245000 0.012000 0.015000
0 0.221000 0.568500 0.026000 0.027000
0 0.619500 0.276500 0.021000 0.019000
0 0.625000 0.844000 0.019000 0.029000
0 0.476500 0.579000 0.026000 0.020000
0 0.325000 0.459000 0.012000 0.013000
0 0.617000 0.117000 0.027000 0.027000
0 0.483500 0.505000 0.016000 0.016000
0 0.274000 0.468500 0.032000 0.029000
0 0.154500 0.385000 0.018000 0.021000
0 0.369000 0.683000 0.017000 0.025000
0 0.417000 0.385000 0.015000 0.019000
0 0.291000 0.449000 0.019000 0.016000
0 0.491000 0.470000 0.024000 0.017000
0 0.237000 0.581000 0.027000 0.026000
0 0.606000 0.563500 0.008000 0.008000
0 0.708500 0.246000 0.014000 0.020000
0 0.563000 0.161500 0.036000 0.029000
0 0.573500 0.787000 0.010000 0.011000
0 0.762500 0.330000 0.021000 0.022000
0 0.476500 0.507500 0.034000 0.029000
0 0.339000 0.386000 0.021000 0.032000
0 0.580000 0.640000 0.017000 0.021000
0 0.146000 0.457000 0.036000 0.026000
0 0.501000 0.661500 0.028000 0.021000
0 0.121000 0.383000 0.019000 0.020000
0 0.362000 0.548000 0.034000 0.020000
0 0.256000 0.317500 0.021000 0.024000
0 0.371500 0.626000 0.029000 0.028000
0 0.830500 0.498500 0.029000 0.025000
0 0.820000 0.563000 0.020000 0.017000
0 0.595500 0.317500 0.011000 0.009000
0 0.234000 0.455000 0.030000 0.022000
0 0.446000 0.492500 0.025000 0.026000
0 0.716000 0.675750 0.021000 0.029500
0 0.464000 0.511000 0.032000 0.030000
0 0.287500 0.611000 0.024000 0.025000
0 0.487000 0.798500 0.016000 0.015000
0 0.586000 0.608000 0.017000 0.019000
0 0.424000 0.129500 0.017000 0.019000
0 0.882000 0.629500 0.010000 0.011000
0 0.367000 0.308500 0.035000 0.029000
0 0.482500 0.488500 0.020000 0.022000
0 0.226000 0.703500 0.013000 0.012000
0 0.525500 0.755500 0.020000 0.021000
0 0.525000 0.529000 0.022000 0.020000
0 0.495500 0.406500 0.015000 0.019000
0 0.302000 0.857500 0.021000 0.025000
0 0.648000 0.497500 0.016000 0.017000
0 0.180000 0.657500 0.021000 0.019000
0 0.283000 0.806000 0.018000 0.015000
0 0.220000 0.614500 0.026000 0.026000
0 0.192500 0.412500 0.017000 0.015000
0 0.241500 0.177000 0.019000 0.013000
0 0.702500 0.538500 0.025000 0.022000
0 0.524500 0.326500 0.022000 0.025000
0 0.553000 0.482500 0.019000 0.018000
0 0.884000 0.616500 0.013000 0.021000
0 0.368500 0.319000 0.033000 0.031000
0 0.507000 0.830500 0.013000 0.011000
0 0.792500 0.717500 0.017000 0.023000
0 0.212500 0.747500 0.010000 0.011000
0 0.483000 0.119500 0.019000 0.022000
0 0.572500 0.620500 0.015000 0.014000
0 0.545000 0.486500 0.027000 0.022000
0 0.462000 0.439000 0.022000 0.023000
0 0.376500 0.788000 0.023000 0.021000
0 0.170000 0.691000 0.018000 0.024000
0 0.703000 0.656000 0.012000 0.016000
0 0.253500 0.831000 0.023000 0.025000
0 0.172000 0.544000 0.027000 0.023000
0 0.879500 0.416500 0.015000 0.014000
0 0.467500 0.296000 0.030000 0.029000
0 0.486000 0.502000 0.019000 0.020000
0 0.558500 0.577500 0.010000 0.011000
0 0.342500 0.673000 0.020000 0.018000
0 0.457000 0.536000 0.016000 0.021000
0 0.426500 0.498500 0.012000 0.015000
0 0.455500 0.791000 0.017000 0.019000
0 0.470000 0.524500 0.011000 0.011000