0 0.859000 0.684500 0.024000 0.016000
0 0.379500 0.887000 0.018000 0.024000
0 0.518000 0.695500 0.022000 0.020000
0 0.471000 0.512000 0.023000 0.019000
0 0.589500 0.100500 0.021000 0.023000
0 0.518000 0.805000 0.016000 0.017000
0 0.536500 0.101500 0.019000 0.018000
0 0.491500 0.690500 0.029000 0.030000
0 0.111000 0.587500 0.017000 0.014000
0 0.656500 0.677000 0.014000 0.012000
0 0.420000 0.470500 0.012000 0.012000
0 0.358000 0.388500 0.030000 0.026000
0 0.568500 0.377000 0.032000 0.027000
0 0.497000 0.443000 0.017000 0.015000
0 0.399000 0.401000 0.032000 0.026000
0 0.640000 0.597000 0.013000 0.014000
0 0.239000 0.663500 0.020000 0.017000
0 0.165500 0.645500 0.013000 0.016000
0 0.432500 0.600000 0.024000 0.027000
0 0.425500 0.398000 0.012000 0.008000
0 0.451500 0.572000 0.019000 0.020000
0 0.484500 0.684000 0.018000 0.018000
0 0.417000 0.286000 0.027000 0.032000
0 0.480500 0.647500 0.028000 0.027000
0 0.465500 0.653500 0.011000 0.013000
0 0.850500 0.398000 0.023000 0.027000
0 0.547000 0.856000 0.011000 0.018000
0 0.225000 0.429000 0.011000 0.013000
0 0.676000 0.469500 0.016000 0.016000
0 0.741500 0.294500 0.023000 0.028000
0 0.393500 0.474000 0.013000 0.013000
0 0.684500 0.275000 0.012000 0.012000
0 0.595000 0.433500 0.021000 0.024000
0 0.542000 0.514500 0.032000 0.022000
0 0.635000 0.585000 0.022000 0.021000
0 0.183000 0.703000 0.028000 0.023000
0 0.901500 0.420500 0.011000 0.012000
0 0.394500 0.668000 0.012000 0.011000
0 0.528500 0.389000 0.022000 0.016000
0 0.748500 0.238000 0.026000 0.024000
0 0.194500 0.352500 0.021000 0.021000
0 0.692500 0.808500 0.009000 0.010000
0 0.656000 0.153000 0.022000 0.028000
0 0.590500 0.483500 0.014000 0.015000
0 0.211000 0.653000 0.019000 0.018000
0 0.591000 0.440500 0.027000 0.029000
0 0.400500 0.793500 0.014000 0.014000
0 0.532000 0.471500 0.031000 0.022000
0 0.501000 0.493500 0.022000 0.022000
0 0.756500 0.333000 0.029000 0.031000
0 0.813500 0.284000 0.021000 0.026000
0 0.535500 0.487500 0.018000 0.017000
0 0.374500 0.116750 0.021000 0.026500
0 0.503000 0.681000 0.022000 0.021000
0 0.450000 0.452000 0.012000 0.014000
0 0.654500 0.550500 0.013000 0.015000
0 0.630000 0.535000 0.017000 0.016000
0 0.472500 0.493000 0.025000 0.028000
0 0.478000 0.579000 0.017000 0.017000
0 0.480500 0.625500 0.011000 0.013000
0 0.563500 0.306000 0.013000 0.010000
0 0.578000 0.370500 0.018000 0.026000
0 0.515500 0.560000 0.031000 0.021000
0 0.619500 0.465500 0.020000 0.019000
0 0.543000 0.399500 0.027000 0.026000
0 0.443500 0.617000 0.020000 0.019000
0 0.577500 0.333000 0.016000 0.017000
0 0.394000 0.451250 0.019000 0.026500
0 0.591000 0.625500 0.022000 0.025000
0 0.359500 0.167000 0.028000 0.022000
0 0.688000 0.289000 0.011000 0.013000
0 0.805000 0.608000 0.018000 0.017000
0 0.458000 0.463000 0.018000 0.018000
0 0.472500 0.217500 0.023000 0.016000
0 0.461500 0.398500 0.022000 0.018000
0 0.360000 0.258000 0.011000 0.008000
0 0.443000 0.537500 0.018000 0.018000
0 0.264500 0.188000 0.014000 0.015000
0 0.428000 0.826500 0.012000 0.012000
0 0.249000 0.341000 0.013000 0.010000
0 0.335000 0.797000 0.013000 0.010000
0 0.751000 0.447500 0.020000 0.026000
0 0.506000 0.638000 0.022000 0.025000
0 0.323500 0.483000 0.030000 0.031000
0 0.315500 0.611000 0.014000 0.018000
0 0.415500 0.626000 0.013000 0.012000
0 0.233500 0.708500 0.021000 0.016000
0 0.215000 0.734500 0.014000 0.019000
0 0.273000 0.582500 0.011000 0.011000
0 0.585500 0.508000 0.018000 0.024000
0 0.147000 0.563500 0.026000 0.025000
0 0.618500 0.430000 0.026000 0.027000
0 0.581500 0.578500 0.009000 0.012000
0 0.538000 0.496000 0.020000 0.025000
0 0.681000 0.264000 0.023000 0.022000
0 0.482500 0.255000 0.022000 0.026000
0 0.521500 0.496500 0.018000 0.020000
0 0.496000 0.655500 0.022000 0.027000
0 0.590000 0.720500 0.011000 0.010000
0 0.481000 0.465500 0.013000 0.018000
0 0.225500 0.385000 0.023000 0.025000
0 0.386000 0.684500 0.020000 0.029000
0 0.844000 0.279500 0.023000 0.024000
0 0.507500 0.508000 0.021000 0.023000
0 0.272000 0.712500 0.012000 0.012000
0 0.271000 0.236500 0.019000 0.024000
0 0.716500 0.239500 0.026000 0.028000
0 0.661500 0.619000 0.016000 0.017000
0 0.883500 0.574500 0.015000 0.014000
0 0.391500 0.525500 0.019000 0.031000
0 0.792000 0.482500 0.016000 0.021000
0 0.173500 0.497500 0.024000 0.024000
0 0.756500 0.272000 0.016000 0.017000
0 0.457500 0.828000 0.022000 0.019000
0 0.361500 0.788000 0.026000 0.027000
0 0.453000 0.383000 0.024000 0.019000
0 0.338500 0.306500 0.023000 0.022000
0 0.631000 0.647500 0.022000 0.022000
0 0.266500 0.685000 0.012000 0.010000
0 0.734500 0.645000 0.018000 0.025000
0 0.792000 0.586500 0.021000 0.029000
0 0.844500 0.708000 0.015000 0.012000
0 0.137750 0.494500 0.026500 0.018000
0 0.534000 0.508500 0.016000 0.020000
0 0.432500 0.684000 0.015000 0.015000
0 0.507000 0.471000 0.027000 0.023000
0 0.642000 0.640500 0.024000 0.019000
0 0.593500 0.343000 0.010000 0.011000
0 0.553500 0.761000 0.017000 0.017000
0 0.452500 0.575500 0.019000 0.028000
0 0.730500 0.634000 0.015000 0.022000
0 0.585000 0.533500 0.023000 0.026000
0 0.535500 0.538500 0.023000 0.031000
0 0.483000 0.551000 0.023000 0.023000
0 0.557000 0.846500 0.020000 0.024000
0 0.639500 0.612000 0.022000 0.021000
0 0.130000 0.672000 0.020000 0.019000
0 0.815000 0.475000 0.010000 0.009000
0 0.708000 0.546000 0.028000 0.022000
0 0.511000 0.269500 0.021000 0.022000
0 0.124000 0.666000 0.017000 0.015000
0 0.397500 0.250500 0.023000 0.030000
0 0.159000 0.281500 0.015000 0.015000
0 0.826500 0.671500 0.018000 0.018000
0 0.488500 0.564500 0.021000 0.016000
0 0.635500 0.710000 0.015000 0.016000
0 0.822500 0.666000 0.015000 0.019000
0 0.430000 0.556500 0.020000 0.019000
0 0.519500 0.400000 0.025000 0.027000
0 0.612500 0.298500 0.025000 0.029000
0 0.455500 0.663000 0.028000 0.023000
0 0.534500 0.543500 0.019000 0.013000
0 0.337000 0.338500 0.020000 0.011000
0 0.496000 0.509500 0.032000 0.028000
0 0.484000 0.667000 0.024000 0.022000
0 0.705000 0.380000 0.014000 0.014000
0 0.357000 0.369500 0.018000 0.023000
0 0.665500 0.718500 0.020000 0.018000
0 0.598000 0.659000 0.016000 0.014000
0 0.629000 0.520500 0.016000 0.016000
0 0.508500 0.495000 0.021000 0.023000
0 0.200500 0.451000 0.019000 0.021000
0 0.402000 0.525000 0.035000 0.034000
0 0.483000 0.426000 0.027000 0.032000
0 0.502000 0.164000 0.011000 0.009000
0 0.464000 0.496500 0.021000 0.018000
0 0.464000 0.375000 0.017000 0.022000
0 0.473000 0.312500 0.013000 0.010000
0 0.391750 0.230500 0.020500 0.014000
0 0.228500 0.339000 0.014000 0.013000
0 0.682000 0.513000 0.010000 0.015000
0 0.374500 0.401000 0.019000 0.013000
0 0.356000 0.403000 0.023000 0.018000
0 0.268000 0.499000 0.025000 0.026000
0 0.130500 0.597000 0.027000 0.027000
0 0.283500 0.736000 0.017000 0.016000
0 0.868500 0.615500 0.025000 0.017000
0 0.561500 0.329000 0.026000 0.026000
0 0.601000 0.450250 0.013000 0.017500
0 0.493000 0.554000 0.014000 0.014000
0 0.446000 0.274000 0.030000 0.019000
0 0.678000 0.330500 0.012000 0.014000
0 0.519500 0.507500 0.014000 0.012000
0 0.209500 0.294000 0.014000 0.010000
0 0.467000 0.330500 0.009000 0.012000
0 0.204000 0.763750 0.013000 0.017500
0 0.604500 0.578000 0.019000 0.027000
0 0.601500 0.476000 0.025000 0.024000
0 0.735250 0.420500 0.020500 0.014000
0 0.530500 0.529000 0.023000 0.024000
0 0.510000 0.506000 0.011000 0.012000
0 0.483000 0.441500 0.018000 0.016000
0 0.218500 0.688000 0.029000 0.028000
0 0.408000 0.729500 0.019000 0.019000
0 0.670000 0.621000 0.017000 0.019000
0 0.378000 0.590000 0.027000 0.020000
0 0.842000 0.652500 0.025000 0.025000
0 0.471000 0.721000 0.016000 0.023000
0 0.285500 0.220000 0.026000 0.026000
0 0.615000 0.444500 0.011000 0.010000
0 0.183000 0.678000 0.019000 0.015000
0 0.478000 0.861000 0.012000 0.014000
0 0.768500 0.249000 0.018000 0.018000
0 0.762500 0.709500 0.030000 0.028000
0 0.598500 0.605500 0.016000 0.016000
0 0.564500 0.700500 0.019000 0.020000
0 0.128500 0.639500 0.018000 0.023000
0 0.211000 0.708500 0.023000 0.019000
0 0.671000 0.360500 0.021000 0.022000
0 0.380000 0.464500 0.016000 0.017000
0 0.513000 0.740000 0.016000 0.019000
0 0.461500 0.530500 0.024000 0.022000
0 0.688000 0.628500 0.020000 0.030000
0 0.560500 0.613000 0.010000 0.010000
0 0.752500 0.781500 0.012000 0.013000
0 0.200000 0.411500 0.019000 0.020000
0 0.141000 0.509000 0.011000 0.010000
0 0.523000 0.093500 0.021000 0.022000
0 0.455000 0.499500 0.024000 0.017000
0 0.539500 0.768000 0.021000 0.024000
0 0.560000 0.543000 0.015000 0.015000
0 0.346000 0.137500 0.024000 0.023000
0 0.518000 0.428500 0.024000 0.022000
0 0.770000 0.244000 0.013000 0.016000
0 0.328500 0.414000 0.018000 0.016000
0 0.629500 0.332000 0.020000 0.016000
0 0.568500 0.713000 0.018000 0.022000
0 0.794000 0.344000 0.010000 0.011000
0 0.703500 0.585500 0.020000 0.018000
0 0.558500 0.492000 0.016000 0.015000
0 0.541500 0.495500 0.012000 0.011000
0 0.498500 0.497500 0.011000 0.009000
0 0.523500 0.225000 0.026000 0.027000
0 0.542000 0.526500 0.027000 0.025000
0 0.489000 0.844250 0.009000 0.011500
0 0.395000 0.170000 0.022000 0.023000
0 0.314500 0.377500 0.017000 0.015000
0 0.673000 0.838500 0.009000 0.009000
0 0.209500 0.771000 0.021000 0.016000
0 0.441500 0.569000 0.018000 0.016000
0 0.393500 0.706500 0.016000 0.018000
0 0.311000 0.522000 0.010000 0.016000
0 0.780000 0.312500 0.023000 0.022000
0 0.547500 0.475000 0.027000 0.025000
0 0.435500 0.457500 0.016000 0.014000
0 0.498000 0.469500 0.027000 0.032000
0 0.579000 0.312500 0.029000 0.026000
0 0.631500 0.488500 0.012000 0.011000
0 0.827500 0.354000 0.021000 0.022000
0 0.874000 0.430500 0.025000 0.021000
0 0.706000 0.461000 0.018000 0.018000
0 0.581000 0.468500 0.027000 0.029000
0 0.594000 0.378500 0.024000 0.020000
0 0.737500 0.619500 0.012000 0.012000
0 0.765500 0.423000 0.013000 0.014000
0 0.334500 0.640000 0.031000 0.024000
0 0.732500 0.151000 0.016000 0.018000
0 0.865500 0.668500 0.014000 0.010000
0 0.472500 0.640000 0.016000 0.016000
0 0.445500 0.520000 0.022000 0.022000
0 0.495000 0.634000 0.019000 0.019000
0 0.729000 0.516500 0.023000 0.017000
0 0.360000 0.570000 0.028000 0.024000
0 0.569000 0.500500 0.019000 0.023000
0 0.325000 0.448500 0.021000 0.025000
0 0.626000 0.541000 0.014000 0.016000
0 0.492750 0.449000 0.014500 0.012000
0 0.219000 0.642500 0.027000 0.031000
0 0.427000 0.197500 0.016000 0.017000
0 0.677500 0.447000 0.021000 0.026000
0 0.236500 0.668000 0.015000 0.022000
0 0.209500 0.381500 0.016000 0.019000
0 0.134000 0.606000 0.024000 0.018000
0 0.560500 0.504000 0.026000 0.027000
0 0.659000 0.399500 0.022000 0.024000
0 0.484000 0.518000 0.020000 0.022000
0 0.838500 0.719500 0.023000 0.015000
0 0.493000 0.183000 0.021000 0.024000
0 0.909500 0.505000 0.019000 0.025000
0 0.627000 0.290000 0.018000 0.018000
0 0.558000 0.438500 0.031000 0.020000
0 0.654000 0.505000 0.036000 0.035000
0 0.371000 0.704000 0.014000 0.011000
0 0.262000 0.432500 0.031000 0.034000
0 0.422500 0.520000 0.018000 0.023000
0 0.290000 0.333500 0.019000 0.019000
0 0.489000 0.496500 0.024000 0.025000
0 0.165000 0.397500 0.015000 0.013000
0 0.404000 0.619000 0.015000 0.013000
0 0.385500 0.420000 0.016000 0.013000
0 0.818500 0.297500 0.009000 0.009000
0 0.520000 0.577000 0.019000 0.027000
0 0.589000 0.617500 0.020000 0.018000
0 0.285000 0.681000 0.008000 0.009000
0 0.499500 0.504500 0.021000 0.022000
0 0.307000 0.212000 0.015000 0.013000
0 0.517500 0.536500 0.014000 0.019000
0 0.610000 0.667000 0.015000 0.021000
0 0.338000 0.686500 0.019000 0.020000
0 0.164500 0.355500 0.016000 0.013000
0 0.485500 0.500500 0.030000 0.031000
0 0.395000 0.635500 0.024000 0.025000
0 0.398000 0.424000 0.021000 0.022000
0 0.327500 0.501000 0.014000 0.013000
0 0.208500 0.568500 0.020000 0.024000
0 0.498500 0.812500 0.027000 0.023000
0 0.279500 0.211500 0.020000 0.020000
0 0.580500 0.755500 0.015000 0.017000
0 0.703500 0.810500 0.020000 0.020000
0 0.462500 0.610500 0.015000 0.013000
0 0.642000 0.505000 0.018000 0.020000
0 0.791000 0.409500 0.033000 0.030000
0 0.699500 0.571000 0.025000 0.022000
0 0.404000 0.527500 0.018000 0.017000
0 0.405000 0.333500 0.013000 0.013000
0 0.472000 0.531000 0.015000 0.016000
0 0.634000 0.176500 0.022000 0.018000
0 0.534500 0.552500 0.012000 0.012000
0 0.541500 0.277500 0.012000 0.012000
0 0.492000 0.493000 0.018000 0.017000
0 0.524500 0.454000 0.017000 0.020000
0 0.350000 0.527500 0.013000 0.015000
0 0.502500 0.177500 0.016000 0.016000
0 0.460000 0.502500 0.028000 0.024000
0 0.408500 0.657000 0.016000 0.014000
0 0.735000 0.200000 0.012000 0.015000
0 0.507750 0.519000 0.023500 0.016000
0 0.548000 0.520000 0.029000 0.027000
0 0.252500 0.225500 0.011000 0.012000
0 0.575000 0.381500 0.024000 0.020000
0 0.422000 0.095000 0.015000 0.015000
0 0.518000 0.218500 0.020000 0.017000
0 0.139000 0.395500 0.015000 0.017000
0 0.540000 0.564500 0.017000 0.020000
0 0.485500 0.251000 0.019000 0.013000
0 0.806500 0.650500 0.024000 0.024000
0 0.623000 0.621500 0.030000 0.027000
0 0.464000 0.625000 0.015000 0.019000
0 0.310000 0.331500 0.020000 0.022000
0 0.443500 0.483000 0.019000 0.013000
0 0.198500 0.591000 0.020000 0.020000
0 0.356500 0.217000 0.018000 0.019000
0 0.766000 0.783500 0.016000 0.016000
0 0.496500 0.525500 0.014000 0.020000
0 0.814000 0.429500 0.034000 0.020000
0 0.351500 0.503000 0.027000 0.031000
0 0.535000 0.790000 0.028000 0.023000
0 0.829500 0.633500 0.014000 0.017000
0 0.221000 0.738000 0.018000 0.019000
0 0.756000 0.554000 0.014000 0.012000
0 0.358500 0.816000 0.015000 0.016000
0 0.655500 0.497000 0.018000 0.019000
0 0.576000 0.769500 0.020000 0.020000
0 0.112000 0.526000 0.027000 0.023000
0 0.528500 0.741000 0.011000 0.014000
0 0.550500 0.595500 0.017000 0.016000
0 0.415500 0.803000 0.019000 0.019000
0 0.468500 0.383500 0.025000 0.021000
0 0.742500 0.461500 0.026000 0.021000
0 0.524500 0.526500 0.021000 0.025000
0 0.479000 0.491000 0.016000 0.011000
0 0.338000 0.510500 0.011000 0.012000
0 0.604500 0.692000 0.013000 0.016000
0 0.325500 0.529000 0.020000 0.020000
0 0.187500 0.345500 0.018000 0.018000
0 0.516500 0.441500 0.025000 0.019000
0 0.563000 0.594500 0.015000 0.020000
0 0.516000 0.469000 0.016000 0.018000
0 0.754250 0.570500 0.023500 0.016000
0 0.561500 0.569500 0.015000 0.019000
0 0.388500 0.613000 0.022000 0.024000
0 0.460500 0.454000 0.024000 0.023000
0 0.672000 0.506000 0.010000 0.014000
0 0.096000 0.426000 0.015000 0.012000
0 0.478000 0.883500 0.014000 0.014000
0 0.464500 0.578000 0.012000 0.011000
0 0.500000 0.512500 0.020000 0.022000
0 0.437500 0.468500 0.012000 0.015000
0 0.754000 0.623000 0.023000 0.026000
0 0.743000 0.184000 0.011000 0.012000
0 0.503500 0.505000 0.033000 0.021000
0 0.415500 0.474000 0.021000 0.028000
0 0.277500 0.830500 0.025000 0.019000
0 0.602500 0.418500 0.019000 0.016000
0 0.478500 0.503500 0.029000 0.029000
0 0.857500 0.505500 0.030000 0.028000
0 0.284000 0.648500 0.013000 0.014000
0 0.281500 0.381500 0.018000 0.017000
0 0.673000 0.126500 0.018000 0.017000
0 0.416000 0.575000 0.017000 0.014000
0 0.490000 0.356000 0.023000 0.019000
0 0.591000 0.306500 0.015000 0.010000
0 0.628500 0.430000 0.021000 0.019000
0 0.477500 0.456500 0.016000 0.012000
0 0.877500 0.558500 0.025000 0.028000
0 0.704500 0.337000 0.013000 0.016000
0 0.205000 0.418500 0.018000 0.014000
0 0.644000 0.380000 0.022000 0.020000
0 0.465000 0.210500 0.027000 0.027000
0 0.406500 0.427750 0.018000 0.026500
0 0.671000 0.175000 0.024000 0.021000
0 0.412000 0.328000 0.014000 0.013000
0 0.604000 0.737500 0.021000 0.018000
0 0.633500 0.781500 0.027000 0.025000
0 0.461000 0.482500 0.017000 0.022000
0 0.545000 0.287500 0.026000 0.025000
0 0.506000 0.551500 0.029000 0.031000
0 0.670000 0.704500 0.022000 0.022000
0 0.337500 0.541500 0.021000 0.028000
0 0.564500 0.583500 0.016000 0.020000
0 0.713000 0.265000 0.011000 0.014000
0 0.736500 0.293500 0.029000 0.024000
0 0.486500 0.765000 0.030000 0.030000
0 0.828000 0.604000 0.023000 0.025000
0 0.348000 0.640500 0.012000 0.009000
0 0.472500 0.267500 0.019000 0.013000
0 0.362000 0.228500 0.020000 0.019000
0 0.317500 0.467500 0.024000 0.023000
0 0.265500 0.546000 0.018000 0.021000
0 0.343500 0.422000 0.011000 0.014000
0 0.867500 0.660500 0.023000 0.029000
0 0.586500 0.274500 0.016000 0.018000
0 0.775500 0.336000 0.014000 0.012000
0 0.540500 0.408000 0.023000 0.018000
0 0.426000 0.439000 0.030000 0.028000
0 0.497000 0.569000 0.015000 0.015000
0 0.485000 0.700500 0.021000 0.021000
0 0.703500 0.716500 0.012000 0.011000
0 0.284500 0.436000 0.021000 0.019000
0 0.465000 0.440500 0.031000 0.023000
0 0.273000 0.638000 0.019000 0.023000
0 0.910500 0.481500 0.015000 0.016000
0 0.522000 0.345000 0.009000 0.015000
0 0.672000 0.397000 0.024000 0.023000
0 0.438500 0.104500 0.018000 0.021000
0 0.668500 0.308500 0.029000 0.026000
0 0.592500 0.520000 0.024000 0.023000
0 0.721500 0.665500 0.021000 0.016000
0 0.562500 0.726000 0.029000 0.033000
0 0.896000 0.527500 0.030000 0.031000
0 0.354500 0.468000 0.029000 0.022000
0 0.381500 0.622000 0.019000 0.023000
0 0.516000 0.460500 0.015000 0.015000
0 0.696500 0.412000 0.027000 0.027000
0 0.323500 0.590000 0.028000 0.023000
0 0.501000 0.607000 0.015000 0.019000
0 0.786500 0.610500 0.022000 0.022000
0 0.318500 0.193500 0.015000 0.020000
0 0.641000 0.570000 0.016000 0.011000
0 0.879500 0.516000 0.022000 0.022000
0 0.650500 0.491000 0.036000 0.036000
0 0.582000 0.609000 0.010000 0.014000
0 0.886500 0.609500 0.019000 0.015000
0 0.759500 0.303500 0.017000 0.030000
0 0.669000 0.430000 0.027000 0.024000
0 0.837500 0.342500 0.013000 0.014000
0 0.594500 0.548000 0.035000 0.019000
0 0.448500 0.427500 0.025000 0.025000
0 0.888000 0.386500 0.028000 0.028000
0 0.294000 0.761500 0.019000 0.020000
0 0.393500 0.714500 0.018000 0.022000
0 0.807500 0.701500 0.020000 0.025000
0 0.758000 0.690000 0.016000 0.015000
0 0.507500 0.587500 0.014000 0.014000
0 0.772000 0.348000 0.020000 0.024000
0 0.278500 0.155000 0.020000 0.021000
0 0.415000 0.848000 0.012000 0.011000
0 0.439000 0.792000 0.015000 0.014000
0 0.663000 0.599500 0.012000 0.012000
0 0.668500 0.420500 0.028000 0.023000
0 0.482500 0.630000 0.022000 0.019000
0 0.834000 0.541000 0.011000 0.011000
0 0.463000 0.429750 0.016000 0.023500
0 0.631000 0.496000 0.023000 0.023000
0 0.572000 0.253000 0.027000 0.028000
0 0.478000 0.330000 0.011000 0.012000
0 0.563500 0.520500 0.012000 0.013000
0 0.227000 0.259000 0.017000 0.024000
0 0.562500 0.882500 0.034000 0.035000
0 0.434000 0.375000 0.014000 0.014000
0 0.730500 0.786500 0.024000 0.021000
0 0.635000 0.466500 0.021000 0.020000
0 0.541500 0.632500 0.014000 0.016000
0 0.474000 0.484250 0.008000 0.011500
0 0.879000 0.469000 0.011000 0.011000
0 0.642500 0.493000 0.021000 0.025000
0 0.424000 0.591500 0.018000 0.017000
0 0.359000 0.505500 0.015000 0.014000
0 0.152000 0.627000 0.024000 0.025000
0 0.166000 0.292000 0.025000 0.031000
0 0.390000 0.517500 0.018000 0.013000
0 0.392500 0.617000 0.032000 0.030000
0 0.153000 0.533000 0.019000 0.016000
0 0.391500 0.302000 0.028000 0.028000
0 0.881500 0.414000 0.019000 0.019000
0 0.509500 0.487500 0.016000 0.015000
0 0.369500 0.683500 0.018000 0.018000
0 0.245500 0.288000 0.020000 0.020000
0 0.479500 0.720000 0.018000 0.017000
0 0.632500 0.674000 0.023000 0.021000
0 0.696500 0.148500 0.010000 0.013000
0 0.763500 0.743000 0.021000 0.018000
0 0.317000 0.810000 0.013000 0.014000
0 0.829000 0.593000 0.023000 0.022000
0 0.351000 0.178500 0.015000 0.013000
0 0.413000 0.858000 0.020000 0.025000
0 0.353500 0.684000 0.026000 0.020000
0 0.629000 0.260000 0.026000 0.027000
0 0.401000 0.677500 0.029000 0.018000
0 0.438500 0.187000 0.014000 0.010000
0 0.454000 0.783500 0.012000 0.013000
0 0.634000 0.751000 0.009000 0.009000
0 0.218500 0.605000 0.026000 0.018000
0 0.749500 0.721500 0.029000 0.028000
0 0.425500 0.623500 0.025000 0.025000
0 0.242500 0.770000 0.016000 0.017000
0 0.624500 0.188500 0.021000 0.023000
0 0.435000 0.549500 0.022000 0.021000
0 0.594000 0.409000 0.028000 0.025000
0 0.444500 0.370000 0.017000 0.015000
0 0.366500 0.624000 0.025000 0.023000
0 0.739500 0.756000 0.016000 0.019000
0 0.771500 0.272500 0.015000 0.013000
0 0.687500 0.584500 0.020000 0.016000
0 0.327500 0.302000 0.020000 0.018000
0 0.220000 0.334000 0.029000 0.028000
0 0.340000 0.623000 0.014000 0.014000
0 0.258000 0.495500 0.019000 0.021000
0 0.316000 0.790500 0.017000 0.025000
0 0.908500 0.578000 0.015000 0.022000
0 0.134500 0.541500 0.018000 0.020000
0 0.403000 0.538000 0.017000 0.019000
0 0.536000 0.321500 0.016000 0.015000
0 0.408000 0.437000 0.026000 0.024000
0 0.530000 0.083000 0.028000 0.030000
0 0.719500 0.845500 0.016000 0.014000
0 0.605000 0.322500 0.019000 0.021000
0 0.566500 0.223000 0.033000 0.031000
0 0.564250 0.415500 0.023500 0.022000
0 0.858500 0.648000 0.018000 0.019000
0 0.473000 0.542000 0.019000 0.022000
0 0.486000 0.487500 0.019000 0.013000
0 0.501000 0.560750 0.010000 0.014500
0 0.810500 0.554000 0.026000 0.026000
0 0.498500 0.482500 0.018000 0.015000
0 0.395500 0.314000 0.024000 0.030000
0 0.741000 0.277500 0.017000 0.018000
0 0.264000 0.358000 0.035000 0.035000
0 0.687500 0.479000 0.017000 0.018000
0 0.610500 0.270500 0.017000 0.017000
0 0.205000 0.635500 0.015000 0.016000
0 0.649500 0.164000 0.011000 0.013000
0 0.804000 0.671000 0.012000 0.013000
0 0.231000 0.522000 0.020000 0.022000
0 0.738500 0.654500 0.020000 0.021000
0 0.450500 0.529500 0.028000 0.019000
0 0.709000 0.558500 0.025000 0.021000
0 0.468500 0.448000 0.015000 0.018000
0 0.288500 0.259500 0.022000 0.028000
0 0.837500 0.377500 0.018000 0.021000
0 0.678000 0.392000 0.017000 0.018000
0 0.749500 0.334500 0.026000 0.024000
0 0.755500 0.604500 0.024000 0.030000