0 0.600500 0.563000 0.014000 0.015000
0 0.202000 0.266500 0.016000 0.016000
0 0.390000 0.789500 0.013000 0.014000
0 0.520750 0.340500 0.011500 0.011000
0 0.192500 0.535000 0.017000 0.018000
0 0.382500 0.585000 0.025000 0.026000
0 0.500500 0.499500 0.014000 0.015000
0 0.448500 0.702500 0.011000 0.014000
0 0.338000 0.113500 0.021000 0.027000
0 0.650000 0.290500 0.019000 0.021000
0 0.852500 0.673000 0.014000 0.018000
0 0.586000 0.775500 0.018000 0.017000
0 0.651000 0.323500 0.023000 0.023000
0 0.766500 0.415500 0.020000 0.018000
0 0.326000 0.586500 0.028000 0.019000
0 0.400500 0.619000 0.026000 0.023000
0 0.864000 0.344000 0.022000 0.024000
0 0.317500 0.384500 0.013000 0.013000
0 0.430000 0.491500 0.020000 0.019000
0 0.214500 0.525000 0.024000 0.027000
0 0.685500 0.509000 0.021000 0.022000
0 0.560500 0.384500 0.026000 0.019000
0 0.568500 0.253000 0.012000 0.017000
0 0.416000 0.743000 0.014000 0.016000
0 0.697500 0.433000 0.023000 0.021000
0 0.242500 0.718000 0.015000 0.020000
0 0.506000 0.745500 0.020000 0.029000
0 0.151000 0.341000 0.018000 0.018000
0 0.423000 0.479000 0.015000 0.016000
0 0.373500 0.839500 0.020000 0.018000
0 0.625000 0.495000 0.024000 0.017000
0 0.574500 0.727000 0.021000 0.023000
0 0.655500 0.300000 0.013000 0.013000
0 0.153500 0.511500 0.012000 0.015000
0 0.849000 0.597000 0.019000 0.019000
0 0.384000 0.706500 0.011000 0.011000
0 0.532500 0.748000 0.021000 0.021000
0 0.503000 0.581500 0.017000 0.014000
0 0.728500 0.694500 0.014000 0.016000
0 0.580500 0.127000 0.026000 0.028000
0 0.654000 0.642500 0.022000 0.018000
0 0.409000 0.490000 0.031000 0.026000
0 0.345000 0.653000 0.033000 0.029000
0 0.695000 0.721500 0.021000 0.018000
0 0.196500 0.628500 0.016000 0.017000
0 0.491000 0.500000 0.012000 0.012000
0 0.577500 0.465000 0.010000 0.010000
0 0.487000 0.720000 0.015000 0.014000
0 0.175500 0.695000 0.027000 0.028000
0 0.466500 0.631500 0.018000 0.027000
0 0.607500 0.313500 0.015000 0.018000
0 0.547000 0.638500 0.022000 0.019000
0 0.368000 0.526500 0.021000 0.019000
0 0.488500 0.739000 0.019000 0.017000
0 0.429500 0.502000 0.020000 0.016000
0 0.485500 0.337000 0.013000 0.015000
0 0.521500 0.531000 0.032000 0.021000
0 0.495000 0.560000 0.021000 0.030000
0 0.465000 0.739500 0.022000 0.023000
0 0.377500 0.307500 0.026000 0.025000
0 0.510500 0.479000 0.021000 0.022000
0 0.216500 0.279000 0.026000 0.022000
0 0.730000 0.406000 0.011000 0.014000
0 0.560000 0.352500 0.022000 0.020000
0 0.686500 0.303500 0.021000 0.014000
0 0.547000 0.506500 0.025000 0.024000
0 0.852000 0.622000 0.013000 0.016000
0 0.701000 0.227500 0.017000 0.018000
0 0.529000 0.488500 0.018000 0.022000
0 0.689000 0.760000 0.017000 0.017000
0 0.577000 0.339000 0.021000 0.022000
0 0.652500 0.798500 0.024000 0.018000
0 0.473500 0.441500 0.011000 0.013000
0 0.494500 0.795000 0.023000 0.024000
0 0.810000 0.702500 0.021000 0.022000
0 0.607250 0.651000 0.017500 0.012000
0 0.596500 0.453000 0.012000 0.013000
0 0.589500 0.714500 0.014000 0.015000
0 0.515000 0.487500 0.027000 0.027000
0 0.312500 0.821500 0.016000 0.017000
0 0.615500 0.426500 0.014000 0.015000
0 0.510000 0.594000 0.019000 0.017000
0 0.111500 0.385500 0.026000 0.020000
0 0.451500 0.470500 0.015000 0.021000
0 0.455500 0.342000 0.016000 0.016000
0 0.483000 0.551000 0.017000 0.022000
0 0.629500 0.520500 0.018000 0.016000
0 0.517000 0.618500 0.022000 0.025000
0 0.453000 0.436500 0.024000 0.026000
0 0.508500 0.449500 0.031000 0.031000
0 0.558000 0.469000 0.029000 0.027000
0 0.278500 0.732500 0.029000 0.034000
0 0.523000 0.656000 0.020000 0.020000
0 0.633500 0.117500 0.011000 0.009000
0 0.754000 0.531000 0.029000 0.018000
0 0.789500 0.276000 0.031000 0.034000
0 0.389000 0.731000 0.019000 0.017000
0 0.259000 0.530000 0.018000 0.020000
0 0.537500 0.661000 0.020000 0.019000
0 0.414000 0.589500 0.025000 0.029000
0 0.664000 0.580000 0.024000 0.031000
0 0.822000 0.590000 0.024000 0.028000
0 0.836000 0.541500 0.028000 0.028000
0 0.904500 0.565000 0.033000 0.023000
0 0.710500 0.181000 0.015000 0.012000
0 0.521000 0.803000 0.024000 0.018000
0 0.706500 0.632500 0.030000 0.031000
0 0.283500 0.229500 0.016000 0.015000
0 0.156000 0.494000 0.028000 0.020000
0 0.839500 0.457000 0.012000 0.012000
0 0.602500 0.435000 0.022000 0.027000
0 0.443500 0.512000 0.023000 0.023000
0 0.794500 0.634000 0.026000 0.024000
0 0.670500 0.849000 0.015000 0.016000
0 0.402000 0.295500 0.021000 0.018000
0 0.205500 0.701500 0.012000 0.012000
0 0.772000 0.567000 0.016000 0.016000
0 0.769000 0.503500 0.029000 0.027000
0 0.346500 0.499500 0.022000 0.021000
0 0.432500 0.851500 0.010000 0.016000
0 0.400000 0.460000 0.018000 0.017000
0 0.344500 0.286500 0.018000 0.020000
0 0.749500 0.818000 0.035000 0.026000
0 0.585000 0.583500 0.025000 0.022000
0 0.173500 0.672500 0.021000 0.019000
0 0.771500 0.430500 0.023000 0.021000
0 0.509000 0.572000 0.025000 0.027000
0 0.579500 0.120500 0.018000 0.016000
0 0.466000 0.523500 0.026000 0.031000
0 0.353000 0.557500 0.015000 0.020000
0 0.521000 0.471000 0.019000 0.018000
0 0.439500 0.685500 0.019000 0.020000
0 0.564000 0.231500 0.013000 0.014000
0 0.598500 0.803000 0.017000 0.013000
0 0.532500 0.461000 0.019000 0.031000
0 0.394500 0.564000 0.021000 0.021000
0 0.454000 0.503000 0.020000 0.019000
0 0.260000 0.604500 0.015000 0.015000
0 0.881000 0.431000 0.011000 0.010000
0 0.294000 0.470000 0.008000 0.009000
0 0.681000 0.347000 0.013000 0.010000
0 0.521500 0.561000 0.017000 0.022000
0 0.349000 0.428000 0.021000 0.020000
0 0.478000 0.506500 0.013000 0.012000
0 0.256500 0.313000 0.014000 0.015000
0 0.648000 0.156000 0.019000 0.013000
0 0.255500 0.687000 0.026000 0.024000
0 0.458000 0.766500 0.031000 0.028000
0 0.830500 0.500500 0.012000 0.016000
0 0.563500 0.212000 0.022000 0.022000
0 0.829000 0.610500 0.015000 0.012000
0 0.674500 0.672500 0.025000 0.028000
0 0.841500 0.372000 0.022000 0.019000
0 0.580500 0.513500 0.027000 0.025000
0 0.417500 0.514500 0.016000 0.016000
0 0.448000 0.154000 0.030000 0.024000
0 0.550500 0.540000 0.023000 0.023000
0 0.838000 0.717000 0.025000 0.024000
0 0.670500 0.555500 0.013000 0.014000
0 0.756500 0.364500 0.024000 0.017000
0 0.601500 0.548000 0.024000 0.025000
0 0.506000 0.616500 0.017000 0.015000
0 0.535000 0.409000 0.033000 0.032000
0 0.604500 0.771000 0.016000 0.012000
0 0.437500 0.471500 0.011000 0.012000
0 0.300500 0.335500 0.026000 0.025000
0 0.358500 0.154000 0.013000 0.013000
0 0.285000 0.477000 0.010000 0.009000
0 0.468500 0.537500 0.021000 0.028000
0 0.511500 0.510500 0.034000 0.028000
0 0.503500 0.395000 0.021000 0.020000
0 0.809000 0.712000 0.022000 0.022000
0 0.257500 0.170000 0.018000 0.024000
0 0.899000 0.506000 0.010000 0.015000
0 0.890000 0.436000 0.020000 0.018000
0 0.137500 0.464500 0.031000 0.033000
0 0.144000 0.652500 0.024000 0.024000
0 0.402000 0.473500 0.022000 0.022000
0 0.702500 0.476500 0.024000 0.023000
0 0.443000 0.310000 0.015000 0.023000
0 0.312000 0.515000 0.028000 0.022000
0 0.135000 0.695500 0.010000 0.009000
0 0.765500 0.637500 0.022000 0.018000
0 0.117500 0.535500 0.023000 0.027000
0 0.741000 0.432000 0.017000 0.015000
0 0.718000 0.316500 0.018000 0.019000
0 0.583500 0.508000 0.013000 0.016000
0 0.538000 0.513000 0.019000 0.017000
0 0.709000 0.201000 0.021000 0.021000
0 0.309500 0.184000 0.023000 0.020000
0 0.726500 0.782000 0.023000 0.021000
0 0.464000 0.575500 0.028000 0.023000
0 0.565500 0.816000 0.022000 0.022000
0 0.555500 0.489500 0.022000 0.015000
0 0.403000 0.539000 0.029000 0.027000
0 0.536500 0.772500 0.013000 0.012000
0 0.410000 0.559500 0.016000 0.015000
0 0.630500 0.438000 0.015000 0.026000
0 0.600000 0.686500 0.019000 0.020000
0 0.755500 0.234000 0.025000 0.025000
0 0.679500 0.414000 0.023000 0.021000
0 0.513000 0.598500 0.030000 0.029000
0 0.426500 0.187500 0.021000 0.027000
0 0.825000 0.256500 0.016000 0.012000
0 0.455000 0.466500 0.030000 0.030000
0 0.251000 0.339750 0.020000 0.023500
0 0.117000 0.486500 0.015000 0.016000
0 0.845000 0.326000 0.023000 0.020000
0 0.338500 0.436000 0.028000 0.025000
0 0.458000 0.772000 0.015000 0.014000
0 0.653000 0.494000 0.020000 0.025000
0 0.621500 0.652500 0.024000 0.021000
0 0.255500 0.663000 0.017000 0.019000
0 0.390000 0.569500 0.016000 0.015000
0 0.527000 0.742500 0.018000 0.017000
0 0.649000 0.366500 0.026000 0.021000
0 0.690000 0.227500 0.015000 0.012000
0 0.621000 0.509000 0.015000 0.010000
0 0.224500 0.332500 0.027000 0.023000
0 0.745500 0.423000 0.024000 0.019000
0 0.472000 0.155000 0.021000 0.021000
0 0.414500 0.356000 0.021000 0.020000
0 0.473500 0.581000 0.022000 0.020000
0 0.499000 0.531000 0.029000 0.021000
0 0.569500 0.858000 0.020000 0.022000
0 0.493000 0.180000 0.016000 0.016000
0 0.552500 0.607500 0.023000 0.029000
0 0.460000 0.486500 0.028000 0.029000
0 0.477500 0.474000 0.026000 0.026000
0 0.187500 0.656500 0.014000 0.014000
0 0.750500 0.579000 0.017000 0.011000
0 0.367000 0.868500 0.030000 0.021000
0 0.292000 0.259000 0.025000 0.026000
0 0.335000 0.375500 0.022000 0.022000
0 0.678000 0.403500 0.020000 0.017000
0 0.566500 0.548000 0.013000 0.010000
0 0.447000 0.594000 0.010000 0.011000
0 0.852000 0.603500 0.013000 0.010000
0 0.685000 0.704000 0.019000 0.020000
0 0.368000 0.124500 0.031000 0.032000
0 0.523000 0.553500 0.020000 0.021000
0 0.265500 0.842000 0.020000 0.033000
0 0.446000 0.478000 0.013000 0.016000
0 0.595000 0.469500 0.012000 0.012000
0 0.401500 0.197000 0.025000 0.028000
0 0.496500 0.440000 0.025000 0.024000
0 0.699500 0.468000 0.016000 0.018000
0 0.431000 0.121500 0.009000 0.013000
0 0.408000 0.258500 0.029000 0.030000
0 0.410500 0.308500 0.010000 0.013000
0 0.586000 0.681000 0.013000 0.011000
0 0.460500 0.544000 0.018000 0.023000
0 0.448000 0.873500 0.015000 0.018000
0 0.874000 0.579000 0.009000 0.008000
0 0.223500 0.377000 0.019000 0.020000
0 0.863000 0.483000 0.033000 0.033000
0 0.614500 0.605500 0.015000 0.011000
0 0.603000 0.281500 0.011000 0.014000
0 0.422500 0.453000 0.014000 0.018000
0 0.333500 0.427000 0.013000 0.014000
0 0.549500 0.482500 0.024000 0.021000
0 0.510500 0.535000 0.022000 0.021000
0 0.732500 0.504500 0.013000 0.014000
0 0.873500 0.597000 0.027000 0.027000
0 0.419000 0.583250 0.012000 0.017500
0 0.544500 0.382500 0.015000 0.011000
0 0.664000 0.327500 0.015000 0.014000
0 0.495500 0.488500 0.015000 0.018000
0 0.632500 0.548500 0.013000 0.012000
0 0.443500 0.805500 0.020000 0.026000
0 0.822000 0.641500 0.016000 0.017000
0 0.294500 0.159250 0.011000 0.011500
0 0.432500 0.833500 0.017000 0.016000
0 0.367000 0.471500 0.015000 0.022000
0 0.681500 0.602000 0.032000 0.029000
0 0.338500 0.484000 0.013000 0.014000
0 0.474500 0.573000 0.017000 0.016000
0 0.360500 0.630500 0.027000 0.029000
0 0.817000 0.293000 0.014000 0.012000
0 0.560000 0.377000 0.012000 0.015000
0 0.636000 0.552000 0.025000 0.026000
0 0.484000 0.460500 0.016000 0.017000
0 0.574500 0.334000 0.033000 0.032000
0 0.438000 0.099500 0.027000 0.017000
0 0.512500 0.521000 0.020000 0.023000
0 0.492500 0.536500 0.016000 0.017000
0 0.819500 0.597750 0.010000 0.014500
0 0.432000 0.599000 0.025000 0.028000
0 0.728000 0.531500 0.027000 0.025000
0 0.203000 0.277500 0.017000 0.019000
0 0.671000 0.812000 0.022000 0.020000
0 0.339000 0.550500 0.015000 0.018000
0 0.546000 0.495000 0.013000 0.017000
0 0.562000 0.456000 0.028000 0.029000
0 0.619000 0.343000 0.011000 0.012000
0 0.918000 0.523000 0.021000 0.026000
0 0.662500 0.547500 0.014000 0.021000
0 0.332500 0.317000 0.022000 0.020000
0 0.265500 0.327000 0.017000 0.019000
0 0.816000 0.717000 0.011000 0.008000
0 0.437000 0.524000 0.014000 0.017000
0 0.531000 0.472500 0.029000 0.030000
0 0.390000 0.449500 0.025000 0.023000
0 0.136500 0.371000 0.019000 0.019000
0 0.548000 0.694500 0.016000 0.018000
0 0.377500 0.201500 0.014000 0.012000
0 0.611000 0.442000 0.030000 0.027000
0 0.277000 0.666500 0.016000 0.022000
0 0.737500 0.213000 0.022000 0.017000
0 0.603000 0.612000 0.020000 0.018000
0 0.593000 0.543000 0.023000 0.021000
0 0.601000 0.234000 0.010000 0.009000
0 0.547000 0.129500 0.020000 0.019000
0 0.513000 0.211500 0.023000 0.027000
0 0.507000 0.485500 0.023000 0.025000
0 0.621500 0.368500 0.019000 0.020000
0 0.157000 0.397500 0.022000 0.021000
0 0.724000 0.206000 0.017000 0.018000
0 0.568000 0.779500 0.016000 0.013000
0 0.539500 0.468000 0.009000 0.013000
0 0.461000 0.585500 0.016000 0.012000
0 0.139500 0.409000 0.009000 0.008000
0 0.892500 0.533000 0.019000 0.019000
0 0.376500 0.289500 0.016000 0.015000
0 0.814500 0.309500 0.014000 0.014000
0 0.632500 0.252500 0.013000 0.013000
0 0.612000 0.146500 0.032000 0.019000
0 0.382500 0.193000 0.028000 0.029000
0 0.561500 0.861000 0.019000 0.018000
0 0.464500 0.380500 0.017000 0.017000
0 0.642000 0.816000 0.014000 0.017000
0 0.505500 0.494000 0.013000 0.017000
0 0.859500 0.538500 0.014000 0.013000
0 0.564500 0.448000 0.022000 0.022000
0 0.478500 0.674000 0.028000 0.029000
0 0.515500 0.105000 0.013000 0.013000
0 0.650500 0.143000 0.022000 0.018000
0 0.618000 0.487500 0.017000 0.024000
0 0.787500 0.498000 0.019000 0.025000
0 0.459000 0.186000 0.012000 0.017000
0 0.294000 0.446000 0.014000 0.013000
0 0.600500 0.426500 0.015000 0.015000
0 0.620500 0.527000 0.011000 0.011000
0 0.344500 0.413000 0.020000 0.022000
0 0.480500 0.326000 0.029000 0.028000
0 0.589500 0.443000 0.028000 0.028000
0 0.341500 0.601500 0.026000 0.025000
0 0.502000 0.510500 0.020000 0.024000
0 0.548000 0.325500 0.029000 0.018000
0 0.530500 0.398750 0.012000 0.017500
0 0.415000 0.207500 0.013000 0.014000
0 0.625000 0.327500 0.027000 0.024000
0 0.816000 0.511500 0.017000 0.017000
0 0.498000 0.461500 0.026000 0.021000
0 0.700000 0.396000 0.026000 0.021000
0 0.518500 0.499500 0.020000 0.021000
0 0.347750 0.461750 0.023500 0.023500
0 0.472500 0.132000 0.018000 0.016000
0 0.363500 0.486000 0.020000 0.020000
0 0.255000 0.694500 0.019000 0.021000
0 0.609500 0.712000 0.031000 0.032000
0 0.466000 0.463500 0.030000 0.028000
0 0.355000 0.741500 0.016000 0.017000
0 0.452000 0.612000 0.028000 0.026000
0 0.633250 0.278000 0.020500 0.016000
0 0.758500 0.475500 0.009000 0.010000
0 0.538500 0.605500 0.011000 0.013000
0 0.449000 0.636500 0.013000 0.013000
0 0.278000 0.525500 0.028000 0.025000
0 0.547500 0.122000 0.023000 0.028000
0 0.338000 0.700500 0.025000 0.025000
0 0.467500 0.659000 0.011000 0.012000
0 0.595500 0.607000 0.019000 0.018000
0 0.320000 0.614500 0.018000 0.016000
0 0.355500 0.380500 0.012000 0.013000
0 0.189500 0.687500 0.020000 0.018000
0 0.770500 0.794000 0.017000 0.022000
0 0.637500 0.829000 0.028000 0.021000
0 0.675250 0.474500 0.017500 0.014000
0 0.442000 0.490000 0.016000 0.015000
0 0.245500 0.691500 0.012000 0.015000
0 0.408500 0.429500 0.022000 0.025000
0 0.295500 0.594500 0.010000 0.011000
0 0.405750 0.321250 0.026500 0.026500
0 0.117500 0.490500 0.026000 0.030000
0 0.480000 0.357000 0.012000 0.016000
0 0.638000 0.230500 0.015000 0.014000
0 0.610000 0.587500 0.024000 0.024000
0 0.422000 0.815000 0.015000 0.016000
0 0.348000 0.406500 0.017000 0.021000
0 0.191500 0.271500 0.027000 0.019000
0 0.166500 0.346500 0.011000 0.010000
0 0.404500 0.648500 0.017000 0.020000
0 0.599000 0.890000 0.017000 0.020000
0 0.729500 0.228000 0.021000 0.022000
0 0.610000 0.691500 0.028000 0.028000
0 0.773500 0.520000 0.021000 0.021000
0 0.454000 0.367000 0.014000 0.016000
0 0.720000 0.196500 0.020000 0.024000
0 0.281000 0.557500 0.012000 0.013000
0 0.546500 0.536000 0.027000 0.027000
0 0.771500 0.457000 0.018000 0.012000
0 0.269000 0.241500 0.019000 0.026000
0 0.351500 0.448500 0.032000 0.032000
0 0.450000 0.720000 0.023000 0.023000
0 0.702000 0.856500 0.012000 0.016000
0 0.510000 0.540500 0.017000 0.017000
0 0.630000 0.878000 0.019000 0.020000
0 0.221500 0.585500 0.035000 0.027000
0 0.724000 0.737000 0.013000 0.014000
0 0.497500 0.893500 0.020000 0.020000
0 0.559500 0.221250 0.016000 0.023500
0 0.738500 0.579500 0.021000 0.024000
0 0.132000 0.613000 0.027000 0.027000
0 0.664500 0.770000 0.021000 0.024000
0 0.347500 0.606500 0.010000 0.010000
0 0.683500 0.435500 0.019000 0.013000
0 0.595500 0.443000 0.015000 0.018000
0 0.340000 0.195500 0.026000 0.021000
0 0.456000 0.448500 0.031000 0.030000
0 0.371500 0.624500 0.014000 0.014000
0 0.800500 0.254000 0.019000 0.014000
0 0.714500 0.146000 0.019000 0.021000
0 0.366500 0.563500 0.033000 0.029000
0 0.326000 0.725000 0.026000 0.020000
0 0.597000 0.642000 0.024000 0.023000
0 0.385500 0.684000 0.014000 0.016000
0 0.485500 0.476500 0.027000 0.023000
0 0.498500 0.403500 0.024000 0.019000
0 0.312000 0.645000 0.020000 0.017000
0 0.532500 0.319500 0.020000 0.020000
0 0.281500 0.492000 0.020000 0.023000
0 0.515500 0.273500 0.018000 0.024000
0 0.528000 0.516500 0.024000 0.027000
0 0.661000 0.277000 0.026000 0.022000
0 0.313000 0.569000 0.020000 0.023000
0 0.176500 0.247500 0.024000 0.019000
0 0.706500 0.733500 0.011000 0.014000
0 0.276500 0.672500 0.016000 0.018000
0 0.361000 0.455500 0.010000 0.019000
0 0.662500 0.672000 0.015000 0.015000
0 0.658000 0.527000 0.021000 0.019000
0 0.642500 0.715500 0.022000 0.022000
0 0.415500 0.639500 0.025000 0.028000
0 0.301000 0.274500 0.020000 0.028000
0 0.754000 0.598500 0.024000 0.024000
0 0.199000 0.781000 0.023000 0.020000
0 0.411000 0.405000 0.035000 0.029000
0 0.588500 0.636000 0.029000 0.024000
0 0.414500 0.346500 0.020000 0.021000
0 0.513000 0.395500 0.011000 0.009000
0 0.649000 0.757000 0.023000 0.023000
0 0.389000 0.174000 0.010000 0.010000
0 0.586000 0.367000 0.024000 0.026000
0 0.581000 0.446500 0.021000 0.020000
0 0.549500 0.101000 0.029000 0.025000
0 0.712500 0.488500 0.023000 0.025000
0 0.225500 0.594500 0.022000 0.023000
0 0.594000 0.520500 0.033000 0.024000
0 0.742500 0.200500 0.018000 0.017000
0 0.162500 0.615000 0.025000 0.026000
0 0.319000 0.435500 0.011000 0.013000
0 0.501000 0.599500 0.027000 0.025000
0 0.599500 0.117000 0.016000 0.021000
0 0.268000 0.569500 0.028000 0.028000
0 0.552000 0.373000 0.026000 0.031000
0 0.702000 0.827000 0.021000 0.026000
0 0.331500 0.848000 0.029000 0.023000
0 0.906000 0.588000 0.018000 0.018000
0 0.228000 0.399000 0.023000 0.025000
0 0.673000 0.679500 0.011000 0.011000
0 0.531500 0.567000 0.030000 0.028000
0 0.743000 0.798000 0.021000 0.022000
0 0.409000 0.503000 0.014000 0.014000
0 0.487000 0.494000 0.024000 0.021000
0 0.273500 0.563500 0.030000 0.030000
0 0.510500 0.499500 0.028000 0.021000
0 0.602500 0.391000 0.026000 0.020000
0 0.610000 0.506000 0.015000 0.019000
0 0.253000 0.552000 0.028000 0.023000
0 0.797500 0.780500 0.026000 0.027000
0 0.594500 0.834000 0.027000 0.028000
0 0.632000 0.655000 0.023000 0.021000
0 0.497500 0.625000 0.018000 0.017000
0 0.283000 0.584000 0.014000 0.014000
0 0.289000 0.503000 0.034000 0.031000
0 0.411500 0.794000 0.028000 0.027000
0 0.817000 0.244000 0.029000 0.027000
0 0.504000 0.519000 0.013000 0.013000
0 0.422250 0.541000 0.026500 0.024000
0 0.106500 0.613000 0.011000 0.011000
0 0.567500 0.383000 0.029000 0.031000
0 0.317000 0.588000 0.022000 0.024000
0 0.491500 0.778000 0.020000 0.016000
0 0.510500 0.546000 0.026000 0.025000
0 0.585000 0.559000 0.019000 0.026000
0 0.672000 0.220500 0.020000 0.020000
0 0.255500 0.407500 0.017000 0.018000
0 0.194000 0.493500 0.020000 0.020000
0 0.431000 0.466000 0.017000 0.025000
0 0.309000 0.602000 0.015000 0.015000
0 0.100000 0.586500 0.023000 0.023000
0 0.564000 0.529000 0.028000 0.020000
0 0.370000 0.500000 0.025000 0.023000
0 0.311000 0.846000 0.012000 0.017000
0 0.509500 0.438500 0.026000 0.026000
0 0.394500 0.621500 0.029000 0.035000
0 0.700500 0.364500 0.017000 0.017000
0 0.418000 0.612500 0.031000 0.030000
0 0.407500 0.192500 0.028000 0.021000
0 0.458000 0.528500 0.023000 0.024000
0 0.638000 0.772000 0.025000 0.024000
0 0.532500 0.496000 0.015000 0.022000
0 0.518000 0.472500 0.018000 0.023000
0 0.190500 0.755000 0.023000 0.025000
0 0.304500 0.410250 0.015000 0.017500
0 0.377000 0.680000 0.019000 0.023000
0 0.637500 0.241500 0.016000 0.018000
0 0.516500 0.753000 0.027000 0.034000
0 0.293250 0.647500 0.026500 0.018000
0 0.812000 0.255000 0.014000 0.011000
0 0.524500 0.678500 0.015000 0.012000
0 0.330000 0.859000 0.033000 0.029000
0 0.590000 0.485500 0.019000 0.012000
0 0.480500 0.479500 0.011000 0.010000
0 0.461000 0.667000 0.014000 0.014000
0 0.542000 0.499000 0.024000 0.020000
0 0.692500 0.402500 0.010000 0.009000
0 0.169000 0.477000 0.014000 0.015000
0 0.157000 0.361500 0.023000 0.023000
0 0.373500 0.429000 0.020000 0.013000
0 0.454500 0.455500 0.011000 0.009000
0 0.514500 0.646000 0.015000 0.015000
0 0.328000 0.698000 0.016000 0.013000
0 0.291500 0.746500 0.026000 0.024000
0 0.276000 0.484500 0.018000 0.017000
0 0.582000 0.498500 0.019000 0.027000
0 0.759000 0.346000 0.023000 0.022000
0 0.552500 0.557000 0.013000 0.015000
0 0.439000 0.808500 0.026000 0.024000
0 0.426000 0.655000 0.029000 0.023000
0 0.208000 0.466000 0.013000 0.011000
0 0.704000 0.657000 0.021000 0.019000
0 0.367500 0.360000 0.015000 0.020000
0 0.612750 0.458000 0.026500 0.018000
0 0.621000 0.546500 0.027000 0.028000
0 0.581500 0.316500 0.009000 0.013000
0 0.241500 0.754000 0.020000 0.020000
0 0.478500 0.275500 0.022000 0.035000
0 0.537500 0.386500 0.021000 0.021000
0 0.263000 0.513000 0.021000 0.022000
0 0.470500 0.221500 0.013000 0.012000
0 0.380000 0.619500 0.023000 0.026000
0 0.183500 0.602500 0.018000 0.015000
0 0.467500 0.547000 0.031000 0.026000
0 0.438500 0.539500 0.016000 0.014000
0 0.487750 0.601500 0.020500 0.014000
0 0.782000 0.351500 0.016000 0.020000
0 0.673500 0.510000 0.010000 0.009000
0 0.395000 0.754500 0.019000 0.018000
0 0.558000 0.547500 0.026000 0.027000
0 0.700000 0.733000 0.018000 0.017000
0 0.647000 0.495000 0.023000 0.032000
0 0.435000 0.503500 0.019000 0.021000
0 0.444000 0.193500 0.020000 0.024000
0 0.363500 0.212000 0.032000 0.032000
0 0.888000 0.445500 0.028000 0.021000
0 0.146000 0.500500 0.025000 0.028000
0 0.428000 0.734000 0.033000 0.034000
0 0.388500 0.222250 0.011000 0.014500
0 0.527500 0.667500 0.020000 0.018000
0 0.652000 0.506500 0.016000 0.026000
0 0.414000 0.435000 0.013000 0.013000
0 0.624000 0.621500 0.017000 0.017000
0 0.721000 0.301000 0.014000 0.017000
0 0.341000 0.365500 0.030000 0.023000
0 0.718000 0.212500 0.011000 0.013000
0 0.402000 0.586750 0.009000 0.011500
0 0.511500 0.096000 0.009000 0.018000
0 0.747000 0.753500 0.020000 0.017000
0 0.406000 0.737000 0.015000 0.013000
0 0.444000 0.291500 0.015000 0.013000
0 0.390000 0.300000 0.008000 0.015000
0 0.519000 0.496500 0.019000 0.015000
0 0.466000 0.206500 0.017000 0.018000
0 0.495000 0.770000 0.015000 0.015000
0 0.524500 0.509000 0.017000 0.012000
0 0.472500 0.479000 0.032000 0.031000
0 0.252000 0.305000 0.017000 0.016000
0 0.474000 0.756000 0.022000 0.025000
0 0.480000 0.538500 0.019000 0.015000
0 0.747500 0.364000 0.026000 0.025000
0 0.406000 0.521000 0.017000 0.017000
0 0.640500 0.636000 0.014000 0.016000
0 0.315500 0.162000 0.013000 0.019000
0 0.284000 0.596500 0.027000 0.030000
0 0.473750 0.405000 0.020500 0.020000
0 0.574000 0.580000 0.016000 0.023000
0 0.753000 0.674000 0.014000 0.015000
0 0.831000 0.714500 0.016000 0.016000
0 0.222000 0.650000 0.015000 0.013000
0 0.713000 0.643500 0.011000 0.012000
0 0.468500 0.364750 0.021000 0.029500
0 0.883000 0.514500 0.030000 0.031000
0 0.506000 0.551500 0.025000 0.019000
0 0.247000 0.705500 0.012000 0.015000
0 0.512500 0.251500 0.021000 0.020000
0 0.344000 0.328500 0.018000 0.022000
0 0.263500 0.477000 0.021000 0.024000
0 0.197500 0.645000 0.015000 0.019000
0 0.486000 0.413500 0.024000 0.028000
0 0.170000 0.463500 0.012000 0.013000
0 0.613500 0.576500 0.024000 0.027000
0 0.523000 0.280500 0.024000 0.023000
0 0.485500 0.664500 0.030000 0.033000
0 0.614000 0.234500 0.018000 0.016000
0 0.455750 0.694500 0.029500 0.020000
0 0.633500 0.629000 0.013000 0.013000
0 0.641500 0.692000 0.013000 0.011000
0 0.640000 0.735000 0.018000 0.016000
0 0.676500 0.715000 0.020000 0.020000
0 0.564500 0.793500 0.010000 0.010000
0 0.341500 0.393000 0.022000 0.021000
0 0.321000 0.619000 0.011000 0.012000
0 0.648500 0.228250 0.017000 0.020500
0 0.543500 0.380000 0.023000 0.027000
0 0.528000 0.194500 0.018000 0.019000
0 0.099500 0.485000 0.018000 0.021000
0 0.595000 0.417500 0.010000 0.014000
0 0.165500 0.733000 0.018000 0.013000
0 0.671500 0.609000 0.018000 0.019000
0 0.307000 0.437000 0.023000 0.023000
0 0.771500 0.380500 0.017000 0.018000
0 0.406500 0.744500 0.020000 0.016000
0 0.366000 0.681000 0.012000 0.012000
0 0.420500 0.498500 0.014000 0.014000
0 0.771500 0.480000 0.026000 0.028000
0 0.471500 0.896500 0.011000 0.013000
0 0.454500 0.567000 0.025000 0.024000
0 0.225500 0.628000 0.021000 0.028000
0 0.271500 0.307000 0.012000 0.013000
0 0.425000 0.284500 0.023000 0.018000
0 0.662500 0.681500 0.020000 0.025000
0 0.500500 0.505500 0.022000 0.020000
0 0.287000 0.530500 0.028000 0.028000
0 0.611000 0.320500 0.016000 0.013000
0 0.404000 0.594000 0.021000 0.025000
0 0.416000 0.215000 0.027000 0.026000
0 0.348500 0.756500 0.013000 0.015000
0 0.662000 0.345500 0.015000 0.012000
0 0.336500 0.498000 0.013000 0.012000