0 0.664000 0.436000 0.023000 0.017000
0 0.340750 0.459500 0.014500 0.010000
0 0.500500 0.446500 0.013000 0.015000
0 0.469500 0.563000 0.012000 0.016000
0 0.505000 0.655000 0.015000 0.015000
0 0.537500 0.397500 0.013000 0.012000
0 0.631000 0.383500 0.014000 0.015000
0 0.493500 0.543000 0.011000 0.014000
0 0.461500 0.480500 0.013000 0.014000
0 0.321000 0.307000 0.023000 0.021000
0 0.187000 0.685500 0.023000 0.017000
0 0.464000 0.436000 0.013000 0.015000
0 0.419500 0.331000 0.025000 0.026000
0 0.405000 0.112500 0.013000 0.011000
0 0.139000 0.514500 0.028000 0.020000
0 0.545000 0.494000 0.013000 0.014000
0 0.093500 0.416000 0.015000 0.015000
0 0.540000 0.437000 0.018000 0.018000
0 0.402000 0.514500 0.020000 0.022000
0 0.708000 0.653000 0.016000 0.016000
0 0.395500 0.837500 0.023000 0.020000
0 0.531500 0.723500 0.018000 0.017000
0 0.289500 0.654000 0.026000 0.020000
0 0.599000 0.299000 0.019000 0.019000
0 0.276000 0.260500 0.017000 0.016000
0 0.741000 0.427000 0.016000 0.016000
0 0.500000 0.780500 0.013000 0.013000
0 0.417000 0.271000 0.024000 0.021000
0 0.139500 0.597500 0.021000 0.021000
0 0.511000 0.582000 0.027000 0.028000
0 0.646250 0.189500 0.020500 0.014000
0 0.238500 0.348000 0.015000 0.016000
0 0.408500 0.399000 0.023000 0.020000
0 0.444500 0.321000 0.024000 0.021000
0 0.440000 0.870500 0.018000 0.017000
0 0.190000 0.652000 0.018000 0.022000
0 0.488500 0.489500 0.015000 0.025000
0 0.537500 0.575000 0.016000 0.010000
0 0.418000 0.666000 0.024000 0.016000
0 0.716000 0.851500 0.032000 0.036000
0 0.667000 0.490000 0.019000 0.019000
0 0.274000 0.280000 0.021000 0.017000
0 0.580000 0.568500 0.010000 0.016000
0 0.478500 0.579000 0.029000 0.030000
0 0.366000 0.642000 0.015000 0.015000
0 0.546500 0.328000 0.024000 0.023000
0 0.591500 0.807000 0.028000 0.020000
0 0.523000 0.478000 0.021000 0.029000
0 0.697250 0.469750 0.019500 0.019500
0 0.434000 0.502000 0.012000 0.012000
0 0.433000 0.463500 0.019000 0.015000
0 0.335500 0.585000 0.012000 0.012000
0 0.195000 0.597500 0.027000 0.030000
0 0.848500 0.589500 0.024000 0.024000
0 0.389500 0.256000 0.016000 0.019000
0 0.388500 0.249500 0.008000 0.009000
0 0.539000 0.548000 0.022000 0.025000
0 0.559000 0.612000 0.023000 0.020000
0 0.491500 0.411500 0.021000 0.021000
0 0.122000 0.554000 0.017000 0.015000
0 0.647500 0.480500 0.014000 0.014000
0 0.917500 0.466000 0.014000 0.022000
0 0.554500 0.338000 0.018000 0.017000
0 0.398000 0.682000 0.018000 0.017000
0 0.492000 0.479500 0.018000 0.018000
0 0.472000 0.707000 0.026000 0.025000
0 0.759500 0.356500 0.015000 0.019000
0 0.555500 0.114500 0.019000 0.016000
0 0.332500 0.381500 0.023000 0.019000
0 0.518000 0.446500 0.026000 0.020000
0 0.661000 0.796000 0.023000 0.021000
0 0.543000 0.768500 0.018000 0.026000
0 0.345000 0.515000 0.014000 0.010000
0 0.316500 0.438500 0.022000 0.016000
0 0.580500 0.870500 0.015000 0.015000
0 0.756000 0.502000 0.014000 0.010000
0 0.633500 0.797000 0.018000 0.013000
0 0.158000 0.541500 0.008000 0.012000
0 0.358500 0.788500 0.032000 0.031000
0 0.592000 0.255500 0.022000 0.014000
0 0.466000 0.251500 0.027000 0.025000
0 0.459500 0.452500 0.018000 0.023000
0 0.510000 0.503500 0.016000 0.020000
0 0.793000 0.441500 0.031000 0.021000
0 0.434000 0.710000 0.026000 0.031000
0 0.330000 0.289000 0.021000 0.030000
0 0.415500 0.418000 0.026000 0.018000
0 0.450500 0.570500 0.025000 0.026000
0 0.419500 0.215000 0.028000 0.026000
0 0.559500 0.579500 0.013000 0.013000
0 0.542000 0.363000 0.021000 0.018000
0 0.598500 0.167000 0.019000 0.025000
0 0.605000 0.730500 0.018000 0.018000
0 0.189500 0.576500 0.031000 0.021000
0 0.830500 0.429500 0.017000 0.020000
0 0.637000 0.337500 0.021000 0.022000
0 0.595500 0.160000 0.026000 0.025000
0 0.331000 0.534000 0.019000 0.020000
0 0.486500 0.382500 0.015000 0.013000
0 0.770000 0.794500 0.025000 0.024000
0 0.694500 0.441500 0.010000 0.010000
0 0.415000 0.628500 0.032000 0.022000
0 0.325000 0.732500 0.019000 0.019000
0 0.847000 0.304000 0.033000 0.025000
0 0.512000 0.316000 0.024000 0.030000
0 0.795500 0.647000 0.012000 0.016000
0 0.538500 0.698000 0.014000 0.012000
0 0.399000 0.341000 0.013000 0.018000
0 0.656000 0.508000 0.017000 0.015000
0 0.547000 0.570000 0.026000 0.021000
0 0.815000 0.322500 0.026000 0.021000
0 0.500000 0.499000 0.014000 0.016000
0 0.428000 0.385500 0.015000 0.018000
0 0.859500 0.480000 0.022000 0.021000
0 0.525000 0.418000 0.029000 0.033000
0 0.805000 0.713000 0.021000 0.025000
0 0.411000 0.569000 0.016000 0.014000
0 0.496000 0.470500 0.022000 0.015000
0 0.333000 0.245000 0.012000 0.016000
0 0.618500 0.174000 0.018000 0.021000
0 0.414000 0.832000 0.021000 0.021000
0 0.612500 0.227000 0.020000 0.023000
0 0.567500 0.810000 0.023000 0.023000
0 0.483000 0.515500 0.022000 0.028000
0 0.629000 0.490500 0.024000 0.028000
0 0.834000 0.575500 0.025000 0.027000
0 0.439500 0.524500 0.024000 0.024000
0 0.684500 0.688000 0.017000 0.017000
0 0.640000 0.853500 0.020000 0.018000
0 0.448000 0.848500 0.025000 0.025000
0 0.220500 0.632500 0.014000 0.016000
0 0.603000 0.203000 0.023000 0.021000
0 0.675500 0.305500 0.028000 0.024000
0 0.710500 0.557500 0.020000 0.017000
0 0.469500 0.897000 0.020000 0.021000
0 0.304000 0.335500 0.022000 0.028000
0 0.464000 0.722500 0.018000 0.019000
0 0.668000 0.275500 0.019000 0.018000
0 0.469000 0.617750 0.011000 0.014500
0 0.453500 0.600500 0.017000 0.023000
0 0.532000 0.640500 0.014000 0.011000
0 0.323500 0.393500 0.013000 0.013000
0 0.575500 0.554000 0.016000 0.015000
0 0.549000 0.494500 0.012000 0.012000
0 0.814500 0.592500 0.013000 0.015000
0 0.551000 0.355000 0.029000 0.021000
0 0.485000 0.297000 0.025000 0.025000
0 0.499000 0.548500 0.013000 0.009000
0 0.603500 0.440500 0.028000 0.025000
0 0.687000 0.652000 0.015000 0.017000
0 0.435000 0.473000 0.011000 0.012000
0 0.518000 0.521000 0.023000 0.016000
0 0.342500 0.364000 0.029000 0.030000
0 0.595500 0.408500 0.013000 0.013000
0 0.756500 0.701000 0.018000 0.013000
0 0.482500 0.671500 0.022000 0.026000
0 0.349000 0.553500 0.032000 0.032000
0 0.278500 0.805500 0.026000 0.026000
0 0.812500 0.599500 0.024000 0.024000
0 0.806000 0.778000 0.025000 0.028000
0 0.531000 0.650000 0.021000 0.028000
0 0.322500 0.452500 0.027000 0.030000
0 0.173500 0.680000 0.020000 0.021000
0 0.727000 0.617500 0.024000 0.018000
0 0.757000 0.406500 0.027000 0.026000
0 0.560000 0.184000 0.009000 0.009000
0 0.319000 0.582500 0.011000 0.015000
0 0.797000 0.525000 0.023000 0.031000
0 0.430500 0.598000 0.021000 0.020000
0 0.721000 0.394000 0.025000 0.023000
0 0.478500 0.527000 0.020000 0.021000
0 0.510000 0.423500 0.012000 0.016000
0 0.569500 0.582000 0.016000 0.018000
0 0.235000 0.394500 0.012000 0.015000
0 0.534500 0.463500 0.016000 0.021000
0 0.380000 0.750500 0.023000 0.023000
0 0.656000 0.414000 0.034000 0.032000
0 0.560000 0.599500 0.014000 0.012000
0 0.395000 0.849000 0.019000 0.021000
0 0.600000 0.577500 0.022000 0.020000
0 0.241000 0.413000 0.020000 0.019000
0 0.652250 0.720500 0.029500 0.020000
0 0.249500 0.622500 0.023000 0.022000
0 0.471000 0.471500 0.020000 0.017000
0 0.658500 0.785500 0.017000 0.016000
0 0.347500 0.609000 0.020000 0.020000
0 0.475000 0.460000 0.024000 0.026000
0 0.367500 0.855500 0.030000 0.032000
0 0.487500 0.583500 0.009000 0.009000
0 0.529000 0.604000 0.023000 0.022000
0 0.335000 0.424500 0.011000 0.016000
0 0.740000 0.579250 0.016000 0.020500
0 0.496500 0.500500 0.016000 0.016000
0 0.486500 0.492500 0.029000 0.026000
0 0.289000 0.685000 0.021000 0.019000
0 0.617500 0.238500 0.019000 0.028000
0 0.569000 0.476000 0.021000 0.020000
0 0.393000 0.472500 0.013000 0.009000
0 0.257000 0.346500 0.015000 0.014000
0 0.612000 0.838500 0.012000 0.012000
0 0.497500 0.531000 0.025000 0.022000
0 0.535500 0.250500 0.011000 0.011000
0 0.519000 0.493500 0.015000 0.014000
0 0.406000 0.442000 0.031000 0.029000
0 0.588500 0.731000 0.020000 0.021000
0 0.636500 0.250500 0.012000 0.012000
0 0.732000 0.671500 0.017000 0.023000
0 0.775000 0.506000 0.029000 0.025000
0 0.452000 0.480500 0.010000 0.011000
0 0.406000 0.606000 0.025000 0.026000
0 0.586500 0.784000 0.013000 0.014000
0 0.661750 0.419000 0.020500 0.016000
0 0.511000 0.535500 0.026000 0.023000
0 0.690000 0.404500 0.013000 0.016000
0 0.533000 0.426500 0.020000 0.018000
0 0.810000 0.752500 0.023000 0.018000
0 0.600500 0.474500 0.015000 0.017000
0 0.497000 0.567500 0.035000 0.035000
0 0.460000 0.547000 0.028000 0.028000
0 0.259500 0.355000 0.015000 0.015000
0 0.558000 0.680000 0.018000 0.018000
0 0.495000 0.097000 0.018000 0.017000
0 0.253500 0.410500 0.019000 0.020000
0 0.576500 0.855000 0.026000 0.022000
0 0.703000 0.543500 0.025000 0.020000
0 0.441000 0.813500 0.014000 0.015000
0 0.366000 0.219000 0.019000 0.016000
0 0.575000 0.463000 0.013000 0.021000
0 0.249500 0.487000 0.027000 0.019000
0 0.544000 0.451000 0.023000 0.022000
0 0.744000 0.656500 0.019000 0.016000
0 0.698500 0.686000 0.015000 0.012000
0 0.206500 0.397000 0.019000 0.026000
0 0.566000 0.452500 0.016000 0.016000
0 0.549500 0.342000 0.031000 0.034000
0 0.400000 0.424000 0.032000 0.022000
0 0.678000 0.429500 0.028000 0.025000
0 0.195500 0.373500 0.033000 0.029000
0 0.475000 0.411000 0.017000 0.018000
0 0.243000 0.728500 0.017000 0.012000
0 0.483000 0.561000 0.021000 0.022000
0 0.554000 0.640000 0.017000 0.016000
0 0.511500 0.594500 0.012000 0.012000
0 0.590000 0.534500 0.022000 0.021000
0 0.468000 0.543500 0.017000 0.016000
0 0.690500 0.393000 0.028000 0.029000
0 0.500500 0.257000 0.023000 0.023000
0 0.669500 0.369500 0.032000 0.026000
0 0.236000 0.677500 0.030000 0.023000
0 0.405000 0.170500 0.014000 0.016000
0 0.755500 0.270000 0.018000 0.019000
0 0.444500 0.245000 0.018000 0.016000
0 0.601000 0.482500 0.023000 0.018000
0 0.455500 0.528500 0.010000 0.009000
0 0.589000 0.386750 0.011000 0.014500
0 0.438500 0.538500 0.013000 0.014000
0 0.498500 0.483500 0.033000 0.020000
0 0.481250 0.428500 0.011500 0.008000
0 0.274500 0.473000 0.019000 0.021000
0 0.571500 0.197000 0.021000 0.025000
0 0.673000 0.542500 0.022000 0.020000
0 0.570500 0.498500 0.017000 0.019000
0 0.141000 0.304000 0.017000 0.020000
0 0.853000 0.499250 0.022000 0.032500
0 0.450000 0.447000 0.020000 0.017000
0 0.258000 0.534000 0.028000 0.027000
0 0.636000 0.581500 0.013000 0.013000
0 0.655000 0.158000 0.018000 0.012000
0 0.548500 0.176500 0.021000 0.015000
0 0.757500 0.548500 0.015000 0.011000
0 0.335500 0.594000 0.018000 0.023000
0 0.305000 0.464000 0.023000 0.020000
0 0.500500 0.480500 0.022000 0.031000
0 0.887000 0.529500 0.009000 0.011000
0 0.787000 0.404500 0.018000 0.020000
0 0.625500 0.342000 0.017000 0.019000
0 0.652750 0.747250 0.019500 0.019500
0 0.265000 0.282500 0.017000 0.023000
0 0.496000 0.606000 0.030000 0.023000
0 0.360000 0.710000 0.014000 0.015000
0 0.285000 0.199500 0.024000 0.025000
0 0.659000 0.638000 0.022000 0.024000
0 0.641000 0.752500 0.020000 0.020000
0 0.715000 0.684500 0.025000 0.022000
0 0.634000 0.401750 0.010000 0.014500
0 0.697000 0.551500 0.012000 0.016000
0 0.718000 0.421250 0.012000 0.017500
0 0.519500 0.549000 0.019000 0.014000
0 0.499000 0.575500 0.014000 0.013000
0 0.510500 0.272500 0.013000 0.009000
0 0.123000 0.454000 0.022000 0.020000
0 0.438000 0.132500 0.024000 0.025000
0 0.577000 0.693000 0.014000 0.011000
0 0.644500 0.462500 0.023000 0.024000
0 0.601500 0.533000 0.028000 0.028000
0 0.181500 0.713000 0.024000 0.028000
0 0.198500 0.380500 0.015000 0.014000
0 0.637500 0.553000 0.014000 0.012000
0 0.389000 0.356500 0.019000 0.016000
0 0.293000 0.426000 0.025000 0.034000
0 0.144000 0.546500 0.028000 0.019000
0 0.124000 0.422750 0.010000 0.014500
0 0.488000 0.341000 0.020000 0.016000
0 0.739000 0.465000 0.030000 0.029000
0 0.393500 0.450500 0.018000 0.019000
0 0.189500 0.497000 0.015000 0.014000
0 0.432500 0.406000 0.023000 0.029000
0 0.508500 0.506500 0.017000 0.021000
0 0.558500 0.546000 0.022000 0.020000
0 0.837000 0.632000 0.014000 0.014000
0 0.277500 0.603000 0.012000 0.017000
0 0.338500 0.720000 0.017000 0.020000
0 0.594000 0.509500 0.016000 0.013000
0 0.558000 0.207500 0.026000 0.017000
0 0.403500 0.381000 0.022000 0.017000
0 0.438500 0.358000 0.014000 0.010000
0 0.333000 0.630000 0.027000 0.024000
0 0.683500 0.749500 0.015000 0.015000