0 0.562500 0.486500 0.012000 0.016000
0 0.126000 0.443000 0.020000 0.020000
0 0.504000 0.496000 0.010000 0.010000
0 0.186000 0.688000 0.020000 0.023000
0 0.319000 0.819000 0.013000 0.013000
0 0.582000 0.736500 0.025000 0.024000
0 0.569000 0.621000 0.026000 0.025000
0 0.511000 0.499000 0.019000 0.016000
0 0.653500 0.492500 0.021000 0.020000
0 0.353000 0.494500 0.010000 0.010000
0 0.736000 0.220500 0.024000 0.020000
0 0.694000 0.407000 0.028000 0.023000
0 0.365500 0.469000 0.028000 0.019000
0 0.582500 0.495500 0.021000 0.019000
0 0.693500 0.128500 0.032000 0.033000
0 0.568500 0.515000 0.015000 0.014000
0 0.284000 0.285500 0.015000 0.017000
0 0.644000 0.552500 0.009000 0.011000
0 0.337750 0.405500 0.014500 0.013000
0 0.534500 0.605000 0.013000 0.012000
0 0.272500 0.749500 0.022000 0.025000
0 0.370500 0.620000 0.011000 0.011000
0 0.504000 0.402000 0.025000 0.020000
0 0.523000 0.433500 0.021000 0.029000
0 0.544000 0.252000 0.015000 0.012000
0 0.370500 0.773000 0.011000 0.013000
0 0.284000 0.437000 0.022000 0.030000
0 0.244000 0.554000 0.017000 0.026000
0 0.533500 0.362500 0.016000 0.012000
0 0.816500 0.450000 0.015000 0.013000
0 0.366500 0.222000 0.031000 0.020000
0 0.491500 0.427500 0.018000 0.017000
0 0.376500 0.126000 0.013000 0.015000
0 0.805500 0.251000 0.021000 0.019000
0 0.237500 0.785000 0.029000 0.033000
0 0.458500 0.797000 0.028000 0.029000
0 0.365000 0.398500 0.022000 0.022000
0 0.423500 0.449500 0.015000 0.010000
0 0.632500 0.274000 0.028000 0.030000
0 0.268000 0.535000 0.016000 0.016000
0 0.594000 0.341500 0.011000 0.015000
0 0.543500 0.666500 0.012000 0.011000
0 0.296000 0.475500 0.014000 0.013000
0 0.711000 0.548000 0.010000 0.010000
0 0.567500 0.589000 0.030000 0.035000
0 0.410000 0.333000 0.017000 0.019000
0 0.155000 0.373500 0.030000 0.029000
0 0.605000 0.630500 0.024000 0.020000
0 0.441500 0.524000 0.013000 0.014000
0 0.541000 0.705500 0.012000 0.012000
0 0.520500 0.561500 0.015000 0.015000
0 0.500000 0.157500 0.012000 0.012000
0 0.364500 0.502000 0.021000 0.025000
0 0.232500 0.261000 0.032000 0.031000
0 0.522000 0.462000 0.012000 0.014000
0 0.292000 0.353500 0.023000 0.024000
0 0.226500 0.778500 0.023000 0.027000
0 0.421500 0.617250 0.018000 0.026500
0 0.521000 0.621000 0.021000 0.015000
0 0.496500 0.598500 0.022000 0.020000
0 0.505000 0.320500 0.028000 0.024000
0 0.528000 0.414500 0.019000 0.020000
0 0.686500 0.567000 0.026000 0.025000
0 0.460500 0.448000 0.016000 0.019000
0 0.328500 0.726000 0.018000 0.018000
0 0.773750 0.798000 0.017500 0.014000
0 0.475500 0.555500 0.015000 0.018000
0 0.148000 0.522500 0.016000 0.010000
0 0.553500 0.425000 0.009000 0.013000
0 0.473500 0.578500 0.014000 0.014000
0 0.597500 0.437000 0.029000 0.018000
0 0.670000 0.480000 0.024000 0.024000
0 0.351000 0.667500 0.011000 0.018000
0 0.204000 0.446500 0.022000 0.029000
0 0.094500 0.499000 0.014000 0.010000
0 0.276000 0.526000 0.020000 0.025000
0 0.416000 0.523500 0.019000 0.013000
0 0.443000 0.331000 0.016000 0.014000
0 0.623500 0.730500 0.029000 0.028000
0 0.375000 0.884500 0.019000 0.018000
0 0.286500 0.810500 0.011000 0.016000
0 0.770500 0.528500 0.009000 0.010000
0 0.734500 0.277000 0.021000 0.019000
0 0.220000 0.570000 0.011000 0.016000
0 0.420000 0.773500 0.015000 0.014000
0 0.667500 0.663500 0.014000 0.015000
0 0.372000 0.764500 0.026000 0.024000
0 0.591500 0.865500 0.019000 0.016000
0 0.729000 0.698000 0.024000 0.033000
0 0.514750 0.446500 0.017500 0.012000
0 0.439500 0.696000 0.024000 0.025000
0 0.611500 0.506500 0.017000 0.018000
0 0.325500 0.577000 0.019000 0.025000
0 0.516000 0.418500 0.017000 0.016000
0 0.198000 0.739750 0.012000 0.017500
0 0.551000 0.533000 0.016000 0.011000
0 0.313000 0.640000 0.025000 0.031000
0 0.175500 0.556500 0.025000 0.027000
0 0.298000 0.744500 0.021000 0.023000
0 0.408500 0.524500 0.031000 0.034000
0 0.430000 0.691000 0.015000 0.013000
0 0.367500 0.383000 0.014000 0.021000
0 0.389500 0.743500 0.023000 0.023000
0 0.738500 0.735000 0.020000 0.027000
0 0.254500 0.550500 0.030000 0.028000
0 0.443000 0.506500 0.011000 0.014000
0 0.513500 0.436000 0.028000 0.028000
0 0.385500 0.514000 0.019000 0.027000
0 0.263500 0.660000 0.019000 0.021000
0 0.825500 0.547500 0.015000 0.010000
0 0.516000 0.610500 0.012000 0.013000
0 0.363500 0.639500 0.013000 0.013000
0 0.117000 0.445000 0.029000 0.026000
0 0.709500 0.667000 0.026000 0.025000
0 0.292500 0.793000 0.021000 0.021000
0 0.202500 0.333500 0.016000 0.016000
0 0.244000 0.277500 0.022000 0.027000
0 0.276000 0.576500 0.018000 0.015000
0 0.397500 0.689000 0.030000 0.032000
0 0.507000 0.503500 0.020000 0.023000
0 0.796000 0.626500 0.023000 0.016000
0 0.542500 0.584000 0.011000 0.017000
0 0.550000 0.524500 0.029000 0.018000
0 0.739500 0.534000 0.030000 0.032000
0 0.812500 0.709500 0.031000 0.022000
0 0.552000 0.520000 0.013000 0.012000
0 0.732500 0.287500 0.031000 0.034000
0 0.101000 0.576000 0.025000 0.024000
0 0.486500 0.597500 0.022000 0.022000
0 0.744500 0.333500 0.025000 0.021000
0 0.433000 0.867000 0.009000 0.012000
0 0.571000 0.217500 0.010000 0.019000
0 0.193000 0.529000 0.025000 0.031000
0 0.483500 0.691500 0.025000 0.029000
0 0.496500 0.674000 0.012000 0.011000
0 0.207000 0.325000 0.012000 0.012000
0 0.811500 0.568000 0.018000 0.018000
0 0.459000 0.140500 0.023000 0.017000
0 0.572000 0.422500 0.030000 0.029000
0 0.296500 0.603000 0.025000 0.018000
0 0.786500 0.430500 0.026000 0.023000
0 0.589000 0.554250 0.016000 0.023500
0 0.260000 0.822500 0.015000 0.019000
0 0.516500 0.130000 0.013000 0.011000
0 0.319000 0.755500 0.024000 0.027000
0 0.508000 0.789000 0.022000 0.027000
0 0.321000 0.427500 0.012000 0.013000
0 0.598000 0.775000 0.021000 0.033000
0 0.498000 0.502000 0.031000 0.024000
0 0.141000 0.562000 0.023000 0.023000
0 0.449500 0.668500 0.018000 0.018000
0 0.400000 0.550000 0.016000 0.014000
0 0.485000 0.713000 0.028000 0.022000
0 0.564000 0.501000 0.028000 0.023000
0 0.271500 0.344500 0.010000 0.009000
0 0.585000 0.657500 0.011000 0.012000
0 0.261500 0.252500 0.021000 0.026000
0 0.279500 0.762000 0.021000 0.014000
0 0.464000 0.686500 0.032000 0.029000
0 0.725000 0.686500 0.021000 0.023000
0 0.484500 0.106500 0.011000 0.008000
0 0.199500 0.690500 0.022000 0.027000
0 0.551000 0.440500 0.027000 0.028000
0 0.354500 0.610500 0.011000 0.012000
0 0.607000 0.469500 0.018000 0.017000
0 0.495500 0.492000 0.019000 0.020000
0 0.510000 0.602000 0.020000 0.016000
0 0.458500 0.476500 0.024000 0.019000
0 0.615500 0.857000 0.020000 0.022000
0 0.492000 0.480000 0.036000 0.025000
0 0.354500 0.427000 0.030000 0.021000
0 0.457500 0.429500 0.014000 0.024000
0 0.898000 0.617500 0.025000 0.023000
0 0.582500 0.452500 0.019000 0.019000
0 0.222000 0.605500 0.014000 0.011000
0 0.234500 0.581500 0.024000 0.020000
0 0.493250 0.396250 0.032500 0.033500
0 0.873500 0.622000 0.025000 0.032000
0 0.259500 0.408000 0.016000 0.018000
0 0.729000 0.343500 0.033000 0.029000
0 0.342000 0.568000 0.012000 0.014000
0 0.692500 0.548000 0.029000 0.031000
0 0.212500 0.231000 0.019000 0.020000
0 0.418500 0.213000 0.020000 0.023000
0 0.257500 0.626500 0.021000 0.018000
0 0.378500 0.411500 0.019000 0.015000
0 0.510000 0.767000 0.015000 0.018000
0 0.625500 0.127000 0.019000 0.019000
0 0.913000 0.490000 0.014000 0.015000
0 0.561000 0.606000 0.009000 0.013000
0 0.769000 0.650500 0.025000 0.030000
0 0.545000 0.566000 0.013000 0.014000
0 0.245000 0.297500 0.018000 0.018000
0 0.275500 0.488500 0.024000 0.021000
0 0.452000 0.406500 0.022000 0.018000
0 0.391000 0.463000 0.028000 0.023000
0 0.508000 0.728500 0.027000 0.026000
0 0.481500 0.534000 0.017000 0.022000
0 0.569500 0.709000 0.019000 0.017000
0 0.516500 0.498500 0.018000 0.018000
0 0.747500 0.185500 0.013000 0.008000
0 0.469500 0.498000 0.016000 0.015000
0 0.356500 0.136500 0.017000 0.018000
0 0.318500 0.388000 0.017000 0.017000
0 0.410000 0.436500 0.016000 0.017000
0 0.690500 0.815500 0.026000 0.019000
0 0.318500 0.531000 0.017000 0.019000
0 0.909000 0.410000 0.018000 0.009000
0 0.415000 0.587000 0.011000 0.012000
0 0.757000 0.432000 0.025000 0.027000
0 0.547000 0.382000 0.009000 0.013000
0 0.503500 0.567000 0.016000 0.011000
0 0.761000 0.263500 0.019000 0.024000
0 0.858500 0.585500 0.023000 0.023000
0 0.634500 0.575000 0.024000 0.021000
0 0.400000 0.493500 0.022000 0.022000
0 0.196500 0.550000 0.010000 0.012000
0 0.330500 0.397000 0.032000 0.027000
0 0.319000 0.651000 0.016000 0.014000
0 0.501500 0.489500 0.017000 0.025000
0 0.548000 0.430500 0.021000 0.024000
0 0.514500 0.667500 0.021000 0.021000
0 0.483000 0.702500 0.029000 0.032000
0 0.548500 0.850500 0.015000 0.014000
0 0.512500 0.471500 0.013000 0.014000
0 0.544500 0.843500 0.012000 0.015000
0 0.564500 0.613000 0.018000 0.019000
0 0.684000 0.340500 0.021000 0.024000
0 0.128000 0.655000 0.019000 0.020000
0 0.428000 0.487500 0.025000 0.031000
0 0.870000 0.310000 0.017000 0.016000
0 0.433000 0.640500 0.012000 0.010000
0 0.644500 0.192500 0.018000 0.016000
0 0.377500 0.656000 0.008000 0.008000
0 0.868000 0.470500 0.029000 0.030000
0 0.481000 0.592000 0.020000 0.020000
0 0.546500 0.481000 0.016000 0.016000
0 0.350500 0.689500 0.024000 0.017000
0 0.200250 0.394000 0.023500 0.021000
0 0.656500 0.775500 0.013000 0.014000
0 0.466000 0.481500 0.031000 0.026000
0 0.246500 0.585000 0.021000 0.019000
0 0.407000 0.234000 0.024000 0.025000
0 0.133500 0.586500 0.024000 0.024000
0 0.274000 0.249500 0.020000 0.018000
0 0.325500 0.563000 0.021000 0.020000
0 0.516500 0.487500 0.020000 0.014000
0 0.276500 0.462000 0.019000 0.018000
0 0.471500 0.150500 0.025000 0.022000
0 0.230000 0.223000 0.012000 0.014000
0 0.184000 0.264000 0.025000 0.029000
0 0.496500 0.455500 0.018000 0.025000
0 0.578500 0.356000 0.027000 0.020000
0 0.602000 0.210000 0.016000 0.016000
0 0.698000 0.339000 0.019000 0.017000
0 0.438000 0.839000 0.022000 0.017000
0 0.596500 0.249500 0.011000 0.011000
0 0.329000 0.667000 0.024000 0.030000
0 0.521500 0.586500 0.027000 0.024000
0 0.565000 0.797500 0.021000 0.017000
0 0.343500 0.133500 0.016000 0.018000
0 0.543000 0.633000 0.013000 0.013000
0 0.681000 0.820500 0.021000 0.017000
0 0.678000 0.121500 0.014000 0.016000
0 0.258500 0.292500 0.024000 0.024000
0 0.444000 0.873000 0.019000 0.016000
0 0.595500 0.665000 0.020000 0.014000
0 0.488500 0.183000 0.013000 0.014000
0 0.412500 0.342500 0.017000 0.014000
0 0.205500 0.271000 0.031000 0.026000
0 0.448500 0.540500 0.017000 0.017000
0 0.589000 0.598500 0.027000 0.035000
0 0.550000 0.471000 0.017000 0.019000
0 0.623500 0.454000 0.028000 0.029000
0 0.610500 0.657500 0.012000 0.009000
0 0.710500 0.295000 0.017000 0.018000
0 0.434500 0.559500 0.017000 0.018000
0 0.547000 0.455500 0.029000 0.023000
0 0.436500 0.540500 0.022000 0.025000
0 0.360000 0.792500 0.024000 0.028000
0 0.883500 0.338000 0.017000 0.018000
0 0.210000 0.456500 0.020000 0.027000
0 0.563000 0.456000 0.015000 0.014000
0 0.612500 0.331000 0.022000 0.017000
0 0.448500 0.554500 0.013000 0.015000
0 0.715000 0.342000 0.023000 0.022000
0 0.342000 0.481500 0.026000 0.022000
0 0.831000 0.569000 0.016000 0.014000
0 0.330500 0.192000 0.016000 0.017000
0 0.430500 0.372500 0.026000 0.023000
0 0.396000 0.342500 0.025000 0.023000
0 0.432500 0.459000 0.024000 0.021000
0 0.521000 0.513000 0.024000 0.013000
0 0.334500 0.198500 0.024000 0.028000
0 0.698000 0.285500 0.014000 0.016000
0 0.239000 0.616000 0.008000 0.010000
0 0.191500 0.225500 0.017000 0.017000
0 0.432000 0.596000 0.014000 0.011000
0 0.544500 0.659000 0.012000 0.014000
0 0.402500 0.455500 0.018000 0.021000
0 0.359500 0.773500 0.018000 0.015000
0 0.477000 0.364500 0.023000 0.032000
0 0.473000 0.347000 0.027000 0.025000
0 0.551000 0.483500 0.024000 0.023000
0 0.607500 0.576500 0.017000 0.016000
0 0.580000 0.775000 0.017000 0.022000
0 0.192000 0.518000 0.032000 0.032000
0 0.363500 0.550000 0.017000 0.015000
0 0.295500 0.333000 0.032000 0.032000
0 0.173000 0.358500 0.018000 0.020000
0 0.668000 0.370000 0.011000 0.012000
0 0.589500 0.585500 0.013000 0.014000
0 0.490500 0.494000 0.021000 0.022000
0 0.295000 0.617000 0.027000 0.029000
0 0.360000 0.625000 0.016000 0.016000
0 0.582000 0.841000 0.014000 0.019000
0 0.184500 0.477000 0.016000 0.016000
0 0.470500 0.571500 0.024000 0.024000
0 0.563000 0.165000 0.025000 0.023000
0 0.687500 0.369500 0.030000 0.031000
0 0.194000 0.390000 0.021000 0.025000
0 0.677000 0.659500 0.028000 0.026000
0 0.503000 0.516000 0.011000 0.011000
0 0.856000 0.345500 0.027000 0.031000
0 0.403000 0.304500 0.013000 0.015000
0 0.369500 0.274000 0.019000 0.019000
0 0.685500 0.204500 0.030000 0.032000
0 0.161000 0.418500 0.020000 0.026000
0 0.598000 0.566000 0.029000 0.030000
0 0.588500 0.716000 0.021000 0.021000
0 0.438500 0.229000 0.022000 0.021000
0 0.732500 0.553500 0.026000 0.025000
0 0.348500 0.476000 0.015000 0.018000
0 0.687500 0.354500 0.017000 0.017000
0 0.234500 0.362000 0.015000 0.016000
0 0.342500 0.499000 0.013000 0.011000
0 0.521500 0.645500 0.022000 0.023000
0 0.508000 0.694000 0.025000 0.022000
0 0.498500 0.530000 0.016000 0.017000
0 0.754500 0.416000 0.019000 0.016000
0 0.718000 0.295500 0.018000 0.013000
0 0.262000 0.758000 0.022000 0.024000
0 0.435500 0.512500 0.020000 0.022000
0 0.509000 0.547000 0.013000 0.010000
0 0.498500 0.783000 0.022000 0.023000
0 0.297000 0.809000 0.023000 0.021000
0 0.725000 0.373000 0.018000 0.020000
0 0.502000 0.739500 0.027000 0.024000
0 0.418000 0.414000 0.026000 0.027000
0 0.527000 0.736500 0.011000 0.011000
0 0.608500 0.603000 0.023000 0.023000
0 0.326000 0.335500 0.017000 0.022000
0 0.559000 0.293000 0.025000 0.025000
0 0.640000 0.179000 0.014000 0.015000
0 0.148500 0.373000 0.015000 0.016000
0 0.227000 0.408500 0.015000 0.022000
0 0.543000 0.772500 0.022000 0.022000
0 0.862500 0.323000 0.028000 0.032000
0 0.421500 0.584500 0.023000 0.025000
0 0.453500 0.532500 0.024000 0.027000
0 0.486000 0.357000 0.021000 0.022000
0 0.285000 0.488000 0.021000 0.022000
0 0.509500 0.100500 0.013000 0.012000
0 0.525500 0.486500 0.015000 0.017000
0 0.259000 0.581500 0.024000 0.021000
0 0.429000 0.408000 0.017000 0.017000
0 0.437500 0.439500 0.021000 0.017000
0 0.347000 0.881500 0.024000 0.023000
0 0.320000 0.479500 0.025000 0.028000
0 0.451500 0.460000 0.013000 0.010000
0 0.850500 0.571000 0.012000 0.014000
0 0.494000 0.570500 0.014000 0.011000
0 0.551500 0.348500 0.018000 0.023000
0 0.355000 0.734000 0.014000 0.011000
0 0.560000 0.312000 0.019000 0.024000
0 0.534500 0.436500 0.020000 0.017000
0 0.706000 0.639000 0.026000 0.031000
0 0.462000 0.618000 0.020000 0.019000
0 0.262000 0.651000 0.011000 0.010000
0 0.431750 0.658500 0.029500 0.022000
0 0.258500 0.698500 0.015000 0.019000
0 0.356500 0.329500 0.021000 0.018000
0 0.368000 0.465000 0.018000 0.024000
0 0.768000 0.412000 0.015000 0.016000
0 0.640000 0.479750 0.010000 0.014500
0 0.150500 0.325500 0.020000 0.016000
0 0.598500 0.217500 0.027000 0.018000
0 0.459500 0.480000 0.010000 0.010000
0 0.776500 0.370000 0.021000 0.020000
0 0.466000 0.245000 0.031000 0.026000
0 0.481000 0.858500 0.019000 0.019000
0 0.637000 0.451250 0.012000 0.017500
0 0.132000 0.695000 0.017000 0.016000
0 0.620000 0.569000 0.023000 0.019000
0 0.484500 0.510500 0.011000 0.016000
0 0.572500 0.382000 0.018000 0.020000
0 0.423000 0.519500 0.013000 0.011000
0 0.487000 0.630500 0.019000 0.022000
0 0.793000 0.215500 0.025000 0.018000
0 0.647000 0.535000 0.033000 0.019000
0 0.755500 0.396500 0.022000 0.025000
0 0.871000 0.494500 0.009000 0.013000
0 0.488000 0.505000 0.015000 0.014000
0 0.354000 0.620500 0.012000 0.020000
0 0.397500 0.719000 0.017000 0.014000
0 0.789500 0.359000 0.016000 0.016000
0 0.507500 0.506000 0.012000 0.014000
0 0.404000 0.144000 0.019000 0.018000
0 0.505000 0.257500 0.021000 0.024000
0 0.247000 0.734000 0.028000 0.033000
0 0.515500 0.530000 0.024000 0.026000
0 0.485000 0.388000 0.013000 0.012000
0 0.343000 0.458000 0.024000 0.020000
0 0.717500 0.470500 0.016000 0.013000
0 0.897000 0.489000 0.023000 0.019000
0 0.445000 0.467000 0.029000 0.022000
0 0.478000 0.792000 0.018000 0.018000
0 0.646750 0.509000 0.026500 0.018000
0 0.543500 0.440500 0.011000 0.013000
0 0.275500 0.535000 0.020000 0.023000
0 0.487000 0.600500 0.025000 0.025000
0 0.609000 0.098000 0.018000 0.023000
0 0.422500 0.239500 0.019000 0.022000
0 0.296500 0.297500 0.016000 0.017000
0 0.107000 0.547000 0.019000 0.017000
0 0.700000 0.631000 0.012000 0.013000
0 0.473500 0.828500 0.022000 0.023000
0 0.841500 0.263500 0.015000 0.015000
0 0.657000 0.605500 0.022000 0.020000
0 0.218500 0.252000 0.019000 0.020000
0 0.383250 0.385500 0.023500 0.019000
0 0.642500 0.424500 0.026000 0.030000
0 0.687500 0.689000 0.018000 0.029000
0 0.210500 0.283000 0.026000 0.032000
0 0.893250 0.405000 0.029500 0.020000
0 0.352000 0.462000 0.021000 0.025000
0 0.541000 0.450500 0.017000 0.014000
0 0.615000 0.419500 0.024000 0.024000
0 0.510000 0.455500 0.012000 0.011000
0 0.534000 0.563500 0.032000 0.031000