0 0.633000 0.625000 0.031000 0.033000
0 0.622500 0.442000 0.021000 0.023000
0 0.442500 0.376500 0.028000 0.020000
0 0.531000 0.624500 0.020000 0.014000
0 0.471000 0.443500 0.025000 0.024000
0 0.492250 0.551500 0.020500 0.014000
0 0.674000 0.482000 0.022000 0.020000
0 0.311000 0.481500 0.013000 0.016000
0 0.540000 0.230500 0.015000 0.015000
0 0.476500 0.477500 0.023000 0.024000
0 0.564500 0.487000 0.011000 0.011000
0 0.384000 0.570500 0.013000 0.016000
0 0.554500 0.557000 0.025000 0.021000
0 0.880500 0.512500 0.022000 0.027000
0 0.218000 0.308000 0.020000 0.020000
0 0.552500 0.614500 0.009000 0.011000
0 0.499000 0.506500 0.019000 0.020000
0 0.345000 0.524000 0.017000 0.017000
0 0.117000 0.341500 0.014000 0.010000
0 0.298000 0.655500 0.026000 0.020000
0 0.569000 0.433000 0.021000 0.026000
0 0.278500 0.675500 0.018000 0.016000
0 0.628500 0.614500 0.021000 0.019000
0 0.376500 0.196500 0.027000 0.028000
0 0.523000 0.552000 0.014000 0.011000
0 0.768000 0.806000 0.019000 0.014000
0 0.350000 0.728000 0.011000 0.010000
0 0.264500 0.170000 0.026000 0.022000
0 0.384500 0.458000 0.017000 0.026000
0 0.874000 0.649000 0.014000 0.014000
0 0.422000 0.460000 0.018000 0.023000
0 0.486000 0.508000 0.018000 0.012000
0 0.534500 0.478500 0.021000 0.025000
0 0.414000 0.683500 0.020000 0.023000
0 0.721500 0.672000 0.023000 0.025000
0 0.363000 0.145000 0.031000 0.027000
0 0.610500 0.877500 0.022000 0.014000
0 0.491500 0.325000 0.016000 0.020000
0 0.285500 0.659000 0.019000 0.017000
0 0.237500 0.567000 0.035000 0.035000
0 0.398000 0.688000 0.028000 0.029000
0 0.668000 0.572500 0.027000 0.029000
0 0.797500 0.388000 0.027000 0.027000
0 0.882000 0.523000 0.009000 0.012000
0 0.466500 0.322000 0.013000 0.012000
0 0.541500 0.433500 0.011000 0.011000
0 0.267000 0.521500 0.020000 0.022000
0 0.521500 0.501000 0.030000 0.026000
0 0.802500 0.450000 0.024000 0.024000
0 0.405500 0.551500 0.023000 0.019000
0 0.482000 0.564500 0.020000 0.020000
0 0.844500 0.693000 0.013000 0.014000
0 0.520000 0.128500 0.016000 0.018000
0 0.332500 0.192000 0.023000 0.018000
0 0.418000 0.571750 0.016000 0.020500
0 0.484000 0.546500 0.012000 0.010000
0 0.521500 0.520500 0.032000 0.031000
0 0.333500 0.850000 0.024000 0.024000
0 0.633000 0.773000 0.025000 0.024000
0 0.601500 0.292500 0.033000 0.026000
0 0.512500 0.651500 0.016000 0.018000
0 0.730500 0.483500 0.015000 0.011000
0 0.392500 0.215500 0.015000 0.014000
0 0.596500 0.503000 0.022000 0.022000
0 0.438000 0.388000 0.015000 0.015000
0 0.426500 0.739000 0.020000 0.021000
0 0.519500 0.489500 0.014000 0.020000
0 0.409500 0.762000 0.032000 0.031000
0 0.297500 0.309500 0.022000 0.022000
0 0.361500 0.503500 0.023000 0.024000
0 0.819000 0.445500 0.019000 0.022000
0 0.275500 0.832500 0.021000 0.020000
0 0.334500 0.685500 0.028000 0.026000
0 0.248500 0.347500 0.022000 0.022000
0 0.331000 0.520500 0.010000 0.010000
0 0.532000 0.429500 0.023000 0.018000
0 0.879000 0.482500 0.021000 0.019000
0 0.459000 0.491000 0.021000 0.015000
0 0.672000 0.460500 0.013000 0.013000
0 0.611000 0.792000 0.027000 0.024000
0 0.397000 0.353500 0.018000 0.016000
0 0.711500 0.839500 0.021000 0.022000
0 0.445500 0.884500 0.025000 0.029000
0 0.627000 0.210000 0.028000 0.025000
0 0.717500 0.293000 0.021000 0.024000
0 0.335000 0.291500 0.021000 0.019000
0 0.487500 0.535000 0.023000 0.023000
0 0.605500 0.307500 0.021000 0.032000
0 0.481000 0.545500 0.025000 0.021000
0 0.306000 0.507500 0.025000 0.025000
0 0.785000 0.476000 0.010000 0.008000
0 0.810000 0.457500 0.028000 0.031000
0 0.400000 0.338000 0.017000 0.017000
0 0.481000 0.491000 0.018000 0.020000
0 0.838500 0.271000 0.026000 0.026000
0 0.354500 0.252000 0.014000 0.011000
0 0.579500 0.486500 0.025000 0.020000
0 0.641000 0.627500 0.017000 0.017000
0 0.219000 0.572500 0.019000 0.015000
0 0.648500 0.407500 0.012000 0.010000
0 0.539500 0.457000 0.023000 0.024000
0 0.317500 0.409500 0.013000 0.013000
0 0.554250 0.823500 0.014500 0.010000
0 0.399500 0.715000 0.023000 0.018000
0 0.676000 0.793500 0.022000 0.022000
0 0.232500 0.423500 0.032000 0.032000
0 0.615500 0.533000 0.027000 0.030000
0 0.587500 0.479500 0.018000 0.018000
0 0.677500 0.722000 0.017000 0.020000
0 0.541500 0.490500 0.021000 0.023000
0 0.419500 0.897500 0.026000 0.020000
0 0.447500 0.424500 0.013000 0.013000
0 0.564000 0.383000 0.018000 0.024000
0 0.510500 0.831000 0.031000 0.030000
0 0.349500 0.459000 0.030000 0.025000
0 0.471750 0.462000 0.029500 0.023000
0 0.498500 0.493500 0.016000 0.017000
0 0.435000 0.272000 0.024000 0.019000
0 0.409000 0.129000 0.014000 0.017000
0 0.706000 0.691500 0.024000 0.023000
0 0.638000 0.342000 0.020000 0.019000
0 0.453500 0.513000 0.021000 0.022000
0 0.498500 0.528000 0.021000 0.020000
0 0.119500 0.641500 0.030000 0.028000
0 0.594500 0.537500 0.020000 0.027000
0 0.342000 0.733500 0.022000 0.019000
0 0.637000 0.283500 0.022000 0.019000
0 0.240500 0.467000 0.017000 0.013000
0 0.323000 0.312500 0.017000 0.016000
0 0.305000 0.389500 0.021000 0.020000
0 0.682500 0.275500 0.024000 0.022000
0 0.488000 0.588500 0.012000 0.012000
0 0.467500 0.736500 0.015000 0.015000
0 0.851000 0.458500 0.022000 0.026000
0 0.467000 0.450000 0.024000 0.032000
0 0.372000 0.657500 0.012000 0.012000
0 0.305750 0.692000 0.011500 0.010000
0 0.546000 0.318000 0.018000 0.024000
0 0.389500 0.428500 0.012000 0.015000
0 0.635000 0.430500 0.011000 0.010000
0 0.263000 0.615000 0.029000 0.029000
0 0.572500 0.561000 0.025000 0.023000
0 0.543500 0.239000 0.012000 0.013000
0 0.583000 0.419500 0.014000 0.018000
0 0.617000 0.591500 0.018000 0.017000
0 0.332000 0.741000 0.027000 0.027000
0 0.486000 0.642500 0.021000 0.017000
0 0.582500 0.385000 0.017000 0.026000
0 0.479500 0.524000 0.011000 0.015000
0 0.391000 0.303750 0.014000 0.017500
0 0.593000 0.259000 0.016000 0.016000
0 0.405000 0.160500 0.027000 0.026000
0 0.643500 0.560000 0.013000 0.013000
0 0.176000 0.535500 0.013000 0.013000
0 0.568500 0.225500 0.011000 0.010000
0 0.579500 0.492000 0.015000 0.017000
0 0.404500 0.354000 0.022000 0.025000
0 0.630000 0.857000 0.021000 0.018000
0 0.887000 0.422500 0.017000 0.018000
0 0.293500 0.278000 0.030000 0.030000
0 0.449000 0.481500 0.027000 0.032000
0 0.758000 0.244500 0.015000 0.013000
0 0.787500 0.527000 0.019000 0.020000
0 0.479000 0.537500 0.015000 0.015000
0 0.450500 0.464000 0.017000 0.017000
0 0.580000 0.518000 0.012000 0.011000
0 0.300500 0.722500 0.027000 0.027000
0 0.358000 0.652250 0.012000 0.017500
0 0.271500 0.241000 0.018000 0.016000
0 0.372000 0.127000 0.023000 0.023000
0 0.149000 0.571500 0.014000 0.016000
0 0.556000 0.325000 0.024000 0.025000
0 0.498000 0.496500 0.012000 0.014000
0 0.612000 0.558000 0.035000 0.033000
0 0.590000 0.578500 0.027000 0.027000
0 0.530500 0.505500 0.022000 0.016000
0 0.593500 0.544750 0.010000 0.014500
0 0.842500 0.398500 0.014000 0.013000
0 0.119000 0.672500 0.018000 0.014000
0 0.730000 0.468500 0.026000 0.024000
0 0.398500 0.422000 0.013000 0.012000
0 0.542750 0.403000 0.020500 0.015000
0 0.701500 0.432500 0.028000 0.032000
0 0.591500 0.202500 0.010000 0.013000
0 0.244500 0.419500 0.008000 0.012000
0 0.429500 0.463000 0.024000 0.024000
0 0.889500 0.523500 0.028000 0.028000
0 0.248500 0.367000 0.018000 0.020000
0 0.469000 0.335500 0.022000 0.022000
0 0.319500 0.168000 0.013000 0.019000
0 0.507500 0.894500 0.014000 0.011000
0 0.524000 0.231000 0.027000 0.022000
0 0.407000 0.664000 0.032000 0.024000
0 0.430000 0.504500 0.014000 0.011000
0 0.466000 0.648500 0.015000 0.018000
0 0.761500 0.309500 0.010000 0.014000
0 0.182000 0.478000 0.029000 0.027000
0 0.440500 0.821000 0.025000 0.024000
0 0.369000 0.402500 0.012000 0.014000
0 0.598500 0.188500 0.022000 0.027000
0 0.261000 0.183500 0.023000 0.023000
0 0.498500 0.304500 0.023000 0.023000
0 0.679500 0.423000 0.018000 0.017000
0 0.274250 0.443500 0.017500 0.017000
0 0.617750 0.637000 0.017500 0.015000
0 0.571000 0.530000 0.022000 0.028000
0 0.788500 0.399000 0.026000 0.031000
0 0.350500 0.603000 0.015000 0.016000
0 0.460500 0.482000 0.012000 0.011000
0 0.500500 0.343000 0.012000 0.011000
0 0.534500 0.581250 0.015000 0.020500
0 0.685000 0.126500 0.013000 0.013000
0 0.570500 0.509000 0.025000 0.030000
0 0.783000 0.492000 0.021000 0.023000
0 0.522500 0.474000 0.021000 0.022000
0 0.580000 0.533000 0.020000 0.020000
0 0.772000 0.797500 0.017000 0.013000
0 0.139500 0.526000 0.027000 0.021000
0 0.519500 0.459000 0.031000 0.025000
0 0.764500 0.337500 0.022000 0.028000
0 0.252000 0.587000 0.014000 0.014000
0 0.684500 0.504000 0.028000 0.034000
0 0.455500 0.354000 0.013000 0.012000
0 0.283000 0.521000 0.023000 0.023000
0 0.753500 0.759000 0.020000 0.023000
0 0.327000 0.777000 0.013000 0.013000
0 0.661500 0.438500 0.028000 0.022000
0 0.688000 0.325500 0.025000 0.019000
0 0.503000 0.480500 0.029000 0.025000
0 0.452500 0.613000 0.022000 0.016000
0 0.432000 0.483500 0.025000 0.021000
0 0.486000 0.184500 0.021000 0.020000
0 0.607000 0.668000 0.013000 0.015000
0 0.548500 0.589000 0.019000 0.018000
0 0.616500 0.399500 0.018000 0.013000
0 0.722500 0.808500 0.023000 0.016000
0 0.614000 0.454500 0.016000 0.012000
0 0.475000 0.532500 0.022000 0.022000
0 0.552500 0.808500 0.027000 0.022000
0 0.496500 0.416000 0.017000 0.019000
0 0.487500 0.557500 0.020000 0.018000
0 0.568500 0.705500 0.012000 0.013000
0 0.786000 0.326500 0.017000 0.025000
0 0.526000 0.568000 0.023000 0.022000
0 0.500500 0.498500 0.020000 0.020000
0 0.422500 0.542500 0.010000 0.019000
0 0.443500 0.206000 0.026000 0.027000
0 0.513000 0.402500 0.017000 0.019000
0 0.396000 0.495500 0.017000 0.013000
0 0.441000 0.567000 0.024000 0.018000
0 0.774500 0.518000 0.008000 0.011000
0 0.563000 0.577500 0.026000 0.031000
0 0.344000 0.546500 0.014000 0.014000
0 0.873500 0.530000 0.035000 0.031000
0 0.636500 0.263500 0.023000 0.026000
0 0.591500 0.622000 0.019000 0.018000
0 0.525500 0.512500 0.021000 0.018000
0 0.717000 0.535500 0.011000 0.011000
0 0.554750 0.628000 0.014500 0.012000
0 0.876000 0.564000 0.009000 0.009000
0 0.522500 0.293500 0.020000 0.018000
0 0.495500 0.514500 0.014000 0.018000
0 0.532000 0.758000 0.013000 0.013000
0 0.456000 0.505500 0.018000 0.023000
0 0.345500 0.354500 0.024000 0.020000
0 0.449500 0.237500 0.015000 0.014000
0 0.471500 0.522000 0.016000 0.017000
0 0.823500 0.365500 0.022000 0.018000
0 0.650500 0.431000 0.025000 0.021000
0 0.305000 0.707500 0.030000 0.030000
0 0.622500 0.502500 0.016000 0.023000
0 0.174500 0.515500 0.022000 0.022000
0 0.597000 0.127000 0.027000 0.029000
0 0.248500 0.814500 0.032000 0.032000
0 0.683000 0.541500 0.031000 0.021000
0 0.369500 0.280500 0.019000 0.015000
0 0.332500 0.269500 0.030000 0.025000
0 0.681000 0.761500 0.014000 0.015000
0 0.293000 0.400000 0.021000 0.023000
0 0.456000 0.602500 0.019000 0.019000
0 0.333750 0.568750 0.033500 0.033500
0 0.534000 0.559500 0.008000 0.012000
0 0.424000 0.399500 0.028000 0.028000
0 0.554000 0.793500 0.026000 0.021000
0 0.331000 0.637000 0.027000 0.028000
0 0.464500 0.436000 0.026000 0.024000
0 0.435000 0.697000 0.027000 0.026000
0 0.429500 0.118500 0.020000 0.021000
0 0.273500 0.213500 0.028000 0.027000
0 0.610000 0.817500 0.017000 0.022000
0 0.387750 0.654500 0.011500 0.012000
0 0.430500 0.336500 0.019000 0.015000
0 0.814500 0.588000 0.009000 0.012000
0 0.256500 0.549500 0.021000 0.029000
0 0.599500 0.720500 0.025000 0.023000
0 0.464000 0.511500 0.028000 0.027000
0 0.498000 0.444500 0.012000 0.016000
0 0.354000 0.688500 0.017000 0.020000
0 0.157000 0.289500 0.016000 0.015000
0 0.605000 0.646500 0.025000 0.028000
0 0.197000 0.673500 0.015000 0.016000
0 0.759500 0.174000 0.018000 0.024000
0 0.455000 0.130000 0.013000 0.013000
0 0.377500 0.534000 0.017000 0.020000
0 0.478000 0.668000 0.013000 0.015000
0 0.508000 0.087500 0.026000 0.026000
0 0.270000 0.590000 0.020000 0.024000
0 0.408000 0.717000 0.019000 0.019000
0 0.283000 0.259000 0.027000 0.026000
0 0.710500 0.703500 0.025000 0.023000
0 0.170500 0.491500 0.016000 0.013000
0 0.283000 0.529000 0.013000 0.017000
0 0.353000 0.494500 0.019000 0.019000
0 0.903000 0.556000 0.015000 0.013000
0 0.566000 0.651000 0.026000 0.025000
0 0.475000 0.595000 0.019000 0.018000
0 0.474500 0.605000 0.019000 0.018000
0 0.542500 0.498500 0.015000 0.019000
0 0.293500 0.205000 0.028000 0.032000
0 0.589500 0.222500 0.012000 0.011000
0 0.872500 0.307500 0.019000 0.026000
0 0.416500 0.642500 0.013000 0.014000
0 0.547500 0.543000 0.016000 0.015000
0 0.624000 0.544500 0.022000 0.022000
0 0.622000 0.815500 0.013000 0.012000
0 0.637500 0.418000 0.022000 0.014000
0 0.680000 0.385500 0.011000 0.015000
0 0.489000 0.680500 0.022000 0.018000
0 0.185500 0.362000 0.016000 0.016000
0 0.594500 0.615000 0.015000 0.023000
0 0.482000 0.540000 0.022000 0.023000
0 0.799000 0.635500 0.018000 0.021000
0 0.559500 0.112000 0.016000 0.023000
0 0.407000 0.467500 0.013000 0.018000
0 0.293500 0.358500 0.011000 0.013000
0 0.337500 0.239500 0.031000 0.032000
0 0.111000 0.364000 0.017000 0.016000
0 0.480000 0.747500 0.021000 0.022000
0 0.599000 0.513500 0.023000 0.020000
0 0.444500 0.297500 0.024000 0.024000
0 0.495000 0.245000 0.010000 0.015000
0 0.720000 0.210500 0.020000 0.015000
0 0.390500 0.549000 0.019000 0.018000
0 0.507000 0.513000 0.023000 0.021000
0 0.440000 0.219500 0.014000 0.010000
0 0.809500 0.317000 0.019000 0.025000
0 0.302500 0.785000 0.012000 0.011000
0 0.809000 0.580000 0.013000 0.012000
0 0.380500 0.625000 0.017000 0.020000
0 0.529500 0.781500 0.015000 0.016000
0 0.617500 0.324500 0.017000 0.016000
0 0.269000 0.404000 0.023000 0.031000
0 0.348500 0.829500 0.020000 0.027000
0 0.830000 0.522500 0.010000 0.010000
0 0.331500 0.506000 0.028000 0.021000
0 0.432500 0.611500 0.018000 0.016000
0 0.370000 0.517500 0.022000 0.028000
0 0.751500 0.687500 0.019000 0.020000
0 0.536500 0.481500 0.020000 0.022000
0 0.482500 0.279000 0.022000 0.027000
0 0.138000 0.314500 0.018000 0.022000
0 0.443500 0.632500 0.015000 0.016000
0 0.293000 0.676500 0.031000 0.029000
0 0.453500 0.719000 0.020000 0.015000
0 0.551000 0.637000 0.021000 0.022000
0 0.188500 0.738000 0.024000 0.018000
0 0.213500 0.630500 0.014000 0.017000
0 0.426500 0.194000 0.033000 0.032000
0 0.584500 0.460000 0.032000 0.021000
0 0.646000 0.676000 0.021000 0.022000
0 0.492500 0.486000 0.032000 0.033000
0 0.478500 0.617500 0.015000 0.017000
0 0.707500 0.812500 0.022000 0.023000
0 0.557000 0.468500 0.024000 0.024000
0 0.396000 0.503000 0.008000 0.009000
0 0.353500 0.742000 0.022000 0.021000
0 0.531000 0.492500 0.018000 0.019000
0 0.525500 0.446000 0.012000 0.012000
0 0.614750 0.298500 0.017500 0.012000
0 0.139500 0.495000 0.024000 0.023000
0 0.426500 0.096000 0.028000 0.019000
0 0.327000 0.218000 0.026000 0.019000
0 0.549000 0.713000 0.022000 0.025000
0 0.507000 0.501500 0.029000 0.028000
0 0.590500 0.861000 0.013000 0.011000
0 0.679000 0.511000 0.016000 0.014000
0 0.329000 0.128500 0.011000 0.012000
0 0.263000 0.629500 0.023000 0.024000
0 0.294000 0.328000 0.020000 0.031000
0 0.875000 0.662000 0.015000 0.019000
0 0.783000 0.429500 0.025000 0.024000
0 0.642000 0.740000 0.022000 0.027000
0 0.661000 0.492000 0.013000 0.014000
0 0.520500 0.367500 0.028000 0.027000
0 0.253000 0.269000 0.023000 0.025000
0 0.420500 0.531750 0.012000 0.014500
0 0.418500 0.737500 0.019000 0.018000
0 0.305000 0.425500 0.020000 0.019000
0 0.475000 0.090500 0.023000 0.017000
0 0.555000 0.542000 0.018000 0.018000
0 0.427500 0.857500 0.017000 0.021000
0 0.404000 0.263000 0.014000 0.013000
0 0.370000 0.630000 0.019000 0.027000
0 0.274500 0.509500 0.018000 0.019000
0 0.259500 0.457500 0.016000 0.018000
0 0.504500 0.562000 0.025000 0.021000
0 0.810500 0.298500 0.027000 0.027000
0 0.753000 0.566000 0.019000 0.018000
0 0.439000 0.200000 0.027000 0.031000
0 0.098500 0.459000 0.019000 0.014000
0 0.647000 0.724500 0.021000 0.028000
0 0.371250 0.650000 0.020500 0.015000
0 0.665000 0.362500 0.015000 0.015000
0 0.439500 0.605000 0.011000 0.010000
0 0.691500 0.197500 0.013000 0.013000
0 0.528500 0.636500 0.030000 0.029000
0 0.714000 0.371500 0.016000 0.016000
0 0.565500 0.605000 0.016000 0.017000
0 0.609500 0.314500 0.026000 0.024000
0 0.726500 0.493500 0.021000 0.024000
0 0.589500 0.649500 0.027000 0.023000
0 0.266500 0.290500 0.014000 0.018000
0 0.315500 0.812000 0.015000 0.013000
0 0.690000 0.741500 0.022000 0.027000
0 0.188500 0.650000 0.016000 0.021000
0 0.712000 0.488000 0.011000 0.016000
0 0.431000 0.444000 0.032000 0.032000
0 0.251000 0.734500 0.018000 0.019000
0 0.343000 0.303500 0.028000 0.030000
0 0.566000 0.668000 0.015000 0.014000
0 0.494500 0.575000 0.008000 0.010000
0 0.539500 0.442500 0.014000 0.011000
0 0.449500 0.307000 0.022000 0.028000
0 0.344500 0.441500 0.011000 0.013000
0 0.158500 0.675000 0.024000 0.023000
0 0.297000 0.593500 0.028000 0.028000
0 0.277000 0.856000 0.021000 0.023000
0 0.511500 0.488000 0.016000 0.011000
0 0.546000 0.495500 0.016000 0.019000
0 0.333000 0.351500 0.019000 0.023000
0 0.306000 0.341500 0.013000 0.012000
0 0.506750 0.379000 0.026500 0.018000
0 0.493000 0.781000 0.021000 0.017000
0 0.196000 0.650000 0.018000 0.012000
0 0.775000 0.663500 0.018000 0.013000
0 0.738500 0.185000 0.021000 0.022000
0 0.593000 0.494000 0.024000 0.021000
0 0.429000 0.651000 0.024000 0.025000
0 0.479000 0.457000 0.021000 0.020000
0 0.581500 0.209000 0.020000 0.018000
0 0.679500 0.708500 0.012000 0.018000
0 0.202000 0.721500 0.012000 0.020000
0 0.484000 0.517000 0.013000 0.013000
0 0.239500 0.475500 0.014000 0.018000
0 0.749000 0.344000 0.022000 0.022000
0 0.475000 0.496500 0.021000 0.020000
0 0.548000 0.396000 0.013000 0.010000
0 0.477500 0.235000 0.014000 0.014000
0 0.503000 0.428000 0.024000 0.028000
0 0.744500 0.407000 0.022000 0.025000
0 0.502500 0.251000 0.014000 0.015000
0 0.275500 0.701000 0.013000 0.015000
0 0.498500 0.583000 0.023000 0.025000
0 0.581500 0.895000 0.025000 0.024000
0 0.464000 0.570500 0.016000 0.021000
0 0.549500 0.521500 0.011000 0.011000
0 0.719000 0.513000 0.019000 0.022000
0 0.771500 0.721500 0.016000 0.017000
0 0.763500 0.616000 0.027000 0.026000
0 0.757000 0.513500 0.021000 0.016000
0 0.571000 0.695000 0.017000 0.021000
0 0.307000 0.143500 0.024000 0.024000
0 0.486000 0.621500 0.018000 0.016000
0 0.484500 0.401500 0.021000 0.022000
0 0.462500 0.678500 0.013000 0.015000
0 0.243000 0.548000 0.017000 0.017000
0 0.614500 0.606000 0.021000 0.020000
0 0.438000 0.560000 0.024000 0.023000
0 0.653750 0.456750 0.021500 0.021500
0 0.683000 0.845500 0.015000 0.016000
0 0.522500 0.134500 0.022000 0.020000
0 0.230500 0.571500 0.017000 0.016000
0 0.663500 0.235500 0.027000 0.021000
0 0.356500 0.376000 0.021000 0.023000
0 0.713000 0.242500 0.017000 0.017000
0 0.512500 0.479000 0.012000 0.012000
0 0.551000 0.763500 0.015000 0.015000
0 0.725500 0.605500 0.029000 0.024000
0 0.820500 0.261000 0.018000 0.018000
0 0.478500 0.501000 0.012000 0.009000
0 0.521000 0.862000 0.027000 0.028000
0 0.160500 0.554500 0.025000 0.027000
0 0.896500 0.632000 0.017000 0.018000
0 0.400500 0.156500 0.018000 0.017000
0 0.507500 0.553000 0.025000 0.027000
0 0.189500 0.553000 0.027000 0.027000
0 0.486000 0.442500 0.017000 0.018000
0 0.558500 0.844500 0.014000 0.014000
0 0.581250 0.569000 0.023500 0.016000
0 0.532500 0.468000 0.024000 0.023000
0 0.282000 0.392500 0.014000 0.016000
0 0.336000 0.490000 0.024000 0.021000
0 0.409000 0.652500 0.015000 0.025000
0 0.217500 0.547000 0.013000 0.013000
0 0.237000 0.424500 0.031000 0.025000
0 0.243500 0.505000 0.027000 0.021000
0 0.402500 0.853000 0.012000 0.015000
0 0.498500 0.237500 0.012000 0.012000
0 0.556500 0.200000 0.015000 0.010000
0 0.092000 0.582500 0.025000 0.025000
0 0.318000 0.224500 0.017000 0.018000
0 0.306000 0.183000 0.028000 0.027000
0 0.228000 0.665500 0.018000 0.027000
0 0.492500 0.469500 0.018000 0.010000
0 0.493000 0.453500 0.025000 0.031000
0 0.738000 0.723000 0.016000 0.019000
0 0.728000 0.721500 0.016000 0.015000
0 0.230500 0.466500 0.016000 0.023000
0 0.588000 0.200500 0.015000 0.014000
0 0.369500 0.443500 0.028000 0.026000
0 0.868000 0.668500 0.019000 0.020000
0 0.718000 0.339500 0.018000 0.020000
0 0.494500 0.634000 0.011000 0.011000
0 0.695000 0.631000 0.012000 0.014000
0 0.390000 0.316500 0.018000 0.017000
0 0.734500 0.192500 0.017000 0.018000
0 0.488000 0.247000 0.014000 0.014000
0 0.652500 0.697000 0.021000 0.023000
0 0.584500 0.725000 0.021000 0.023000
0 0.557000 0.503500 0.015000 0.012000
0 0.476000 0.808500 0.018000 0.013000
0 0.721000 0.470500 0.010000 0.010000
0 0.178000 0.510000 0.023000 0.017000
0 0.359000 0.167500 0.023000 0.025000
0 0.572000 0.542500 0.016000 0.016000
0 0.425500 0.844500 0.020000 0.014000
0 0.658500 0.664500 0.019000 0.018000
0 0.563500 0.442500 0.028000 0.027000
0 0.449500 0.392500 0.029000 0.029000
0 0.529750 0.524000 0.023500 0.016000
0 0.193000 0.555000 0.023000 0.026000
0 0.533000 0.841000 0.021000 0.029000
0 0.575000 0.577000 0.019000 0.021000
0 0.617000 0.352500 0.032000 0.020000
0 0.521000 0.881500 0.019000 0.018000
0 0.637500 0.553000 0.012000 0.014000
0 0.150000 0.552500 0.023000 0.025000
0 0.338500 0.119500 0.017000 0.016000
0 0.467500 0.441500 0.025000 0.019000
0 0.474000 0.655000 0.023000 0.021000
0 0.344500 0.584500 0.033000 0.032000
0 0.581500 0.746500 0.017000 0.017000
0 0.320000 0.440000 0.025000 0.024000
0 0.343500 0.616000 0.014000 0.017000
0 0.521000 0.329000 0.023000 0.016000
0 0.296500 0.348500 0.029000 0.028000
0 0.367500 0.377500 0.015000 0.014000
0 0.515000 0.514000 0.021000 0.023000
0 0.824500 0.580500 0.013000 0.020000
0 0.421000 0.285000 0.010000 0.013000
0 0.260500 0.632500 0.021000 0.021000
0 0.431500 0.629000 0.027000 0.028000
0 0.556500 0.572000 0.022000 0.024000
0 0.361500 0.651000 0.024000 0.021000
0 0.586500 0.767500 0.026000 0.024000
0 0.502500 0.670500 0.031000 0.023000
0 0.360500 0.480500 0.026000 0.027000
0 0.842500 0.307000 0.028000 0.020000
0 0.530000 0.397000 0.019000 0.016000
0 0.695000 0.231250 0.019000 0.026500
0 0.369500 0.339500 0.016000 0.017000
0 0.274000 0.666000 0.018000 0.026000
0 0.691000 0.380000 0.014000 0.015000
0 0.169500 0.609500 0.015000 0.019000
0 0.547500 0.507000 0.012000 0.014000
0 0.159500 0.308000 0.025000 0.026000
0 0.794000 0.464000 0.031000 0.029000
0 0.380000 0.511000 0.016000 0.014000
0 0.660500 0.221500 0.014000 0.013000
0 0.516500 0.440000 0.016000 0.010000
0 0.335000 0.717000 0.014000 0.011000
0 0.488500 0.520000 0.028000 0.023000
0 0.110500 0.530500 0.029000 0.021000
0 0.574500 0.480000 0.025000 0.017000
0 0.557000 0.209500 0.015000 0.015000
0 0.708500 0.447000 0.009000 0.010000
0 0.283500 0.537000 0.022000 0.021000
0 0.468500 0.245500 0.009000 0.009000
0 0.431500 0.328000 0.014000 0.013000
0 0.130500 0.586000 0.030000 0.032000
0 0.324500 0.550000 0.011000 0.016000
0 0.548500 0.200000 0.015000 0.019000
0 0.625000 0.761500 0.025000 0.020000
0 0.525000 0.482500 0.014000 0.016000
0 0.676500 0.875000 0.010000 0.011000
0 0.606500 0.576500 0.010000 0.014000
0 0.567000 0.346500 0.013000 0.013000
0 0.675000 0.491500 0.026000 0.028000
0 0.099000 0.625000 0.026000 0.028000
0 0.254500 0.514500 0.013000 0.011000
0 0.381500 0.474500 0.019000 0.022000
0 0.394000 0.586000 0.020000 0.028000
0 0.256000 0.482000 0.018000 0.019000
0 0.430500 0.356000 0.016000 0.016000
0 0.649500 0.214000 0.025000 0.019000
0 0.507000 0.580500 0.027000 0.028000
0 0.833000 0.741000 0.021000 0.031000
0 0.723500 0.786000 0.031000 0.029000
0 0.824000 0.360500 0.013000 0.014000
0 0.373000 0.614000 0.030000 0.024000
0 0.205000 0.346500 0.015000 0.016000
0 0.496500 0.508500 0.016000 0.017000
0 0.506000 0.569500 0.021000 0.017000
0 0.332000 0.252000 0.020000 0.018000
0 0.388500 0.198000 0.023000 0.022000
0 0.407500 0.532000 0.021000 0.021000
0 0.426500 0.573500 0.024000 0.024000
0 0.769500 0.415500 0.023000 0.024000
0 0.315000 0.588000 0.017000 0.017000
0 0.428000 0.256500 0.018000 0.016000
0 0.528000 0.263500 0.018000 0.022000
0 0.437000 0.498500 0.017000 0.013000
0 0.502000 0.273000 0.025000 0.021000
0 0.348000 0.884000 0.016000 0.017000
0 0.266000 0.261000 0.011000 0.010000
0 0.570000 0.848000 0.017000 0.013000
0 0.636000 0.503000 0.020000 0.020000
0 0.588000 0.564000 0.021000 0.022000
0 0.543000 0.816500 0.017000 0.020000
0 0.573000 0.512000 0.017000 0.019000
0 0.726000 0.599000 0.016000 0.015000
0 0.623000 0.851500 0.019000 0.020000
0 0.309000 0.327000 0.015000 0.018000
0 0.567500 0.405000 0.013000 0.012000
0 0.223000 0.692500 0.019000 0.014000
0 0.254000 0.407500 0.035000 0.034000
0 0.302000 0.184000 0.030000 0.028000
0 0.877000 0.573000 0.021000 0.018000
0 0.450500 0.852000 0.031000 0.030000
0 0.469000 0.561500 0.014000 0.014000
0 0.829000 0.567000 0.026000 0.014000
0 0.449000 0.432000 0.018000 0.019000
0 0.318000 0.575500 0.018000 0.019000
0 0.509000 0.456500 0.032000 0.030000
0 0.573000 0.263000 0.035000 0.031000
0 0.505500 0.366000 0.028000 0.029000
0 0.517000 0.409000 0.024000 0.019000
0 0.695000 0.732500 0.025000 0.024000
0 0.647500 0.396000 0.018000 0.029000
0 0.499500 0.588500 0.033000 0.031000
0 0.571000 0.718250 0.016000 0.023500
0 0.282500 0.596500 0.011000 0.013000
0 0.555500 0.693500 0.015000 0.016000
0 0.664000 0.765500 0.025000 0.025000
0 0.547500 0.569500 0.022000 0.016000
0 0.689500 0.178500 0.018000 0.029000
0 0.343000 0.428000 0.014000 0.012000
0 0.407500 0.460750 0.015000 0.017500
0 0.464500 0.497500 0.017000 0.014000
0 0.516500 0.544500 0.014000 0.013000
0 0.263000 0.660000 0.018000 0.018000
0 0.722500 0.613500 0.016000 0.012000
0 0.279500 0.432500 0.022000 0.020000
0 0.470500 0.190500 0.024000 0.020000
0 0.213500 0.584000 0.014000 0.015000
0 0.454500 0.658000 0.010000 0.013000
0 0.594000 0.878500 0.012000 0.016000
0 0.471000 0.544000 0.011000 0.012000
0 0.687500 0.334500 0.015000 0.015000
0 0.557000 0.521500 0.024000 0.016000
0 0.389000 0.183000 0.016000 0.016000
0 0.241000 0.512500 0.014000 0.016000
0 0.769500 0.543000 0.015000 0.016000
0 0.240500 0.181500 0.020000 0.021000
0 0.353000 0.407500 0.032000 0.032000
0 0.182500 0.674500 0.019000 0.017000
0 0.660000 0.726000 0.017000 0.014000
0 0.472500 0.105500 0.013000 0.014000
0 0.413000 0.515000 0.014000 0.009000
0 0.107000 0.643000 0.023000 0.022000
0 0.503000 0.398500 0.022000 0.032000
0 0.438000 0.474000 0.018000 0.018000
0 0.539000 0.335000 0.011000 0.011000
0 0.827000 0.515000 0.013000 0.012000
0 0.449000 0.666000 0.013000 0.010000
0 0.206000 0.592500 0.022000 0.022000
0 0.315000 0.510500 0.025000 0.024000
0 0.493000 0.555000 0.024000 0.020000
0 0.294500 0.804000 0.022000 0.022000
0 0.587000 0.558500 0.014000 0.010000
0 0.529500 0.657000 0.015000 0.011000
0 0.405000 0.452000 0.020000 0.018000
0 0.155000 0.566000 0.024000 0.027000
0 0.633500 0.180500 0.013000 0.016000
0 0.524500 0.539000 0.019000 0.019000
0 0.584000 0.375000 0.019000 0.021000
0 0.275500 0.713500 0.027000 0.033000
0 0.912500 0.565000 0.028000 0.020000
0 0.429500 0.662500 0.023000 0.021000
0 0.266500 0.217000 0.018000 0.019000
0 0.530500 0.378500 0.024000 0.025000
0 0.423500 0.434000 0.026000 0.020000
0 0.731500 0.396000 0.030000 0.022000
0 0.808500 0.355500 0.026000 0.015000
0 0.318500 0.749500 0.018000 0.022000
0 0.719500 0.544000 0.015000 0.022000
0 0.512500 0.788500 0.017000 0.023000
0 0.579500 0.141000 0.021000 0.022000
0 0.363000 0.178500 0.016000 0.016000
0 0.513000 0.534000 0.027000 0.021000
0 0.697500 0.300000 0.033000 0.031000
0 0.602000 0.565500 0.030000 0.031000
0 0.446000 0.257000 0.011000 0.012000
0 0.513500 0.620500 0.013000 0.013000
0 0.845500 0.614000 0.028000 0.027000
0 0.511250 0.306500 0.017500 0.012000
0 0.221500 0.302000 0.016000 0.017000
0 0.336000 0.183000 0.024000 0.025000
0 0.481500 0.346000 0.023000 0.021000
0 0.319500 0.485500 0.027000 0.024000
0 0.570500 0.492000 0.021000 0.028000
0 0.141000 0.532500 0.010000 0.011000
0 0.619500 0.291500 0.023000 0.023000
0 0.298000 0.691000 0.022000 0.024000
0 0.534500 0.466500 0.029000 0.033000
0 0.652500 0.532500 0.032000 0.028000
0 0.634000 0.476500 0.013000 0.014000
0 0.169000 0.417500 0.020000 0.016000
0 0.490500 0.499500 0.022000 0.021000
0 0.412000 0.857500 0.021000 0.020000
0 0.783500 0.384000 0.024000 0.022000
0 0.630500 0.473500 0.019000 0.018000
0 0.194000 0.518000 0.027000 0.028000
0 0.602500 0.456000 0.028000 0.026000
0 0.540000 0.534000 0.025000 0.025000
0 0.450000 0.549000 0.023000 0.021000
0 0.439000 0.194500 0.013000 0.014000
0 0.605000 0.494000 0.010000 0.010000
0 0.813500 0.689000 0.023000 0.020000
0 0.591000 0.590500 0.029000 0.024000
0 0.105000 0.422500 0.015000 0.016000