0 0.484500 0.511500 0.014000 0.013000
0 0.521000 0.489500 0.025000 0.021000
0 0.438500 0.718000 0.015000 0.016000
0 0.505000 0.502500 0.014000 0.015000
0 0.449500 0.894000 0.031000 0.032000
0 0.524000 0.508500 0.025000 0.018000
0 0.304000 0.210000 0.019000 0.018000
0 0.213000 0.665500 0.012000 0.015000
0 0.739000 0.677000 0.022000 0.020000
0 0.497500 0.501500 0.027000 0.020000
0 0.904500 0.510000 0.035000 0.024000
0 0.409500 0.203500 0.023000 0.023000
0 0.477000 0.616500 0.022000 0.022000
0 0.416000 0.220500 0.019000 0.023000
0 0.663000 0.278500 0.021000 0.025000
0 0.517500 0.087500 0.013000 0.015000
0 0.481500 0.205500 0.020000 0.027000
0 0.451500 0.215000 0.012000 0.012000
0 0.521500 0.554000 0.031000 0.024000
0 0.584000 0.698000 0.026000 0.024000
0 0.452000 0.881000 0.017000 0.014000
0 0.264000 0.638500 0.010000 0.010000
0 0.301500 0.272250 0.020000 0.026500
0 0.422500 0.731500 0.022000 0.023000
0 0.412000 0.771500 0.021000 0.022000
0 0.407000 0.537000 0.025000 0.027000
0 0.226000 0.262500 0.016000 0.015000
0 0.551000 0.382500 0.029000 0.033000
0 0.481500 0.462000 0.011000 0.010000
0 0.277000 0.369000 0.020000 0.022000
0 0.533500 0.426000 0.016000 0.011000
0 0.614500 0.597000 0.025000 0.024000
0 0.500000 0.580000 0.021000 0.020000
0 0.561500 0.302500 0.021000 0.015000
0 0.376500 0.373000 0.025000 0.019000
0 0.475500 0.587000 0.020000 0.019000
0 0.499500 0.538500 0.013000 0.012000
0 0.561500 0.110500 0.021000 0.022000
0 0.701500 0.481500 0.025000 0.026000
0 0.470000 0.462500 0.016000 0.011000
0 0.427500 0.325000 0.017000 0.021000
0 0.486000 0.578500 0.013000 0.018000
0 0.625500 0.522000 0.023000 0.020000
0 0.626000 0.685000 0.017000 0.013000
0 0.540500 0.880000 0.014000 0.017000
0 0.269500 0.502500 0.024000 0.017000
0 0.158500 0.437500 0.024000 0.023000
0 0.526000 0.412500 0.029000 0.032000
0 0.388000 0.241000 0.013000 0.010000
0 0.469000 0.487000 0.021000 0.021000
0 0.782500 0.242500 0.024000 0.025000
0 0.784500 0.578500 0.028000 0.027000
0 0.774500 0.249500 0.018000 0.021000
0 0.295000 0.465500 0.019000 0.018000
0 0.403000 0.833000 0.020000 0.026000
0 0.790000 0.606500 0.031000 0.030000
0 0.122500 0.395000 0.024000 0.024000
0 0.325500 0.469500 0.026000 0.018000
0 0.540000 0.842000 0.013000 0.015000
0 0.426000 0.703500 0.018000 0.016000
0 0.568000 0.347500 0.014000 0.013000
0 0.638500 0.498000 0.025000 0.022000
0 0.150000 0.457500 0.027000 0.026000
0 0.597500 0.738500 0.026000 0.029000
0 0.481000 0.498500 0.018000 0.018000
0 0.595500 0.393500 0.024000 0.017000
0 0.556000 0.570500 0.010000 0.011000
0 0.639000 0.440500 0.029000 0.026000
0 0.381500 0.739000 0.033000 0.026000
0 0.399500 0.706500 0.020000 0.020000
0 0.502000 0.905500 0.030000 0.033000
0 0.170500 0.492500 0.025000 0.028000
0 0.493500 0.662500 0.013000 0.010000
0 0.534500 0.717000 0.031000 0.031000
0 0.820500 0.529000 0.015000 0.012000
0 0.759500 0.385500 0.019000 0.021000
0 0.427500 0.537500 0.014000 0.017000
0 0.318500 0.552000 0.017000 0.020000
0 0.441000 0.298500 0.021000 0.017000
0 0.823000 0.355500 0.022000 0.031000
0 0.508000 0.481500 0.020000 0.016000
0 0.576500 0.679000 0.015000 0.014000
0 0.655000 0.313000 0.030000 0.030000
0 0.850500 0.458000 0.022000 0.021000
0 0.185000 0.403500 0.012000 0.011000
0 0.219250 0.223500 0.023500 0.017000
0 0.247000 0.318500 0.018000 0.021000
0 0.663000 0.200500 0.014000 0.013000
0 0.093000 0.409000 0.017000 0.020000
0 0.344000 0.678500 0.022000 0.019000
0 0.388000 0.860500 0.017000 0.016000
0 0.444000 0.429000 0.016000 0.014000
0 0.287500 0.512500 0.025000 0.024000
0 0.440000 0.736500 0.019000 0.015000
0 0.583500 0.175000 0.011000 0.011000
0 0.886500 0.576000 0.023000 0.023000
0 0.280500 0.683500 0.012000 0.013000
0 0.606000 0.221000 0.019000 0.019000
0 0.377500 0.474000 0.020000 0.021000
0 0.633500 0.767000 0.018000 0.017000
0 0.429000 0.835000 0.017000 0.016000
0 0.279000 0.385500 0.025000 0.028000
0 0.435000 0.718000 0.016000 0.014000
0 0.123500 0.315000 0.027000 0.022000
0 0.572500 0.620000 0.011000 0.018000
0 0.343500 0.136000 0.014000 0.015000
0 0.876000 0.396500 0.020000 0.019000
0 0.551000 0.251500 0.023000 0.022000
0 0.371000 0.411500 0.029000 0.020000
0 0.491000 0.596000 0.020000 0.017000
0 0.866500 0.678000 0.017000 0.017000
0 0.227500 0.666000 0.017000 0.017000
0 0.788500 0.439250 0.018000 0.017500
0 0.545000 0.101000 0.021000 0.022000
0 0.708500 0.642500 0.026000 0.018000
0 0.557500 0.467500 0.015000 0.014000
0 0.447000 0.177000 0.017000 0.013000
0 0.698500 0.603000 0.011000 0.012000
0 0.873500 0.555500 0.018000 0.026000
0 0.247000 0.502000 0.015000 0.014000
0 0.666500 0.673000 0.018000 0.030000
0 0.880500 0.526500 0.031000 0.027000
0 0.472500 0.450500 0.022000 0.021000
0 0.445000 0.393500 0.019000 0.018000
0 0.171000 0.488000 0.016000 0.016000
0 0.501500 0.468000 0.017000 0.022000
0 0.589000 0.706000 0.027000 0.025000
0 0.436500 0.175500 0.010000 0.011000
0 0.388000 0.171000 0.020000 0.021000
0 0.119500 0.405500 0.027000 0.024000
0 0.489000 0.477000 0.017000 0.025000
0 0.458000 0.529500 0.029000 0.031000
0 0.110500 0.407500 0.025000 0.025000
0 0.310500 0.321500 0.012000 0.016000
0 0.413000 0.525500 0.013000 0.012000
0 0.717000 0.244500 0.018000 0.018000
0 0.499500 0.499000 0.013000 0.011000
0 0.287500 0.184000 0.016000 0.017000
0 0.544500 0.559500 0.012000 0.011000
0 0.664500 0.115000 0.023000 0.023000
0 0.559000 0.508000 0.023000 0.026000
0 0.792000 0.718500 0.022000 0.023000
0 0.307000 0.805500 0.016000 0.029000
0 0.545000 0.414000 0.022000 0.025000
0 0.603500 0.665000 0.027000 0.029000
0 0.527500 0.168000 0.016000 0.015000
0 0.519000 0.223000 0.024000 0.019000
0 0.418000 0.558000 0.010000 0.010000
0 0.450500 0.345500 0.018000 0.029000
0 0.583000 0.649000 0.019000 0.024000
0 0.465000 0.431000 0.016000 0.017000
0 0.658000 0.450500 0.018000 0.018000
0 0.380000 0.456500 0.028000 0.022000
0 0.902500 0.446500 0.023000 0.026000
0 0.257000 0.617500 0.014000 0.016000
0 0.577500 0.728500 0.014000 0.012000
0 0.263500 0.212000 0.018000 0.018000
0 0.431500 0.390000 0.016000 0.015000
0 0.832500 0.494500 0.026000 0.029000
0 0.439500 0.487000 0.013000 0.013000
0 0.324500 0.575000 0.029000 0.023000
0 0.454500 0.515000 0.022000 0.024000
0 0.390500 0.562500 0.033000 0.033000
0 0.744500 0.480500 0.021000 0.020000
0 0.532500 0.508500 0.013000 0.018000
0 0.772500 0.263000 0.019000 0.017000
0 0.338000 0.616000 0.034000 0.026000
0 0.592000 0.740500 0.027000 0.027000
0 0.702500 0.397000 0.016000 0.011000
0 0.635500 0.433500 0.018000 0.018000
0 0.438000 0.526500 0.031000 0.030000
0 0.347500 0.813500 0.027000 0.027000
0 0.458500 0.904500 0.029000 0.029000
0 0.614000 0.629500 0.016000 0.019000
0 0.565000 0.580000 0.031000 0.030000
0 0.572500 0.537500 0.028000 0.022000
0 0.525000 0.581000 0.023000 0.025000
0 0.429500 0.298500 0.020000 0.032000
0 0.547000 0.540500 0.024000 0.026000
0 0.387000 0.281500 0.020000 0.020000
0 0.705500 0.763000 0.013000 0.017000
0 0.568500 0.261000 0.026000 0.017000
0 0.162500 0.735000 0.022000 0.017000
0 0.505000 0.399000 0.027000 0.029000
0 0.420500 0.267500 0.024000 0.027000
0 0.546500 0.453500 0.023000 0.023000
0 0.727000 0.278000 0.019000 0.020000
0 0.717500 0.676000 0.010000 0.010000
0 0.771500 0.210500 0.024000 0.023000
0 0.431000 0.813000 0.023000 0.024000
0 0.575500 0.511000 0.017000 0.022000
0 0.319500 0.457000 0.015000 0.011000
0 0.279500 0.726500 0.011000 0.011000
0 0.477500 0.539000 0.014000 0.014000
0 0.325000 0.867000 0.019000 0.016000
0 0.452000 0.417000 0.034000 0.035000
0 0.487500 0.531000 0.026000 0.017000
0 0.349000 0.480500 0.016000 0.017000
0 0.459500 0.571500 0.031000 0.025000
0 0.523000 0.519000 0.014000 0.016000
0 0.410500 0.503500 0.022000 0.019000
0 0.735000 0.573500 0.014000 0.015000
0 0.481500 0.450500 0.014000 0.014000
0 0.714000 0.302000 0.012000 0.015000
0 0.446000 0.496500 0.011000 0.014000
0 0.412000 0.676500 0.030000 0.027000
0 0.636000 0.495000 0.020000 0.023000
0 0.806000 0.215000 0.020000 0.016000
0 0.485000 0.772500 0.016000 0.013000
0 0.564000 0.472750 0.017000 0.023500
0 0.581500 0.394000 0.026000 0.028000
0 0.190500 0.736000 0.013000 0.012000
0 0.325500 0.876000 0.018000 0.022000
0 0.561500 0.396500 0.026000 0.026000
0 0.323000 0.473500 0.017000 0.018000
0 0.416000 0.481000 0.018000 0.020000
0 0.241500 0.556000 0.014000 0.013000
0 0.430500 0.589000 0.022000 0.026000
0 0.359000 0.571000 0.022000 0.031000
0 0.436500 0.442500 0.028000 0.028000
0 0.617500 0.491000 0.021000 0.017000
0 0.359500 0.663000 0.018000 0.015000
0 0.513500 0.784000 0.013000 0.017000
0 0.226500 0.426500 0.023000 0.019000
0 0.455000 0.436000 0.014000 0.012000
0 0.781000 0.255500 0.023000 0.019000
0 0.453000 0.386000 0.024000 0.024000
0 0.407000 0.524000 0.028000 0.024000
0 0.445000 0.463500 0.015000 0.017000
0 0.267500 0.605500 0.017000 0.013000
0 0.176000 0.542500 0.027000 0.026000
0 0.596000 0.473000 0.018000 0.022000
0 0.219000 0.554500 0.018000 0.017000
0 0.338000 0.819000 0.018000 0.016000
0 0.587250 0.375000 0.011500 0.008000
0 0.348500 0.833000 0.017000 0.018000
0 0.390500 0.807000 0.029000 0.031000
0 0.656500 0.535000 0.011000 0.010000
0 0.772000 0.367500 0.010000 0.011000
0 0.337500 0.381000 0.024000 0.025000
0 0.584250 0.515000 0.023500 0.016000
0 0.764000 0.318000 0.015000 0.013000
0 0.222500 0.702000 0.021000 0.011000
0 0.485500 0.522500 0.024000 0.025000
0 0.402000 0.461500 0.019000 0.024000
0 0.249500 0.624000 0.016000 0.016000
0 0.461000 0.447000 0.015000 0.013000
0 0.590000 0.498000 0.013000 0.017000
0 0.808500 0.565500 0.013000 0.010000
0 0.476000 0.512500 0.027000 0.027000
0 0.767000 0.438500 0.026000 0.021000
0 0.322500 0.640000 0.027000 0.026000
0 0.336000 0.205000 0.021000 0.022000
0 0.571000 0.581500 0.017000 0.016000
0 0.678000 0.836500 0.021000 0.034000
0 0.515000 0.504500 0.018000 0.017000
0 0.373000 0.295500 0.011000 0.022000
0 0.690500 0.201500 0.023000 0.025000
0 0.684000 0.782000 0.019000 0.017000
0 0.656500 0.334000 0.030000 0.034000
0 0.203500 0.203500 0.016000 0.019000
0 0.487500 0.417250 0.023000 0.026500
0 0.577500 0.870500 0.015000 0.015000
0 0.403500 0.482500 0.030000 0.029000
0 0.368000 0.416500 0.019000 0.023000
0 0.555000 0.499500 0.009000 0.013000
0 0.687000 0.461500 0.020000 0.024000
0 0.755500 0.491500 0.013000 0.014000
0 0.146500 0.709500 0.025000 0.028000
0 0.492500 0.389500 0.028000 0.025000
0 0.472000 0.701500 0.011000 0.012000
0 0.443500 0.462000 0.024000 0.025000
0 0.357000 0.728500 0.018000 0.013000
0 0.376500 0.576000 0.023000 0.026000
0 0.775500 0.535000 0.020000 0.029000
0 0.121500 0.583500 0.028000 0.026000
0 0.498500 0.774000 0.026000 0.024000
0 0.677000 0.592000 0.017000 0.017000
0 0.469500 0.506500 0.013000 0.012000
0 0.156000 0.703000 0.030000 0.032000
0 0.415000 0.640000 0.020000 0.022000
0 0.610500 0.674000 0.032000 0.024000
0 0.247000 0.635500 0.031000 0.034000
0 0.427000 0.491500 0.014000 0.016000
0 0.691000 0.616000 0.023000 0.029000
0 0.759500 0.774000 0.024000 0.024000
0 0.253500 0.434000 0.025000 0.022000
0 0.580500 0.379500 0.020000 0.021000
0 0.562000 0.452500 0.011000 0.010000
0 0.853000 0.527500 0.023000 0.021000
0 0.356000 0.621500 0.018000 0.019000
0 0.692500 0.277500 0.028000 0.025000
0 0.598000 0.253000 0.012000 0.015000
0 0.623000 0.180000 0.016000 0.018000
0 0.545000 0.255500 0.022000 0.020000
0 0.334500 0.454000 0.010000 0.014000
0 0.434000 0.636500 0.012000 0.012000
0 0.607000 0.475500 0.026000 0.021000
0 0.258000 0.371000 0.017000 0.018000
0 0.515500 0.773000 0.013000 0.016000
0 0.312000 0.138000 0.014000 0.021000
0 0.504000 0.498000 0.013000 0.012000
0 0.765000 0.609500 0.024000 0.024000
0 0.364500 0.331500 0.023000 0.026000
0 0.403500 0.104000 0.013000 0.010000
0 0.455000 0.477500 0.024000 0.030000
0 0.392500 0.753500 0.014000 0.013000
0 0.601500 0.291000 0.026000 0.031000
0 0.824000 0.430000 0.012000 0.011000
0 0.685500 0.796500 0.018000 0.026000
0 0.530250 0.495000 0.026500 0.022000
0 0.538000 0.570000 0.035000 0.034000
0 0.792000 0.677500 0.018000 0.018000
0 0.601500 0.845000 0.015000 0.020000
0 0.601000 0.533500 0.016000 0.015000
0 0.464500 0.522000 0.015000 0.019000
0 0.661000 0.603500 0.030000 0.031000
0 0.666000 0.768500 0.015000 0.019000
0 0.187500 0.395500 0.010000 0.011000
0 0.469000 0.420500 0.019000 0.021000
0 0.419000 0.587500 0.027000 0.023000
0 0.559000 0.405000 0.031000 0.026000
0 0.187000 0.624500 0.032000 0.033000
0 0.509000 0.455500 0.018000 0.018000
0 0.739000 0.599000 0.019000 0.020000
0 0.682000 0.828000 0.018000 0.020000
0 0.349000 0.877500 0.025000 0.021000
0 0.546500 0.149500 0.018000 0.017000
0 0.592000 0.133500 0.017000 0.017000
0 0.689500 0.399000 0.031000 0.032000
0 0.790000 0.199500 0.013000 0.010000
0 0.427000 0.268000 0.010000 0.013000
0 0.176500 0.428000 0.020000 0.018000
0 0.513500 0.546000 0.016000 0.013000
0 0.503500 0.361500 0.028000 0.026000
0 0.534500 0.756000 0.016000 0.016000
0 0.793500 0.555000 0.018000 0.017000
0 0.783500 0.619000 0.009000 0.014000
0 0.404500 0.537000 0.017000 0.016000
0 0.436500 0.510000 0.020000 0.018000
0 0.339000 0.349000 0.017000 0.025000
0 0.203000 0.781000 0.026000 0.031000
0 0.744000 0.764000 0.017000 0.016000
0 0.403000 0.583500 0.032000 0.033000
0 0.614500 0.717500 0.016000 0.017000
0 0.449000 0.532500 0.015000 0.015000
0 0.515500 0.641000 0.032000 0.033000
0 0.601500 0.548500 0.015000 0.015000
0 0.197000 0.530000 0.018000 0.019000
0 0.287000 0.346000 0.010000 0.009000
0 0.420000 0.330000 0.019000 0.019000
0 0.296500 0.444500 0.014000 0.015000
0 0.557500 0.712000 0.019000 0.032000
0 0.376500 0.782000 0.023000 0.025000
0 0.463500 0.739500 0.023000 0.023000
0 0.587000 0.641000 0.026000 0.023000
0 0.276500 0.579000 0.011000 0.012000
0 0.399500 0.459500 0.027000 0.031000
0 0.912000 0.469000 0.012000 0.015000
0 0.500500 0.749000 0.023000 0.034000
0 0.710000 0.534500 0.024000 0.022000
0 0.356000 0.889000 0.022000 0.024000
0 0.344500 0.406500 0.034000 0.026000
0 0.456500 0.607000 0.023000 0.021000
0 0.573500 0.285000 0.015000 0.012000
0 0.152500 0.430500 0.015000 0.015000
0 0.577000 0.261500 0.013000 0.015000
0 0.738000 0.692500 0.021000 0.020000
0 0.412000 0.552500 0.030000 0.026000
0 0.649500 0.675500 0.016000 0.015000
0 0.564000 0.528000 0.016000 0.017000
0 0.733000 0.267500 0.028000 0.027000
0 0.469500 0.713500 0.026000 0.031000
0 0.166000 0.672000 0.035000 0.034000
0 0.437500 0.167000 0.031000 0.029000
0 0.242000 0.652000 0.022000 0.022000
0 0.346000 0.623000 0.013000 0.014000
0 0.376000 0.500000 0.013000 0.009000
0 0.341500 0.394000 0.022000 0.021000
0 0.229500 0.411000 0.033000 0.028000
0 0.480000 0.585500 0.010000 0.010000
0 0.536500 0.114000 0.018000 0.021000
0 0.277000 0.153000 0.018000 0.016000
0 0.720500 0.437500 0.030000 0.023000
0 0.109500 0.492000 0.026000 0.022000
0 0.390000 0.732000 0.012000 0.015000
0 0.361000 0.643500 0.036000 0.025000
0 0.567500 0.748500 0.018000 0.024000
0 0.428000 0.621000 0.015000 0.014000
0 0.791000 0.550500 0.020000 0.018000
0 0.463500 0.895000 0.018000 0.021000
0 0.751000 0.523500 0.025000 0.017000
0 0.482000 0.428500 0.018000 0.017000
0 0.535500 0.607000 0.015000 0.019000
0 0.332000 0.664500 0.011000 0.009000
0 0.550500 0.482500 0.014000 0.009000
0 0.796500 0.230500 0.015000 0.017000
0 0.215500 0.438500 0.019000 0.023000
0 0.414500 0.699000 0.022000 0.024000
0 0.758000 0.353500 0.014000 0.019000
0 0.409000 0.874500 0.015000 0.015000
0 0.418000 0.414500 0.012000 0.017000
0 0.681500 0.867500 0.025000 0.025000
0 0.608000 0.455000 0.014000 0.014000
0 0.406000 0.653000 0.027000 0.025000
0 0.381000 0.539000 0.020000 0.020000
0 0.540500 0.560500 0.014000 0.012000
0 0.678500 0.133000 0.027000 0.019000
0 0.562000 0.547000 0.033000 0.029000
0 0.867500 0.611000 0.029000 0.033000
0 0.726000 0.822500 0.020000 0.023000
0 0.588500 0.550500 0.028000 0.029000
0 0.386500 0.484000 0.023000 0.027000
0 0.298000 0.828000 0.018000 0.016000
0 0.771000 0.629500 0.021000 0.019000
0 0.529000 0.456500 0.022000 0.019000
0 0.705500 0.320500 0.018000 0.014000
0 0.689500 0.635000 0.024000 0.025000
0 0.535000 0.465500 0.015000 0.013000
0 0.473000 0.332000 0.012000 0.012000
0 0.334500 0.158000 0.022000 0.028000
0 0.403000 0.594500 0.010000 0.009000
0 0.479500 0.646000 0.011000 0.011000
0 0.612500 0.433500 0.016000 0.022000
0 0.505500 0.794500 0.010000 0.010000
0 0.251000 0.701500 0.027000 0.028000
0 0.519500 0.513500 0.032000 0.032000
0 0.569500 0.640000 0.017000 0.022000
0 0.428000 0.340500 0.020000 0.017000
0 0.466000 0.362500 0.012000 0.012000
0 0.517000 0.481500 0.018000 0.019000
0 0.329000 0.407000 0.025000 0.022000
0 0.242500 0.570000 0.019000 0.028000
0 0.666500 0.595000 0.016000 0.017000
0 0.500500 0.494500 0.026000 0.026000
0 0.670500 0.671750 0.008000 0.011500
0 0.179000 0.572000 0.015000 0.012000
0 0.516000 0.901000 0.025000 0.022000
0 0.333000 0.602000 0.024000 0.021000
0 0.382000 0.640500 0.019000 0.020000
0 0.176500 0.470500 0.019000 0.013000
0 0.627500 0.333500 0.021000 0.021000
0 0.463000 0.301500 0.022000 0.029000
0 0.456500 0.236000 0.020000 0.015000
0 0.639500 0.600000 0.028000 0.020000
0 0.544500 0.495500 0.019000 0.019000
0 0.726500 0.173500 0.013000 0.013000
0 0.229500 0.819000 0.011000 0.016000
0 0.637000 0.182000 0.021000 0.028000
0 0.678000 0.755500 0.030000 0.027000
0 0.609000 0.446500 0.026000 0.020000
0 0.356000 0.628000 0.017000 0.025000
0 0.358000 0.245000 0.011000 0.014000
0 0.572500 0.294500 0.025000 0.028000
0 0.444000 0.219000 0.014000 0.012000
0 0.416500 0.891000 0.016000 0.016000
0 0.558000 0.422500 0.026000 0.026000
0 0.341000 0.744000 0.032000 0.033000
0 0.577500 0.121000 0.034000 0.026000
0 0.886000 0.550000 0.013000 0.013000
0 0.219500 0.314000 0.023000 0.015000
0 0.760000 0.583500 0.025000 0.031000
0 0.388000 0.591500 0.011000 0.014000
0 0.509500 0.852500 0.012000 0.013000
0 0.433000 0.838000 0.021000 0.017000
0 0.473000 0.583500 0.013000 0.017000
0 0.490500 0.314500 0.012000 0.010000
0 0.417000 0.742000 0.013000 0.021000
0 0.555500 0.618000 0.015000 0.014000
0 0.128000 0.607000 0.019000 0.020000
0 0.641000 0.694500 0.011000 0.015000
0 0.685000 0.600000 0.013000 0.009000
0 0.226000 0.215000 0.017000 0.017000
0 0.561500 0.837500 0.019000 0.020000
0 0.488500 0.539500 0.016000 0.016000
0 0.846000 0.707000 0.010000 0.010000
0 0.694000 0.447500 0.020000 0.025000
0 0.537500 0.788000 0.013000 0.008000
0 0.540500 0.506500 0.012000 0.017000
0 0.481500 0.664000 0.026000 0.017000
0 0.484500 0.327000 0.027000 0.026000
0 0.466500 0.623000 0.012000 0.010000
0 0.578000 0.707000 0.011000 0.010000
0 0.583500 0.409000 0.018000 0.018000
0 0.484000 0.686500 0.011000 0.012000
0 0.303000 0.340000 0.010000 0.010000
0 0.597250 0.376500 0.011500 0.009000
0 0.162000 0.476000 0.023000 0.022000
0 0.286000 0.642000 0.021000 0.024000
0 0.082500 0.474000 0.028000 0.023000
0 0.359500 0.252500 0.019000 0.025000
0 0.502500 0.505000 0.020000 0.022000
0 0.380000 0.210500 0.021000 0.021000
0 0.735500 0.727000 0.024000 0.028000
0 0.432000 0.091500 0.018000 0.021000
0 0.509500 0.499500 0.029000 0.032000
0 0.617500 0.184000 0.016000 0.016000
0 0.629000 0.410500 0.022000 0.021000
0 0.679000 0.292500 0.017000 0.016000
0 0.465000 0.612500 0.021000 0.025000
0 0.247500 0.472500 0.015000 0.013000
0 0.381000 0.557000 0.034000 0.034000
0 0.891000 0.396500 0.025000 0.019000
0 0.444500 0.557500 0.022000 0.027000
0 0.326000 0.266000 0.011000 0.010000
0 0.445000 0.854000 0.019000 0.021000
0 0.749000 0.744000 0.010000 0.012000
0 0.134000 0.649500 0.018000 0.010000
0 0.515000 0.342500 0.011000 0.012000
0 0.697000 0.744000 0.022000 0.025000
0 0.760750 0.434000 0.014500 0.010000
0 0.781500 0.505000 0.027000 0.022000
0 0.732500 0.182000 0.018000 0.019000
0 0.765500 0.537000 0.014000 0.012000
0 0.721500 0.574500 0.029000 0.030000
0 0.476000 0.250500 0.028000 0.023000
0 0.567000 0.409500 0.009000 0.011000
0 0.858500 0.400500 0.008000 0.008000
0 0.651000 0.306500 0.011000 0.010000
0 0.734000 0.407000 0.014000 0.012000
0 0.518500 0.477000 0.012000 0.013000
0 0.308000 0.516500 0.024000 0.024000
0 0.784500 0.557500 0.025000 0.021000
0 0.346500 0.511500 0.031000 0.033000
0 0.653500 0.792000 0.020000 0.022000
0 0.669500 0.412500 0.014000 0.012000
0 0.475000 0.529500 0.012000 0.016000
0 0.214250 0.384000 0.017500 0.012000
0 0.571000 0.893000 0.014000 0.019000
0 0.105000 0.357000 0.018000 0.028000
0 0.533000 0.561500 0.024000 0.017000
0 0.555500 0.531000 0.020000 0.025000
0 0.517500 0.305000 0.010000 0.013000
0 0.612500 0.154500 0.015000 0.015000
0 0.147000 0.691500 0.022000 0.021000
0 0.643000 0.883500 0.014000 0.018000
0 0.405000 0.657000 0.026000 0.026000
0 0.098000 0.531500 0.027000 0.024000
0 0.525000 0.728500 0.011000 0.012000
0 0.609500 0.417500 0.016000 0.017000
0 0.678500 0.670500 0.022000 0.025000
0 0.520500 0.099500 0.014000 0.013000
0 0.582000 0.303000 0.031000 0.023000
0 0.468000 0.385000 0.022000 0.021000
0 0.169000 0.290000 0.029000 0.024000
0 0.497000 0.452500 0.013000 0.014000
0 0.479500 0.402000 0.025000 0.026000
0 0.653500 0.807500 0.021000 0.018000
0 0.186000 0.271000 0.025000 0.027000
0 0.319000 0.491500 0.023000 0.018000
0 0.267500 0.489500 0.011000 0.013000
0 0.599500 0.368500 0.019000 0.016000
0 0.264000 0.704500 0.021000 0.021000
0 0.550000 0.342500 0.022000 0.028000
0 0.452500 0.405250 0.015000 0.017500
0 0.433500 0.496500 0.018000 0.022000
0 0.220750 0.648500 0.011500 0.010000
0 0.475500 0.374500 0.026000 0.023000
0 0.613000 0.346000 0.014000 0.019000
0 0.772500 0.572500 0.032000 0.030000
0 0.895000 0.445000 0.018000 0.019000
0 0.738500 0.216000 0.018000 0.023000
0 0.438500 0.197000 0.017000 0.016000
0 0.663750 0.497000 0.020500 0.016000
0 0.378500 0.353500 0.012000 0.014000
0 0.648500 0.521500 0.019000 0.018000
0 0.545500 0.579500 0.027000 0.019000
0 0.356000 0.324000 0.013000 0.020000
0 0.453500 0.485000 0.021000 0.027000
0 0.341500 0.360500 0.015000 0.014000
0 0.627000 0.550500 0.025000 0.027000
0 0.518500 0.552500 0.010000 0.010000
0 0.745000 0.618000 0.025000 0.024000
0 0.577500 0.589000 0.014000 0.014000
0 0.653000 0.191000 0.020000 0.021000
0 0.288000 0.768500 0.022000 0.019000
0 0.671000 0.677500 0.017000 0.027000
0 0.439000 0.630000 0.020000 0.021000
0 0.529500 0.529500 0.011000 0.012000
0 0.568500 0.654000 0.015000 0.015000
0 0.519500 0.125500 0.031000 0.030000
0 0.376500 0.219500 0.014000 0.017000
0 0.488000 0.174500 0.029000 0.034000
0 0.517500 0.611000 0.016000 0.016000
0 0.611500 0.687500 0.026000 0.026000
0 0.622000 0.565000 0.030000 0.028000
0 0.527500 0.589000 0.018000 0.024000
0 0.818000 0.382000 0.017000 0.016000
0 0.313000 0.636500 0.018000 0.018000
0 0.657500 0.375000 0.018000 0.017000
0 0.587000 0.909500 0.015000 0.016000
0 0.607500 0.308000 0.016000 0.016000
0 0.297000 0.593500 0.009000 0.011000
0 0.459000 0.268500 0.027000 0.016000
0 0.551500 0.472000 0.012000 0.017000
0 0.706500 0.453000 0.029000 0.019000
0 0.417000 0.767000 0.033000 0.030000
0 0.237500 0.680000 0.017000 0.022000
0 0.294000 0.156000 0.012000 0.012000
0 0.289500 0.419000 0.016000 0.019000
0 0.158250 0.714250 0.031500 0.030500
0 0.507500 0.594000 0.021000 0.022000
0 0.185000 0.767500 0.012000 0.009000
0 0.528500 0.640500 0.013000 0.013000
0 0.551000 0.205000 0.028000 0.027000
0 0.741500 0.536000 0.023000 0.025000
0 0.822000 0.302000 0.018000 0.017000
0 0.534500 0.428000 0.023000 0.022000
0 0.562000 0.327500 0.013000 0.012000
0 0.583500 0.547500 0.020000 0.021000
0 0.595000 0.388000 0.013000 0.013000
0 0.524500 0.513500 0.019000 0.013000
0 0.642500 0.363500 0.013000 0.011000
0 0.690500 0.472500 0.018000 0.018000
0 0.492000 0.494500 0.030000 0.028000
0 0.627500 0.533500 0.011000 0.012000
0 0.439000 0.518000 0.025000 0.020000
0 0.510000 0.493000 0.022000 0.024000
0 0.441000 0.547000 0.016000 0.013000
0 0.488000 0.450500 0.025000 0.028000
0 0.590500 0.400500 0.027000 0.027000
0 0.358500 0.770500 0.016000 0.012000
0 0.769500 0.466500 0.023000 0.019000
0 0.577500 0.781500 0.015000 0.013000
0 0.479000 0.895500 0.028000 0.024000
0 0.481000 0.705000 0.019000 0.014000
0 0.239000 0.526000 0.023000 0.022000