0 0.348000 0.508000 0.023000 0.025000
0 0.467500 0.442000 0.017000 0.016000
0 0.373000 0.163000 0.025000 0.023000
0 0.518500 0.106500 0.012000 0.011000
0 0.087250 0.527000 0.029500 0.020000
0 0.782000 0.732000 0.014000 0.015000
0 0.509000 0.466000 0.018000 0.018000
0 0.492000 0.478500 0.035000 0.033000
0 0.121000 0.369500 0.021000 0.023000
0 0.531000 0.743000 0.014000 0.024000
0 0.573000 0.296500 0.029000 0.023000
0 0.271000 0.683500 0.012000 0.016000
0 0.196500 0.601000 0.012000 0.012000
0 0.225500 0.367500 0.014000 0.014000
0 0.472500 0.540000 0.022000 0.023000
0 0.837250 0.681250 0.031500 0.032500
0 0.368000 0.143000 0.011000 0.013000
0 0.612000 0.655000 0.017000 0.016000
0 0.419500 0.129000 0.018000 0.022000
0 0.543500 0.391000 0.022000 0.031000
0 0.452500 0.912500 0.018000 0.025000
0 0.697500 0.310500 0.014000 0.012000
0 0.341000 0.202500 0.029000 0.034000
0 0.799000 0.378500 0.026000 0.029000
0 0.487000 0.519500 0.012000 0.016000
0 0.387000 0.387000 0.028000 0.024000
0 0.382000 0.215000 0.015000 0.017000
0 0.439500 0.463500 0.016000 0.027000
0 0.764500 0.480500 0.017000 0.024000
0 0.515500 0.560500 0.012000 0.015000
0 0.586000 0.201000 0.023000 0.019000
0 0.477000 0.254500 0.011000 0.016000
0 0.726000 0.416500 0.028000 0.020000
0 0.854500 0.417500 0.024000 0.021000
0 0.486500 0.253000 0.017000 0.017000
0 0.322500 0.563000 0.023000 0.024000
0 0.656500 0.705000 0.024000 0.019000
0 0.289000 0.796500 0.015000 0.015000
0 0.540000 0.695000 0.028000 0.021000
0 0.656000 0.857000 0.013000 0.010000
0 0.800000 0.572000 0.015000 0.014000
0 0.311000 0.792500 0.015000 0.016000
0 0.314000 0.693000 0.014000 0.011000
0 0.585500 0.308500 0.023000 0.024000
0 0.170500 0.682500 0.022000 0.029000
0 0.566500 0.553000 0.012000 0.018000
0 0.505000 0.085000 0.015000 0.017000
0 0.516500 0.629500 0.032000 0.030000
0 0.579000 0.604500 0.023000 0.024000
0 0.618500 0.621500 0.014000 0.012000
0 0.303500 0.573500 0.014000 0.017000
0 0.881000 0.480000 0.031000 0.032000
0 0.519000 0.352000 0.017000 0.016000
0 0.560000 0.328500 0.018000 0.018000
0 0.199500 0.512000 0.021000 0.015000
0 0.326000 0.261000 0.017000 0.018000
0 0.486000 0.364000 0.015000 0.018000
0 0.619500 0.500500 0.018000 0.023000
0 0.485000 0.498000 0.027000 0.025000
0 0.598000 0.869000 0.025000 0.020000
0 0.483500 0.657000 0.013000 0.013000
0 0.421000 0.472000 0.017000 0.017000
0 0.512000 0.504500 0.022000 0.024000
0 0.522500 0.645000 0.030000 0.029000
0 0.606500 0.460000 0.026000 0.030000
0 0.414000 0.242500 0.017000 0.018000
0 0.494000 0.490500 0.020000 0.017000
0 0.345500 0.124000 0.022000 0.015000
0 0.424500 0.395500 0.024000 0.023000
0 0.186000 0.408000 0.021000 0.014000
0 0.441500 0.396500 0.013000 0.010000
0 0.519000 0.168000 0.015000 0.014000
0 0.329500 0.482500 0.026000 0.017000
0 0.514500 0.519000 0.014000 0.015000
0 0.389000 0.884500 0.023000 0.023000
0 0.523000 0.520500 0.013000 0.013000
0 0.519000 0.443000 0.020000 0.015000
0 0.371500 0.644500 0.016000 0.012000
0 0.509000 0.492500 0.031000 0.026000
0 0.457500 0.477500 0.023000 0.026000
0 0.397000 0.229000 0.017000 0.026000
0 0.283000 0.652000 0.020000 0.030000
0 0.698000 0.736000 0.019000 0.020000
0 0.592500 0.759000 0.026000 0.023000
0 0.525000 0.530000 0.012000 0.012000
0 0.673000 0.592000 0.015000 0.019000
0 0.507500 0.527000 0.020000 0.023000
0 0.503500 0.503000 0.010000 0.011000
0 0.326000 0.487500 0.022000 0.022000
0 0.541500 0.520000 0.018000 0.018000
0 0.409500 0.349500 0.017000 0.012000
0 0.359000 0.284500 0.015000 0.018000
0 0.301000 0.697000 0.018000 0.019000
0 0.390000 0.147500 0.011000 0.016000
0 0.264000 0.545000 0.025000 0.022000
0 0.476500 0.769000 0.023000 0.026000
0 0.797500 0.495000 0.019000 0.013000
0 0.671500 0.677500 0.026000 0.020000
0 0.247500 0.274500 0.021000 0.021000
0 0.528500 0.304500 0.022000 0.026000
0 0.674000 0.790000 0.029000 0.023000
0 0.864000 0.624500 0.010000 0.012000
0 0.416000 0.413000 0.026000 0.026000
0 0.406000 0.437500 0.019000 0.025000
0 0.497500 0.514500 0.023000 0.024000
0 0.480000 0.399750 0.010000 0.014500
0 0.607000 0.381500 0.019000 0.023000
0 0.616000 0.750500 0.023000 0.025000
0 0.685000 0.557500 0.021000 0.023000
0 0.625000 0.768000 0.010000 0.013000
0 0.755500 0.580000 0.012000 0.013000
0 0.798000 0.560500 0.021000 0.023000
0 0.685500 0.519500 0.024000 0.035000
0 0.547000 0.479500 0.010000 0.011000
0 0.606500 0.309000 0.013000 0.020000
0 0.699000 0.221750 0.015000 0.020500
0 0.278500 0.317000 0.030000 0.028000
0 0.479500 0.817500 0.017000 0.015000
0 0.338500 0.816500 0.023000 0.021000
0 0.463500 0.694500 0.017000 0.021000
0 0.677000 0.653500 0.027000 0.022000
0 0.687500 0.164500 0.026000 0.029000
0 0.458500 0.210500 0.020000 0.018000
0 0.854000 0.467000 0.018000 0.014000
0 0.719500 0.207500 0.022000 0.018000
0 0.586000 0.241500 0.017000 0.020000
0 0.462000 0.460000 0.028000 0.022000
0 0.500000 0.496000 0.012000 0.016000
0 0.371000 0.455000 0.023000 0.026000
0 0.407000 0.506000 0.014000 0.014000
0 0.510000 0.787500 0.019000 0.017000
0 0.501500 0.710000 0.021000 0.022000
0 0.468500 0.743000 0.034000 0.033000
0 0.878000 0.423500 0.022000 0.027000
0 0.727500 0.210000 0.027000 0.024000
0 0.196000 0.714500 0.022000 0.022000
0 0.633000 0.274500 0.011000 0.012000
0 0.685500 0.657000 0.011000 0.017000
0 0.602000 0.452500 0.014000 0.017000
0 0.374500 0.420500 0.016000 0.019000
0 0.196000 0.463500 0.013000 0.011000
0 0.600000 0.140500 0.024000 0.026000
0 0.339000 0.560500 0.022000 0.023000
0 0.150500 0.717500 0.026000 0.025000
0 0.591000 0.337000 0.017000 0.015000
0 0.762500 0.522000 0.022000 0.021000
0 0.552000 0.527000 0.026000 0.023000
0 0.397000 0.594500 0.029000 0.028000
0 0.501500 0.435500 0.021000 0.022000
0 0.345000 0.783000 0.028000 0.028000
0 0.441000 0.352000 0.014000 0.016000
0 0.268000 0.584250 0.011000 0.014500
0 0.509000 0.798500 0.024000 0.023000
0 0.878500 0.653000 0.012000 0.009000
0 0.410000 0.581500 0.014000 0.012000
0 0.743000 0.380000 0.016000 0.018000
0 0.393250 0.471500 0.014500 0.010000
0 0.516000 0.529000 0.026000 0.022000
0 0.279500 0.489000 0.021000 0.017000
0 0.490000 0.528000 0.026000 0.021000
0 0.169000 0.412500 0.023000 0.020000
0 0.491000 0.429000 0.012000 0.016000
0 0.504000 0.499000 0.030000 0.029000
0 0.399000 0.782000 0.016000 0.015000
0 0.677000 0.782500 0.011000 0.012000
0 0.239500 0.337000 0.019000 0.023000
0 0.632000 0.497500 0.030000 0.030000
0 0.092000 0.585500 0.013000 0.009000
0 0.645000 0.552500 0.029000 0.030000
0 0.630500 0.897000 0.012000 0.013000
0 0.750500 0.601500 0.010000 0.010000
0 0.548500 0.568500 0.033000 0.033000
0 0.286500 0.414500 0.026000 0.024000
0 0.484500 0.343000 0.024000 0.026000
0 0.428000 0.529500 0.026000 0.027000
0 0.580500 0.458500 0.019000 0.020000
0 0.504000 0.557500 0.020000 0.025000
0 0.585500 0.443500 0.016000 0.014000
0 0.418000 0.570000 0.012000 0.013000
0 0.613500 0.265500 0.015000 0.022000
0 0.466500 0.286000 0.019000 0.017000
0 0.582500 0.595000 0.013000 0.013000
0 0.567000 0.712500 0.027000 0.022000
0 0.278000 0.169500 0.027000 0.031000
0 0.504000 0.681000 0.019000 0.017000
0 0.328000 0.373000 0.016000 0.013000
0 0.135500 0.320000 0.015000 0.021000
0 0.515000 0.368000 0.017000 0.016000
0 0.905000 0.461500 0.023000 0.024000
0 0.424000 0.712500 0.028000 0.028000
0 0.523500 0.722500 0.021000 0.024000
0 0.380500 0.379500 0.009000 0.010000
0 0.515000 0.221000 0.018000 0.021000
0 0.464000 0.524000 0.030000 0.027000
0 0.385000 0.412000 0.029000 0.024000
0 0.534000 0.165500 0.028000 0.028000
0 0.196500 0.630000 0.033000 0.031000
0 0.340000 0.426000 0.017000 0.015000
0 0.769000 0.608250 0.015000 0.014500
0 0.517500 0.201000 0.013000 0.014000
0 0.439500 0.893500 0.031000 0.029000
0 0.297500 0.764000 0.020000 0.029000
0 0.470500 0.619000 0.014000 0.017000
0 0.500000 0.417500 0.022000 0.028000
0 0.578000 0.866000 0.013000 0.023000
0 0.121500 0.487500 0.012000 0.010000
0 0.767000 0.457500 0.026000 0.020000
0 0.538000 0.547500 0.020000 0.018000
0 0.248500 0.216500 0.012000 0.016000
0 0.621000 0.328000 0.012000 0.022000
0 0.354500 0.232500 0.025000 0.027000
0 0.240000 0.646000 0.010000 0.012000
0 0.733500 0.808000 0.017000 0.018000
0 0.596000 0.611500 0.017000 0.017000
0 0.459500 0.682500 0.028000 0.027000
0 0.501000 0.199500 0.024000 0.023000
0 0.275000 0.412500 0.032000 0.030000
0 0.225500 0.694000 0.016000 0.016000
0 0.364500 0.200000 0.028000 0.026000
0 0.621000 0.434500 0.016000 0.017000
0 0.596000 0.390500 0.025000 0.015000
0 0.430500 0.780000 0.024000 0.020000
0 0.526000 0.244500 0.010000 0.008000
0 0.441500 0.798500 0.035000 0.029000
0 0.575000 0.734500 0.021000 0.021000
0 0.662500 0.497000 0.014000 0.018000
0 0.296500 0.334000 0.012000 0.013000
0 0.479000 0.554000 0.019000 0.019000
0 0.288000 0.565500 0.027000 0.025000
0 0.431000 0.228000 0.020000 0.026000
0 0.138000 0.332500 0.023000 0.024000
0 0.386500 0.477500 0.018000 0.019000
0 0.640500 0.640000 0.023000 0.023000
0 0.681000 0.259000 0.020000 0.023000
0 0.345000 0.579500 0.022000 0.018000
0 0.555000 0.272500 0.013000 0.014000
0 0.467000 0.321500 0.010000 0.009000
0 0.368000 0.531500 0.017000 0.019000
0 0.391500 0.792500 0.016000 0.021000
0 0.468500 0.432000 0.021000 0.030000
0 0.274500 0.472500 0.027000 0.029000
0 0.501500 0.244000 0.017000 0.018000
0 0.467000 0.345500 0.013000 0.012000
0 0.662500 0.394000 0.021000 0.021000
0 0.397000 0.501000 0.017000 0.018000
0 0.493500 0.747000 0.017000 0.019000
0 0.513500 0.475500 0.028000 0.025000
0 0.701000 0.643500 0.020000 0.025000
0 0.212000 0.446500 0.022000 0.027000
0 0.629000 0.785000 0.015000 0.014000
0 0.733500 0.604500 0.022000 0.022000
0 0.504000 0.358000 0.016000 0.015000
0 0.529000 0.903500 0.025000 0.021000
0 0.644000 0.678000 0.024000 0.022000
0 0.770000 0.491500 0.023000 0.025000
0 0.368500 0.509000 0.027000 0.023000
0 0.458500 0.571500 0.025000 0.022000
0 0.205000 0.236000 0.023000 0.020000
0 0.604000 0.210000 0.020000 0.022000
0 0.538500 0.566500 0.017000 0.017000
0 0.433500 0.498500 0.022000 0.019000
0 0.284000 0.218500 0.033000 0.023000
0 0.764500 0.264000 0.012000 0.012000
0 0.093500 0.406500 0.024000 0.030000
0 0.120000 0.342000 0.020000 0.020000
0 0.280000 0.209000 0.023000 0.023000
0 0.579500 0.889500 0.018000 0.018000
0 0.346000 0.164000 0.016000 0.013000
0 0.420500 0.725500 0.019000 0.026000
0 0.675500 0.533000 0.023000 0.021000
0 0.455500 0.620500 0.022000 0.024000
0 0.869500 0.522500 0.019000 0.017000
0 0.386000 0.896500 0.015000 0.019000
0 0.744000 0.699000 0.025000 0.022000
0 0.388000 0.286500 0.020000 0.023000
0 0.525000 0.454000 0.016000 0.012000
0 0.618000 0.560750 0.012000 0.017500
0 0.798000 0.687000 0.018000 0.014000
0 0.497500 0.500500 0.012000 0.012000
0 0.743500 0.337500 0.014000 0.014000
0 0.709500 0.719000 0.020000 0.022000
0 0.437500 0.608500 0.013000 0.014000
0 0.432000 0.131500 0.014000 0.020000
0 0.553500 0.534500 0.021000 0.022000
0 0.676000 0.803500 0.024000 0.025000
0 0.470000 0.738000 0.016000 0.016000
0 0.573500 0.586500 0.027000 0.022000
0 0.423500 0.681000 0.022000 0.022000
0 0.838000 0.422500 0.015000 0.012000
0 0.704000 0.407500 0.021000 0.025000
0 0.474500 0.522000 0.019000 0.017000
0 0.492500 0.467000 0.011000 0.011000
0 0.771500 0.259500 0.028000 0.029000
0 0.512500 0.664500 0.012000 0.015000
0 0.556000 0.525500 0.020000 0.023000
0 0.480500 0.810000 0.034000 0.033000
0 0.722500 0.371500 0.025000 0.027000
0 0.552000 0.800500 0.017000 0.023000
0 0.774000 0.682500 0.021000 0.021000
0 0.646000 0.376500 0.013000 0.014000
0 0.401500 0.376500 0.012000 0.014000
0 0.594500 0.352500 0.018000 0.012000
0 0.550500 0.338500 0.025000 0.024000
0 0.498500 0.506000 0.011000 0.014000
0 0.152500 0.285000 0.023000 0.021000
0 0.806500 0.362500 0.014000 0.017000
0 0.499500 0.459000 0.024000 0.027000
0 0.479000 0.441500 0.017000 0.018000
0 0.723500 0.228000 0.019000 0.018000
0 0.416500 0.320500 0.029000 0.022000
0 0.194500 0.369000 0.017000 0.015000
0 0.152000 0.602000 0.018000 0.018000
0 0.678000 0.520500 0.022000 0.030000
0 0.397500 0.511500 0.026000 0.029000
0 0.455500 0.600000 0.031000 0.024000
0 0.415500 0.451500 0.013000 0.010000
0 0.845500 0.323000 0.019000 0.023000
0 0.523000 0.587500 0.025000 0.019000
0 0.288500 0.455500 0.029000 0.029000
0 0.267500 0.529500 0.021000 0.020000
0 0.550000 0.707000 0.029000 0.024000
0 0.467000 0.398500 0.012000 0.015000
0 0.389000 0.246000 0.019000 0.018000
0 0.862500 0.372000 0.018000 0.018000
0 0.809500 0.633000 0.013000 0.010000
0 0.153500 0.280500 0.018000 0.020000
0 0.645500 0.745000 0.026000 0.025000
0 0.720000 0.707000 0.023000 0.024000
0 0.578500 0.130500 0.010000 0.011000
0 0.542500 0.441000 0.032000 0.027000
0 0.482500 0.433500 0.018000 0.025000
0 0.436500 0.252500 0.025000 0.019000
0 0.211000 0.599000 0.017000 0.019000
0 0.457500 0.502500 0.025000 0.030000
0 0.510500 0.484000 0.026000 0.026000
0 0.592000 0.495000 0.024000 0.017000
0 0.409500 0.135000 0.013000 0.015000
0 0.841500 0.358500 0.030000 0.021000
0 0.167000 0.288000 0.016000 0.016000
0 0.588500 0.509500 0.019000 0.013000
0 0.614500 0.724000 0.030000 0.022000
0 0.344000 0.145000 0.011000 0.011000
0 0.397000 0.461500 0.029000 0.028000
0 0.808000 0.423000 0.016000 0.017000
0 0.619000 0.526500 0.028000 0.028000
0 0.756000 0.609000 0.022000 0.022000
0 0.225500 0.272000 0.019000 0.016000
0 0.466000 0.408000 0.019000 0.014000
0 0.241500 0.287500 0.018000 0.017000
0 0.509500 0.540000 0.024000 0.021000
0 0.580000 0.726500 0.024000 0.020000
0 0.498000 0.129500 0.015000 0.020000
0 0.384000 0.697000 0.019000 0.022000
0 0.109500 0.503500 0.016000 0.011000
0 0.812000 0.732000 0.017000 0.017000
0 0.394000 0.474500 0.018000 0.014000
0 0.583000 0.894000 0.031000 0.031000
0 0.653500 0.447500 0.013000 0.014000
0 0.170000 0.331500 0.030000 0.028000
0 0.756000 0.509500 0.024000 0.021000
0 0.544500 0.180000 0.030000 0.025000
0 0.663500 0.486000 0.011000 0.009000
0 0.295000 0.236500 0.012000 0.013000
0 0.483000 0.540500 0.025000 0.020000
0 0.536500 0.338000 0.027000 0.028000
0 0.695000 0.838000 0.020000 0.021000
0 0.604500 0.347500 0.018000 0.022000
0 0.544000 0.542000 0.017000 0.015000
0 0.491750 0.551500 0.026500 0.018000
0 0.526500 0.487000 0.026000 0.025000
0 0.439000 0.635500 0.016000 0.015000
0 0.176750 0.350500 0.032500 0.023000
0 0.317000 0.291000 0.024000 0.023000
0 0.449500 0.477000 0.018000 0.019000
0 0.392500 0.669500 0.024000 0.026000
0 0.533500 0.556000 0.024000 0.022000
0 0.162000 0.493000 0.019000 0.019000
0 0.373000 0.488500 0.022000 0.022000
0 0.343000 0.542000 0.013000 0.012000
0 0.599500 0.598500 0.015000 0.012000
0 0.506500 0.911000 0.010000 0.013000
0 0.531500 0.794000 0.009000 0.009000
0 0.701000 0.776500 0.012000 0.013000
0 0.365500 0.487500 0.012000 0.013000
0 0.501000 0.468500 0.031000 0.019000
0 0.716500 0.540000 0.011000 0.011000
0 0.303000 0.328500 0.031000 0.028000
0 0.289500 0.401000 0.017000 0.014000
0 0.493500 0.666500 0.035000 0.029000
0 0.672000 0.185500 0.012000 0.013000
0 0.198000 0.477000 0.017000 0.014000
0 0.335500 0.731500 0.018000 0.021000
0 0.770500 0.471000 0.017000 0.018000
0 0.778000 0.577000 0.024000 0.022000
0 0.642500 0.732000 0.013000 0.015000
0 0.540500 0.505000 0.019000 0.019000
0 0.240500 0.613000 0.029000 0.028000
0 0.294500 0.464500 0.013000 0.014000
0 0.516000 0.749500 0.020000 0.020000
0 0.147000 0.532500 0.017000 0.016000
0 0.273500 0.548500 0.025000 0.033000
0 0.489500 0.505000 0.025000 0.024000
0 0.816000 0.602000 0.020000 0.021000
0 0.634000 0.627500 0.019000 0.021000
0 0.653000 0.596500 0.011000 0.012000
0 0.413500 0.198500 0.026000 0.027000
0 0.607000 0.880000 0.028000 0.028000
0 0.262000 0.798000 0.018000 0.015000
0 0.581000 0.519000 0.014000 0.013000
0 0.268000 0.671000 0.018000 0.017000
0 0.264500 0.391000 0.030000 0.020000
0 0.462000 0.423500 0.015000 0.015000
0 0.543000 0.220000 0.023000 0.024000
0 0.389500 0.346000 0.022000 0.018000
0 0.657500 0.683500 0.027000 0.028000
0 0.454500 0.415000 0.020000 0.015000
0 0.605500 0.626500 0.034000 0.030000
0 0.585500 0.490500 0.016000 0.016000
0 0.481500 0.275500 0.013000 0.013000
0 0.751000 0.244000 0.018000 0.019000
0 0.765000 0.233000 0.018000 0.013000
0 0.489000 0.634500 0.020000 0.021000
0 0.392500 0.655500 0.022000 0.018000
0 0.274000 0.356500 0.016000 0.014000
0 0.395500 0.689000 0.020000 0.015000
0 0.343500 0.607000 0.012000 0.012000
0 0.460000 0.748500 0.014000 0.015000
0 0.573500 0.690000 0.018000 0.017000
0 0.568000 0.378500 0.019000 0.020000
0 0.608000 0.264000 0.022000 0.022000
0 0.693000 0.580500 0.022000 0.018000
0 0.448500 0.420500 0.014000 0.015000
0 0.542000 0.376500 0.014000 0.010000
0 0.720000 0.244000 0.015000 0.014000
0 0.634500 0.547000 0.019000 0.015000
0 0.533500 0.219500 0.019000 0.022000
0 0.386500 0.615000 0.018000 0.019000
0 0.586500 0.664000 0.024000 0.022000
0 0.821500 0.334000 0.019000 0.022000
0 0.384500 0.820500 0.013000 0.010000
0 0.231500 0.256500 0.023000 0.028000
0 0.288000 0.837500 0.026000 0.026000
0 0.326000 0.498500 0.022000 0.025000
0 0.540500 0.523000 0.010000 0.015000
0 0.790500 0.508000 0.011000 0.014000
0 0.518500 0.309500 0.022000 0.014000
0 0.562500 0.149000 0.020000 0.021000
0 0.828000 0.699000 0.018000 0.014000
0 0.318000 0.443250 0.013000 0.014500
0 0.654500 0.479500 0.013000 0.015000
0 0.230000 0.582000 0.029000 0.027000
0 0.869000 0.582000 0.014000 0.016000
0 0.596500 0.557500 0.026000 0.026000
0 0.395500 0.314000 0.024000 0.027000
0 0.149000 0.555000 0.031000 0.027000
0 0.480500 0.506500 0.036000 0.027000
0 0.364500 0.422500 0.029000 0.022000
0 0.627000 0.666000 0.015000 0.015000
0 0.512500 0.697500 0.013000 0.012000
0 0.584000 0.379000 0.018000 0.020000
0 0.435500 0.484000 0.016000 0.016000
0 0.534000 0.837500 0.011000 0.014000
0 0.502000 0.389000 0.016000 0.012000
0 0.517750 0.621500 0.029500 0.023000
0 0.417000 0.605000 0.015000 0.012000
0 0.472000 0.428500 0.010000 0.010000
0 0.450000 0.549500 0.019000 0.020000
0 0.853000 0.488000 0.013000 0.018000
0 0.287250 0.359500 0.029500 0.022000
0 0.559500 0.163500 0.034000 0.034000
0 0.891500 0.460500 0.034000 0.018000
0 0.602500 0.699000 0.036000 0.032000
0 0.541500 0.318500 0.022000 0.021000
0 0.434000 0.089000 0.018000 0.019000
0 0.595000 0.147250 0.017000 0.023500
0 0.358500 0.423000 0.022000 0.014000
0 0.643000 0.432500 0.035000 0.029000
0 0.437500 0.319500 0.018000 0.022000
0 0.368000 0.778500 0.029000 0.023000
0 0.246000 0.480500 0.019000 0.028000
0 0.824000 0.343000 0.022000 0.023000
0 0.572000 0.523000 0.020000 0.021000
0 0.429000 0.810500 0.021000 0.018000
0 0.409500 0.779500 0.020000 0.017000
0 0.528500 0.883250 0.020000 0.026500
0 0.773000 0.209000 0.024000 0.020000
0 0.165500 0.527000 0.024000 0.025000
0 0.518500 0.568500 0.025000 0.026000
0 0.407500 0.591000 0.010000 0.010000
0 0.501500 0.634500 0.016000 0.020000
0 0.271500 0.757500 0.029000 0.026000
0 0.506000 0.514500 0.017000 0.018000
0 0.600500 0.574500 0.018000 0.025000
0 0.394500 0.235500 0.020000 0.019000
0 0.503000 0.486000 0.017000 0.016000
0 0.471000 0.506750 0.024000 0.032500
0 0.331000 0.399000 0.027000 0.026000
0 0.491500 0.496250 0.016000 0.023500
0 0.699000 0.803500 0.015000 0.017000
0 0.617500 0.508500 0.009000 0.009000
0 0.584000 0.634000 0.014000 0.012000
0 0.546000 0.255000 0.027000 0.024000
0 0.628000 0.582000 0.033000 0.031000
0 0.550250 0.508000 0.014500 0.011000
0 0.803500 0.648000 0.024000 0.026000
0 0.271500 0.298000 0.022000 0.020000
0 0.502000 0.551000 0.027000 0.026000
0 0.751000 0.496000 0.018000 0.018000
0 0.558500 0.825000 0.028000 0.027000
0 0.175500 0.708500 0.020000 0.017000
0 0.686500 0.649500 0.021000 0.020000
0 0.295000 0.388500 0.023000 0.026000
0 0.518000 0.288500 0.028000 0.030000
0 0.701000 0.663000 0.014000 0.019000
0 0.670000 0.862500 0.026000 0.024000
0 0.591000 0.232500 0.011000 0.012000
0 0.717000 0.166500 0.027000 0.025000
0 0.540500 0.482500 0.016000 0.017000
0 0.323000 0.476000 0.009000 0.011000
0 0.459000 0.348500 0.021000 0.023000
0 0.270000 0.617000 0.019000 0.021000
0 0.548000 0.730500 0.022000 0.022000
0 0.472500 0.469500 0.029000 0.021000
0 0.596000 0.630000 0.013000 0.015000
0 0.786500 0.693500 0.011000 0.015000
0 0.099000 0.523000 0.011000 0.011000
0 0.601000 0.783000 0.014000 0.015000
0 0.475500 0.452000 0.019000 0.027000
0 0.671500 0.756000 0.015000 0.014000
0 0.318500 0.375000 0.020000 0.019000
0 0.624500 0.561500 0.013000 0.012000
0 0.549000 0.443000 0.017000 0.016000
0 0.411000 0.253500 0.017000 0.022000
0 0.848500 0.534000 0.017000 0.012000
0 0.703000 0.330500 0.018000 0.022000
0 0.663500 0.782500 0.024000 0.027000
0 0.492000 0.571500 0.014000 0.015000
0 0.438500 0.492500 0.023000 0.028000
0 0.679500 0.770000 0.026000 0.023000
0 0.470000 0.336500 0.015000 0.015000
0 0.374000 0.854000 0.029000 0.024000
0 0.459000 0.244500 0.014000 0.015000
0 0.646500 0.647500 0.031000 0.028000
0 0.498500 0.488500 0.022000 0.024000
0 0.600000 0.272500 0.010000 0.011000
0 0.488000 0.453000 0.020000 0.021000
0 0.365500 0.368000 0.016000 0.013000
0 0.826000 0.398000 0.023000 0.022000
0 0.363500 0.233000 0.018000 0.026000
0 0.550500 0.592500 0.034000 0.033000
0 0.603000 0.242500 0.024000 0.019000
0 0.700500 0.570500 0.016000 0.015000
0 0.240000 0.660000 0.025000 0.016000
0 0.456000 0.464500 0.013000 0.012000
0 0.609500 0.285500 0.018000 0.018000
0 0.393000 0.600000 0.017000 0.018000
0 0.512500 0.274500 0.027000 0.028000
0 0.601000 0.559500 0.029000 0.024000
0 0.822500 0.538500 0.014000 0.015000
0 0.536500 0.276500 0.023000 0.024000
0 0.452000 0.451000 0.025000 0.017000
0 0.618500 0.492500 0.018000 0.018000
0 0.770000 0.416500 0.020000 0.022000
0 0.227000 0.497500 0.012000 0.012000
0 0.598000 0.679500 0.016000 0.019000
0 0.208000 0.546000 0.019000 0.017000
0 0.491500 0.200000 0.010000 0.012000
0 0.316500 0.742000 0.011000 0.010000
0 0.237000 0.794000 0.022000 0.021000
0 0.598000 0.838500 0.019000 0.020000
0 0.705000 0.482500 0.026000 0.025000
0 0.264500 0.320000 0.018000 0.015000
0 0.668500 0.538500 0.025000 0.022000
0 0.464000 0.197000 0.025000 0.024000
0 0.116000 0.586500 0.012000 0.016000
0 0.532500 0.677500 0.012000 0.020000
0 0.425000 0.876000 0.014000 0.013000
0 0.651500 0.342000 0.023000 0.020000
0 0.568000 0.718500 0.020000 0.023000
0 0.608000 0.465000 0.022000 0.013000
0 0.479500 0.412500 0.022000 0.022000
0 0.402000 0.472000 0.014000 0.014000
0 0.451000 0.582000 0.023000 0.023000
0 0.658000 0.589000 0.021000 0.019000
0 0.487500 0.614500 0.013000 0.014000
0 0.344000 0.797500 0.032000 0.020000
0 0.407000 0.863500 0.016000 0.020000
0 0.451000 0.291000 0.022000 0.017000
0 0.615000 0.494000 0.028000 0.025000
0 0.609000 0.801500 0.009000 0.008000
0 0.177000 0.374000 0.023000 0.022000
0 0.765500 0.590000 0.016000 0.017000
0 0.558000 0.111500 0.017000 0.017000
0 0.458500 0.562000 0.020000 0.022000
0 0.645500 0.386000 0.017000 0.020000
0 0.469500 0.411500 0.022000 0.022000
0 0.630500 0.402000 0.023000 0.023000
0 0.441500 0.651500 0.016000 0.013000
0 0.408500 0.445000 0.023000 0.023000
0 0.413500 0.575000 0.014000 0.014000
0 0.620500 0.423000 0.015000 0.015000
0 0.395000 0.533000 0.014000 0.016000
0 0.537500 0.321000 0.022000 0.026000
0 0.209000 0.471500 0.017000 0.023000
0 0.318500 0.614500 0.023000 0.020000
0 0.359500 0.821000 0.018000 0.017000
0 0.176500 0.711000 0.016000 0.016000
0 0.215500 0.625500 0.014000 0.018000
0 0.383500 0.451500 0.026000 0.026000