0 0.388500 0.546500 0.024000 0.021000
0 0.308000 0.610500 0.017000 0.025000
0 0.795500 0.533500 0.020000 0.021000
0 0.556000 0.704000 0.030000 0.031000
0 0.564500 0.808000 0.030000 0.025000
0 0.597000 0.511000 0.014000 0.015000
0 0.816000 0.769000 0.018000 0.015000
0 0.726000 0.192500 0.023000 0.023000
0 0.505500 0.489250 0.019000 0.023500
0 0.290500 0.401000 0.018000 0.017000
0 0.318500 0.295000 0.031000 0.030000
0 0.516000 0.481500 0.017000 0.017000
0 0.390500 0.533000 0.020000 0.020000
0 0.573000 0.163000 0.014000 0.014000
0 0.250000 0.385500 0.028000 0.019000
0 0.857500 0.368000 0.011000 0.015000
0 0.535500 0.451000 0.017000 0.017000
0 0.500000 0.499500 0.024000 0.024000
0 0.455000 0.543500 0.025000 0.022000
0 0.341500 0.605500 0.020000 0.020000
0 0.449000 0.318000 0.018000 0.015000
0 0.461500 0.411500 0.017000 0.017000
0 0.483500 0.531000 0.029000 0.029000
0 0.418000 0.455000 0.034000 0.028000
0 0.241500 0.771000 0.031000 0.028000
0 0.627500 0.128500 0.011000 0.010000
0 0.616000 0.427000 0.031000 0.027000
0 0.271000 0.826000 0.020000 0.020000
0 0.671500 0.294500 0.022000 0.023000
0 0.520500 0.586500 0.027000 0.028000
0 0.758000 0.402500 0.012000 0.010000
0 0.807000 0.526000 0.024000 0.016000
0 0.200000 0.455500 0.026000 0.028000
0 0.516500 0.422000 0.010000 0.015000
0 0.233500 0.610000 0.011000 0.012000
0 0.652500 0.554500 0.015000 0.017000
0 0.147500 0.419500 0.026000 0.026000
0 0.437000 0.669500 0.017000 0.017000
0 0.495000 0.094000 0.020000 0.023000
0 0.398500 0.548500 0.020000 0.025000
0 0.416500 0.615250 0.013000 0.017500
0 0.487000 0.500000 0.018000 0.016000
0 0.675500 0.851500 0.025000 0.023000
0 0.517500 0.351500 0.016000 0.014000
0 0.732500 0.393500 0.011000 0.011000
0 0.255500 0.327000 0.016000 0.016000
0 0.394500 0.456500 0.008000 0.008000
0 0.562500 0.697000 0.019000 0.020000
0 0.292000 0.773500 0.019000 0.019000
0 0.578000 0.462000 0.022000 0.021000
0 0.344000 0.517000 0.015000 0.013000
0 0.620500 0.615500 0.015000 0.015000
0 0.170500 0.588000 0.016000 0.013000
0 0.264500 0.690500 0.023000 0.025000
0 0.416500 0.631500 0.014000 0.010000
0 0.595500 0.781500 0.030000 0.025000
0 0.772000 0.220000 0.025000 0.019000
0 0.768000 0.301500 0.019000 0.019000
0 0.590000 0.434500 0.022000 0.031000
0 0.484000 0.459000 0.024000 0.028000
0 0.650500 0.537500 0.024000 0.021000
0 0.553000 0.353500 0.030000 0.024000
0 0.352000 0.389500 0.014000 0.011000
0 0.614500 0.666500 0.030000 0.032000
0 0.471000 0.873000 0.018000 0.018000
0 0.751500 0.466000 0.032000 0.029000
0 0.122000 0.454500 0.019000 0.019000
0 0.415000 0.588500 0.028000 0.020000
0 0.571500 0.423000 0.027000 0.025000
0 0.687000 0.610500 0.027000 0.026000
0 0.608000 0.528500 0.013000 0.012000
0 0.405500 0.578500 0.021000 0.019000
0 0.492500 0.599000 0.033000 0.028000
0 0.641500 0.811000 0.020000 0.024000
0 0.311000 0.227500 0.013000 0.015000
0 0.435000 0.443000 0.022000 0.025000
0 0.339500 0.882500 0.018000 0.014000
0 0.597000 0.605500 0.013000 0.014000
0 0.661000 0.270000 0.027000 0.019000
0 0.341000 0.119000 0.013000 0.013000
0 0.383000 0.424500 0.013000 0.011000
0 0.616500 0.369500 0.014000 0.012000
0 0.197000 0.789500 0.019000 0.019000
0 0.469500 0.631000 0.013000 0.011000
0 0.582000 0.490000 0.029000 0.025000
0 0.491000 0.136000 0.019000 0.023000
0 0.756500 0.580500 0.013000 0.014000
0 0.360000 0.772000 0.020000 0.020000
0 0.494000 0.443500 0.021000 0.025000
0 0.509500 0.302500 0.022000 0.021000
0 0.416500 0.549500 0.017000 0.015000
0 0.467500 0.398500 0.021000 0.020000
0 0.627000 0.317000 0.015000 0.012000
0 0.562500 0.259500 0.026000 0.022000
0 0.369500 0.743500 0.031000 0.035000
0 0.541500 0.529500 0.013000 0.012000
0 0.735000 0.834500 0.012000 0.015000
0 0.521500 0.863000 0.023000 0.023000
0 0.472000 0.329000 0.012000 0.009000
0 0.399500 0.593000 0.021000 0.022000
0 0.675000 0.743000 0.018000 0.017000
0 0.528000 0.524500 0.014000 0.015000
0 0.514000 0.667500 0.019000 0.019000
0 0.707000 0.530500 0.018000 0.019000
0 0.607000 0.870500 0.010000 0.010000
0 0.682500 0.226500 0.015000 0.015000
0 0.712000 0.238500 0.013000 0.013000
0 0.249000 0.765000 0.017000 0.016000
0 0.662500 0.137000 0.021000 0.021000
0 0.682000 0.442500 0.032000 0.026000
0 0.590000 0.118000 0.011000 0.013000
0 0.851500 0.590500 0.017000 0.017000
0 0.767500 0.594500 0.024000 0.028000
0 0.609000 0.567000 0.034000 0.033000
0 0.552000 0.782000 0.017000 0.018000
0 0.804500 0.683000 0.018000 0.018000
0 0.535000 0.188500 0.020000 0.019000
0 0.543000 0.334500 0.017000 0.010000
0 0.577500 0.135000 0.013000 0.015000
0 0.315000 0.684500 0.015000 0.016000
0 0.528500 0.301500 0.035000 0.027000
0 0.248000 0.318000 0.022000 0.023000
0 0.418500 0.523500 0.017000 0.022000
0 0.509000 0.778500 0.020000 0.018000
0 0.622000 0.724000 0.024000 0.029000
0 0.420000 0.396500 0.013000 0.011000
0 0.484000 0.444500 0.021000 0.022000
0 0.555000 0.546500 0.012000 0.012000
0 0.222750 0.395500 0.011500 0.008000
0 0.179500 0.605000 0.014000 0.014000
0 0.469000 0.390000 0.021000 0.019000
0 0.405500 0.718000 0.015000 0.014000
0 0.755000 0.427000 0.015000 0.014000
0 0.390000 0.440000 0.015000 0.014000
0 0.545000 0.429000 0.015000 0.020000
0 0.489000 0.514500 0.026000 0.028000
0 0.695000 0.669500 0.019000 0.024000
0 0.498500 0.146500 0.014000 0.015000
0 0.705500 0.379000 0.018000 0.022000
0 0.429000 0.541000 0.019000 0.011000
0 0.426500 0.503000 0.035000 0.023000
0 0.555750 0.560000 0.017500 0.017000
0 0.405000 0.317000 0.021000 0.020000
0 0.533500 0.496000 0.014000 0.016000
0 0.492500 0.675000 0.012000 0.012000
0 0.238500 0.212500 0.012000 0.011000
0 0.651500 0.639500 0.013000 0.016000
0 0.416000 0.404500 0.014000 0.009000
0 0.834000 0.517500 0.028000 0.024000
0 0.496500 0.612500 0.026000 0.024000
0 0.517000 0.488000 0.016000 0.013000
0 0.671500 0.413000 0.010000 0.010000
0 0.448000 0.375000 0.027000 0.030000
0 0.379000 0.572000 0.021000 0.023000
0 0.314000 0.382500 0.025000 0.021000
0 0.668500 0.576000 0.017000 0.021000
0 0.687000 0.727500 0.024000 0.026000
0 0.535000 0.881500 0.015000 0.014000
0 0.463000 0.093000 0.012000 0.013000
0 0.363500 0.897000 0.025000 0.024000
0 0.445500 0.732500 0.020000 0.020000
0 0.503500 0.422500 0.025000 0.030000
0 0.738000 0.164000 0.017000 0.017000
0 0.531500 0.506500 0.023000 0.021000
0 0.819750 0.277000 0.029500 0.022000
0 0.729000 0.461000 0.016000 0.015000
0 0.605000 0.401500 0.012000 0.013000
0 0.311500 0.526000 0.019000 0.019000
0 0.806000 0.634000 0.015000 0.017000
0 0.426000 0.492000 0.028000 0.024000
0 0.475000 0.439500 0.032000 0.028000
0 0.430000 0.784500 0.025000 0.026000
0 0.617250 0.321000 0.017500 0.012000
0 0.333500 0.654500 0.019000 0.015000
0 0.739500 0.690500 0.023000 0.022000
0 0.522000 0.487000 0.013000 0.014000
0 0.259500 0.246000 0.028000 0.020000
0 0.556000 0.842500 0.015000 0.012000
0 0.693500 0.221500 0.024000 0.020000
0 0.598500 0.670000 0.014000 0.016000
0 0.850000 0.455500 0.013000 0.015000
0 0.456500 0.571000 0.016000 0.022000
0 0.515500 0.595500 0.010000 0.013000
0 0.192500 0.541000 0.016000 0.016000
0 0.551500 0.453500 0.015000 0.014000
0 0.422000 0.292000 0.021000 0.022000
0 0.668000 0.632500 0.031000 0.021000
0 0.153000 0.677000 0.017000 0.014000
0 0.536000 0.260000 0.014000 0.014000
0 0.337750 0.492500 0.011500 0.010000
0 0.465500 0.506500 0.010000 0.013000
0 0.437000 0.867000 0.011000 0.011000
0 0.514500 0.332500 0.013000 0.010000
0 0.695500 0.607000 0.018000 0.023000
0 0.281500 0.544500 0.018000 0.013000
0 0.350000 0.690000 0.022000 0.018000
0 0.090000 0.574000 0.014000 0.015000
0 0.445000 0.399500 0.010000 0.011000
0 0.784500 0.643500 0.027000 0.026000
0 0.291500 0.701500 0.011000 0.014000
0 0.313000 0.778000 0.018000 0.020000
0 0.456500 0.628500 0.022000 0.020000
0 0.536500 0.851500 0.027000 0.028000
0 0.517000 0.517500 0.020000 0.023000
0 0.696500 0.532000 0.019000 0.017000
0 0.459000 0.396000 0.019000 0.018000
0 0.427000 0.463000 0.025000 0.028000
0 0.201500 0.424500 0.017000 0.018000
0 0.741000 0.536000 0.028000 0.023000
0 0.472500 0.537000 0.016000 0.018000
0 0.494000 0.488000 0.023000 0.022000
0 0.355500 0.648000 0.019000 0.023000
0 0.578750 0.614000 0.014500 0.010000
0 0.471500 0.658000 0.021000 0.016000
0 0.531500 0.515000 0.031000 0.028000
0 0.290500 0.370500 0.017000 0.011000
0 0.221500 0.618000 0.013000 0.013000
0 0.476500 0.561500 0.019000 0.018000
0 0.368000 0.675500 0.010000 0.012000
0 0.606500 0.284000 0.014000 0.013000
0 0.468000 0.493000 0.019000 0.019000
0 0.798500 0.524500 0.015000 0.018000
0 0.387500 0.724000 0.025000 0.031000
0 0.447500 0.429500 0.032000 0.029000
0 0.384500 0.600500 0.025000 0.023000
0 0.546500 0.289500 0.020000 0.020000
0 0.517000 0.543000 0.019000 0.020000
0 0.645500 0.762000 0.025000 0.032000
0 0.699000 0.858000 0.020000 0.016000
0 0.575000 0.478750 0.013000 0.014500
0 0.440000 0.211000 0.017000 0.016000
0 0.515500 0.730000 0.016000 0.014000
0 0.378500 0.367500 0.012000 0.009000
0 0.275500 0.502000 0.012000 0.012000
0 0.466000 0.460000 0.015000 0.022000
0 0.243000 0.712500 0.029000 0.021000
0 0.574500 0.874000 0.023000 0.027000
0 0.532500 0.583500 0.023000 0.024000
0 0.707000 0.296500 0.028000 0.029000
0 0.399000 0.225000 0.024000 0.023000
0 0.370500 0.825000 0.013000 0.013000
0 0.564000 0.339500 0.024000 0.027000
0 0.548500 0.407500 0.012000 0.012000
0 0.597500 0.596500 0.027000 0.032000
0 0.324000 0.625500 0.025000 0.023000
0 0.260500 0.607500 0.026000 0.027000
0 0.629000 0.673000 0.019000 0.018000
0 0.305500 0.572500 0.019000 0.019000
0 0.370500 0.288500 0.010000 0.012000
0 0.381000 0.153000 0.027000 0.025000
0 0.272500 0.169500 0.012000 0.014000
0 0.769000 0.321000 0.013000 0.017000
0 0.424500 0.713000 0.015000 0.018000
0 0.715000 0.436500 0.023000 0.024000
0 0.818500 0.701000 0.018000 0.017000
0 0.440500 0.337000 0.025000 0.023000
0 0.598500 0.134000 0.032000 0.023000
0 0.494000 0.339000 0.027000 0.026000
0 0.524500 0.715000 0.023000 0.023000
0 0.203000 0.535500 0.029000 0.031000
0 0.582500 0.628500 0.024000 0.029000
0 0.575500 0.696500 0.016000 0.015000
0 0.218000 0.420000 0.021000 0.024000
0 0.604500 0.391500 0.012000 0.011000
0 0.320500 0.765000 0.031000 0.032000
0 0.626500 0.251000 0.026000 0.027000
0 0.481000 0.118500 0.014000 0.014000
0 0.665000 0.156000 0.015000 0.015000
0 0.628500 0.533000 0.020000 0.022000
0 0.243500 0.469500 0.011000 0.014000
0 0.586500 0.572500 0.023000 0.021000
0 0.684500 0.743500 0.013000 0.011000
0 0.606500 0.795000 0.010000 0.010000
0 0.532000 0.624500 0.024000 0.024000
0 0.509500 0.476500 0.018000 0.016000
0 0.343500 0.245500 0.027000 0.027000
0 0.470000 0.540500 0.027000 0.030000
0 0.477500 0.657500 0.022000 0.022000
0 0.311000 0.451000 0.017000 0.015000
0 0.364000 0.649500 0.022000 0.023000
0 0.406500 0.372500 0.020000 0.023000
0 0.480500 0.517000 0.017000 0.018000
0 0.613500 0.469500 0.020000 0.019000
0 0.458000 0.575500 0.018000 0.015000
0 0.771500 0.689500 0.015000 0.022000
0 0.113500 0.558000 0.011000 0.013000
0 0.807000 0.557500 0.014000 0.016000
0 0.650500 0.810500 0.015000 0.011000
0 0.321000 0.476000 0.019000 0.012000
0 0.504000 0.513500 0.021000 0.016000
0 0.592000 0.901500 0.016000 0.017000
0 0.693500 0.556500 0.019000 0.023000
0 0.531500 0.519500 0.021000 0.018000
0 0.499000 0.515500 0.018000 0.011000
0 0.288500 0.634000 0.009000 0.010000
0 0.302500 0.504500 0.020000 0.023000
0 0.780000 0.290000 0.014000 0.015000
0 0.571500 0.532500 0.016000 0.015000
0 0.422500 0.320000 0.020000 0.022000
0 0.515500 0.500000 0.015000 0.016000
0 0.384000 0.458500 0.012000 0.014000
0 0.489500 0.833500 0.026000 0.026000
0 0.539000 0.597500 0.022000 0.030000
0 0.549500 0.616000 0.021000 0.024000
0 0.420500 0.273500 0.022000 0.018000
0 0.433250 0.682000 0.026500 0.019000
0 0.136500 0.346500 0.017000 0.019000
0 0.530500 0.361500 0.017000 0.026000
0 0.621000 0.711000 0.023000 0.022000
0 0.524000 0.778500 0.029000 0.029000
0 0.223500 0.292500 0.013000 0.018000
0 0.687000 0.384500 0.025000 0.025000
0 0.323500 0.421000 0.014000 0.016000
0 0.307500 0.692500 0.014000 0.017000
0 0.184000 0.705000 0.023000 0.023000
0 0.473500 0.523000 0.013000 0.013000
0 0.843500 0.409000 0.018000 0.024000
0 0.294500 0.432500 0.011000 0.009000
0 0.502000 0.296000 0.014000 0.018000
0 0.553500 0.210000 0.026000 0.025000
0 0.394500 0.398000 0.011000 0.010000
0 0.356000 0.293500 0.020000 0.022000
0 0.484000 0.505500 0.020000 0.019000
0 0.635000 0.184500 0.019000 0.018000
0 0.761500 0.304500 0.024000 0.023000
0 0.570500 0.215500 0.020000 0.020000
0 0.708000 0.637000 0.023000 0.022000
0 0.823500 0.661500 0.023000 0.025000
0 0.270500 0.836500 0.025000 0.025000
0 0.401500 0.350000 0.026000 0.026000
0 0.146000 0.645000 0.030000 0.031000
0 0.308500 0.547000 0.020000 0.024000
0 0.525000 0.488000 0.023000 0.028000
0 0.687000 0.359500 0.012000 0.012000
0 0.474500 0.707500 0.023000 0.019000
0 0.268500 0.471500 0.023000 0.017000
0 0.617500 0.733000 0.015000 0.015000
0 0.560500 0.490000 0.024000 0.026000
0 0.741500 0.392000 0.019000 0.020000
0 0.355000 0.432500 0.016000 0.014000
0 0.536250 0.553000 0.014500 0.012000
0 0.872500 0.436500 0.021000 0.019000
0 0.640500 0.799000 0.028000 0.031000
0 0.356000 0.571500 0.013000 0.017000
0 0.554000 0.444500 0.018000 0.018000
0 0.521000 0.407500 0.023000 0.024000
0 0.348000 0.570000 0.018000 0.021000
0 0.623500 0.574500 0.016000 0.014000
0 0.486000 0.467500 0.018000 0.015000
0 0.730000 0.632500 0.025000 0.025000
0 0.526000 0.252500 0.032000 0.031000
0 0.576000 0.589500 0.023000 0.032000
0 0.675000 0.448000 0.027000 0.024000
0 0.740000 0.464000 0.020000 0.021000
0 0.395500 0.873500 0.022000 0.021000
0 0.369500 0.501000 0.018000 0.016000
0 0.775000 0.786500 0.010000 0.013000
0 0.456500 0.562000 0.027000 0.026000
0 0.820000 0.386500 0.029000 0.026000
0 0.239000 0.538000 0.023000 0.012000
0 0.311500 0.714000 0.025000 0.029000
0 0.614000 0.738000 0.028000 0.027000
0 0.208500 0.346500 0.010000 0.009000
0 0.477500 0.479500 0.022000 0.021000
0 0.171000 0.508500 0.016000 0.015000
0 0.390000 0.509000 0.025000 0.029000
0 0.562500 0.265000 0.015000 0.012000
0 0.652000 0.469500 0.022000 0.018000
0 0.618000 0.624000 0.020000 0.016000
0 0.575000 0.201500 0.014000 0.016000
0 0.150500 0.539500 0.017000 0.019000
0 0.515000 0.248500 0.019000 0.021000
0 0.676000 0.717500 0.029000 0.029000
0 0.742500 0.177000 0.023000 0.021000
0 0.517000 0.570500 0.016000 0.015000
0 0.405500 0.468500 0.014000 0.014000
0 0.552500 0.193000 0.009000 0.012000
0 0.815500 0.639000 0.022000 0.022000
0 0.436500 0.388500 0.023000 0.018000
0 0.409000 0.183500 0.026000 0.027000
0 0.511000 0.650000 0.019000 0.021000
0 0.729000 0.543500 0.016000 0.013000