0 0.614000 0.528000 0.033000 0.031000
0 0.502000 0.663000 0.027000 0.032000
0 0.239000 0.674000 0.025000 0.025000
0 0.388000 0.458000 0.026000 0.026000
0 0.389000 0.687000 0.021000 0.027000
0 0.562000 0.408000 0.017000 0.017000
0 0.455000 0.504500 0.025000 0.027000
0 0.490500 0.460000 0.032000 0.023000
0 0.249500 0.533000 0.015000 0.016000
0 0.717500 0.607000 0.015000 0.013000
0 0.417500 0.898000 0.017000 0.017000
0 0.706000 0.486500 0.017000 0.017000
0 0.712000 0.515500 0.014000 0.014000
0 0.560000 0.505000 0.014000 0.009000
0 0.566500 0.513000 0.027000 0.022000
0 0.630500 0.480500 0.034000 0.026000
0 0.269000 0.602500 0.014000 0.016000
0 0.468500 0.388000 0.016000 0.017000
0 0.794000 0.554000 0.020000 0.017000
0 0.291250 0.596000 0.014500 0.016000
0 0.539000 0.476500 0.019000 0.018000
0 0.490000 0.423500 0.012000 0.014000
0 0.378500 0.697000 0.013000 0.014000
0 0.252500 0.801500 0.020000 0.020000
0 0.492500 0.129500 0.020000 0.020000
0 0.518000 0.491000 0.015000 0.016000
0 0.720000 0.417000 0.024000 0.022000
0 0.516000 0.511500 0.021000 0.021000
0 0.461500 0.470000 0.017000 0.019000
0 0.379000 0.182500 0.015000 0.021000
0 0.771500 0.250000 0.028000 0.027000
0 0.617000 0.356500 0.021000 0.020000
0 0.091500 0.450500 0.027000 0.026000
0 0.617000 0.497000 0.034000 0.024000
0 0.422000 0.382000 0.030000 0.028000
0 0.660000 0.441000 0.017000 0.018000
0 0.117000 0.411000 0.024000 0.023000
0 0.411000 0.664500 0.034000 0.033000
0 0.495500 0.329750 0.020000 0.020500
0 0.456000 0.463000 0.018000 0.017000
0 0.370000 0.465500 0.026000 0.018000
0 0.616500 0.454250 0.012000 0.017500
0 0.337000 0.361000 0.011000 0.010000
0 0.839500 0.458500 0.020000 0.023000
0 0.382000 0.709500 0.019000 0.019000
0 0.214000 0.786500 0.023000 0.023000
0 0.558000 0.463500 0.018000 0.018000
0 0.676000 0.257500 0.010000 0.012000
0 0.375000 0.508000 0.022000 0.022000
0 0.251000 0.601000 0.024000 0.031000
0 0.349000 0.375500 0.015000 0.016000
0 0.648750 0.850000 0.017500 0.019000
0 0.662000 0.509500 0.011000 0.011000
0 0.668500 0.410000 0.017000 0.020000
0 0.527500 0.530000 0.028000 0.031000
0 0.400500 0.408500 0.021000 0.018000
0 0.570500 0.615500 0.034000 0.028000
0 0.369000 0.610500 0.023000 0.025000
0 0.261000 0.770500 0.015000 0.014000
0 0.678500 0.525000 0.011000 0.014000
0 0.781500 0.651000 0.013000 0.019000
0 0.500500 0.504500 0.020000 0.022000
0 0.766000 0.491500 0.026000 0.029000
0 0.517500 0.564000 0.016000 0.013000
0 0.451000 0.710500 0.021000 0.019000
0 0.447000 0.299500 0.011000 0.014000
0 0.498000 0.412500 0.014000 0.009000
0 0.769000 0.182500 0.013000 0.011000
0 0.312000 0.341500 0.030000 0.022000
0 0.521000 0.916500 0.019000 0.017000
0 0.671500 0.499500 0.015000 0.015000
0 0.167000 0.550500 0.028000 0.027000
0 0.550500 0.285000 0.014000 0.014000
0 0.800000 0.343000 0.020000 0.023000
0 0.607000 0.445500 0.016000 0.014000
0 0.629500 0.811000 0.023000 0.028000
0 0.536000 0.419000 0.027000 0.025000
0 0.356000 0.433000 0.009000 0.012000
0 0.267000 0.673500 0.031000 0.024000
0 0.241500 0.610500 0.009000 0.011000
0 0.521500 0.466000 0.014000 0.014000
0 0.585500 0.370000 0.009000 0.014000
0 0.571500 0.398000 0.029000 0.031000
0 0.401000 0.249000 0.019000 0.017000
0 0.325500 0.334500 0.021000 0.022000
0 0.502500 0.468500 0.020000 0.020000
0 0.515000 0.456500 0.015000 0.019000
0 0.634500 0.397000 0.011000 0.013000
0 0.717500 0.825500 0.019000 0.030000
0 0.381500 0.260000 0.019000 0.017000
0 0.416000 0.354500 0.012000 0.015000
0 0.327000 0.468500 0.019000 0.017000
0 0.491500 0.801500 0.021000 0.026000
0 0.543500 0.477500 0.030000 0.030000
0 0.569000 0.515500 0.019000 0.017000
0 0.579500 0.863000 0.027000 0.028000
0 0.141500 0.460000 0.015000 0.014000
0 0.195500 0.488000 0.025000 0.020000
0 0.527500 0.450500 0.027000 0.027000
0 0.759000 0.821500 0.013000 0.017000
0 0.728000 0.620500 0.012000 0.020000
0 0.508000 0.528500 0.012000 0.014000
0 0.533500 0.547000 0.016000 0.020000
0 0.552500 0.352500 0.013000 0.013000
0 0.358000 0.265000 0.016000 0.016000
0 0.551000 0.404500 0.025000 0.017000
0 0.206000 0.309000 0.013000 0.018000
0 0.629000 0.477000 0.016000 0.016000
0 0.582500 0.339500 0.022000 0.020000
0 0.626000 0.563500 0.017000 0.016000
0 0.205000 0.210000 0.031000 0.031000
0 0.505500 0.486000 0.024000 0.017000
0 0.642000 0.641000 0.033000 0.031000
0 0.559000 0.386500 0.019000 0.015000
0 0.619500 0.388000 0.013000 0.013000
0 0.547500 0.427500 0.012000 0.017000
0 0.676500 0.326500 0.018000 0.018000
0 0.628500 0.213500 0.016000 0.015000
0 0.601500 0.530500 0.021000 0.021000
0 0.290000 0.290000 0.022000 0.024000
0 0.252000 0.407000 0.020000 0.028000
0 0.593500 0.544000 0.031000 0.032000
0 0.466500 0.518000 0.012000 0.013000
0 0.390500 0.173000 0.015000 0.013000
0 0.432500 0.472500 0.016000 0.016000
0 0.329000 0.407500 0.023000 0.018000
0 0.479500 0.519000 0.022000 0.024000
0 0.642500 0.576000 0.022000 0.022000
0 0.483000 0.393000 0.021000 0.019000
0 0.810000 0.357000 0.017000 0.015000
0 0.479500 0.536500 0.020000 0.021000
0 0.466500 0.506500 0.023000 0.024000
0 0.442000 0.561000 0.011000 0.011000
0 0.480500 0.419500 0.025000 0.021000
0 0.591500 0.606000 0.017000 0.020000
0 0.579500 0.304500 0.022000 0.019000
0 0.357500 0.724500 0.017000 0.014000
0 0.307000 0.429000 0.026000 0.029000
0 0.858000 0.306500 0.013000 0.014000
0 0.288500 0.307500 0.011000 0.011000
0 0.620500 0.770000 0.016000 0.018000
0 0.689000 0.198000 0.013000 0.016000
0 0.520000 0.754000 0.019000 0.030000
0 0.842500 0.637500 0.017000 0.018000
0 0.586000 0.609500 0.026000 0.027000
0 0.553000 0.471500 0.019000 0.016000
0 0.567500 0.580000 0.016000 0.021000
0 0.290000 0.744000 0.016000 0.014000
0 0.352000 0.407500 0.016000 0.015000
0 0.460000 0.747000 0.024000 0.024000
0 0.226500 0.556000 0.023000 0.024000
0 0.419500 0.193000 0.009000 0.011000
0 0.694000 0.525500 0.022000 0.018000
0 0.397500 0.492500 0.011000 0.014000
0 0.653000 0.462500 0.035000 0.027000
0 0.539500 0.492000 0.021000 0.024000
0 0.666500 0.115000 0.013000 0.012000
0 0.627000 0.134500 0.017000 0.017000
0 0.468250 0.838000 0.020500 0.015000
0 0.413000 0.634000 0.017000 0.029000
0 0.429000 0.446000 0.020000 0.020000
0 0.267500 0.210000 0.028000 0.027000
0 0.291000 0.769500 0.014000 0.016000
0 0.671500 0.832000 0.012000 0.013000
0 0.149500 0.562500 0.024000 0.023000
0 0.358500 0.596750 0.012000 0.014500
0 0.353000 0.324000 0.011000 0.010000
0 0.282000 0.568000 0.018000 0.017000
0 0.454000 0.688500 0.023000 0.022000
0 0.152000 0.336000 0.013000 0.009000
0 0.283000 0.706500 0.011000 0.014000
0 0.530500 0.566250 0.009000 0.011500
0 0.431000 0.486000 0.022000 0.023000
0 0.476000 0.475250 0.018000 0.026500
0 0.895500 0.475000 0.012000 0.012000
0 0.888000 0.379500 0.018000 0.024000
0 0.633000 0.304500 0.021000 0.022000
0 0.222000 0.527500 0.020000 0.019000
0 0.613500 0.292000 0.030000 0.029000
0 0.228500 0.404500 0.018000 0.020000
0 0.576500 0.559500 0.016000 0.016000
0 0.522000 0.401500 0.022000 0.021000
0 0.721500 0.704500 0.032000 0.029000
0 0.406500 0.511500 0.017000 0.015000
0 0.592000 0.386500 0.012000 0.012000
0 0.721000 0.393500 0.010000 0.009000
0 0.641500 0.489000 0.024000 0.025000
0 0.279500 0.857000 0.022000 0.028000
0 0.756000 0.594000 0.013000 0.013000
0 0.192500 0.528500 0.028000 0.031000
0 0.216500 0.664500 0.019000 0.021000
0 0.678500 0.647000 0.030000 0.028000
0 0.791500 0.710500 0.014000 0.009000
0 0.573000 0.769500 0.021000 0.020000
0 0.388500 0.821500 0.019000 0.024000
0 0.387500 0.198500 0.013000 0.011000
0 0.106500 0.530500 0.019000 0.019000
0 0.804500 0.769500 0.021000 0.020000
0 0.595500 0.627500 0.016000 0.017000
0 0.703500 0.584000 0.027000 0.021000
0 0.558500 0.626500 0.020000 0.014000
0 0.387000 0.287500 0.019000 0.013000
0 0.641000 0.162500 0.032000 0.026000
0 0.710500 0.818000 0.020000 0.029000
0 0.606500 0.125500 0.025000 0.023000
0 0.328500 0.793500 0.012000 0.013000
0 0.375500 0.676500 0.010000 0.012000
0 0.450000 0.337500 0.012000 0.012000
0 0.312000 0.243000 0.013000 0.011000
0 0.485000 0.431000 0.014000 0.015000
0 0.407000 0.544000 0.020000 0.019000
0 0.230500 0.652500 0.025000 0.026000
0 0.493000 0.216500 0.027000 0.028000
0 0.507500 0.854500 0.010000 0.009000
0 0.740500 0.809500 0.013000 0.016000
0 0.409500 0.649500 0.014000 0.018000
0 0.567500 0.566500 0.012000 0.010000
0 0.896000 0.557500 0.022000 0.022000
0 0.595500 0.689500 0.013000 0.012000
0 0.604500 0.488500 0.024000 0.028000
0 0.730000 0.440500 0.018000 0.016000
0 0.906500 0.449000 0.024000 0.018000
0 0.681000 0.299000 0.020000 0.022000
0 0.278000 0.740500 0.015000 0.020000
0 0.417000 0.404000 0.021000 0.021000
0 0.498500 0.215500 0.012000 0.015000
0 0.462500 0.483000 0.013000 0.013000
0 0.607250 0.151000 0.011500 0.011000
0 0.461000 0.422500 0.014000 0.014000
0 0.884000 0.460500 0.015000 0.019000
0 0.678000 0.461500 0.010000 0.010000
0 0.881500 0.393500 0.020000 0.021000
0 0.498500 0.495000 0.029000 0.025000
0 0.671000 0.537000 0.011000 0.010000
0 0.421000 0.477000 0.015000 0.019000
0 0.498500 0.499500 0.027000 0.030000
0 0.189000 0.718000 0.028000 0.031000
0 0.489000 0.259000 0.013000 0.009000
0 0.610500 0.829500 0.016000 0.019000
0 0.589500 0.444000 0.015000 0.018000
0 0.314500 0.451000 0.018000 0.016000
0 0.678500 0.716500 0.023000 0.028000
0 0.203000 0.545500 0.027000 0.021000
0 0.499000 0.655500 0.016000 0.017000
0 0.463000 0.551000 0.025000 0.026000
0 0.342000 0.322000 0.029000 0.030000
0 0.646500 0.711000 0.020000 0.021000
0 0.580000 0.445500 0.018000 0.021000
0 0.520000 0.903500 0.023000 0.030000
0 0.237000 0.686000 0.015000 0.015000
0 0.470500 0.349000 0.024000 0.022000
0 0.133000 0.598000 0.021000 0.018000
0 0.232000 0.821500 0.017000 0.015000
0 0.510000 0.475500 0.013000 0.013000
0 0.791000 0.247000 0.033000 0.034000
0 0.334500 0.332500 0.020000 0.017000
0 0.561500 0.155500 0.022000 0.024000
0 0.453500 0.540000 0.021000 0.023000
0 0.342000 0.166000 0.025000 0.022000
0 0.689000 0.534500 0.010000 0.010000
0 0.338500 0.303000 0.016000 0.020000
0 0.433500 0.361500 0.017000 0.014000
0 0.564500 0.445000 0.010000 0.010000
0 0.858000 0.533500 0.021000 0.017000
0 0.497500 0.504500 0.018000 0.021000
0 0.493000 0.513000 0.020000 0.023000
0 0.446500 0.669000 0.020000 0.013000
0 0.142500 0.316000 0.022000 0.024000
0 0.572500 0.261500 0.022000 0.020000
0 0.598000 0.884000 0.023000 0.024000
0 0.541000 0.462500 0.011000 0.012000
0 0.703000 0.609000 0.016000 0.017000
0 0.435500 0.532500 0.026000 0.024000
0 0.503500 0.556500 0.023000 0.023000
0 0.155000 0.592500 0.020000 0.019000
0 0.809500 0.586500 0.025000 0.017000
0 0.219500 0.551000 0.028000 0.028000
0 0.856500 0.445500 0.023000 0.028000
0 0.198500 0.292000 0.014000 0.016000
0 0.234000 0.602500 0.016000 0.016000
0 0.437000 0.595000 0.023000 0.023000
0 0.594500 0.401500 0.010000 0.008000
0 0.441500 0.470000 0.022000 0.018000
0 0.493000 0.287500 0.014000 0.014000
0 0.374500 0.819000 0.022000 0.022000
0 0.591000 0.488500 0.010000 0.009000
0 0.353000 0.700000 0.021000 0.027000
0 0.419000 0.421000 0.024000 0.031000
0 0.366000 0.323000 0.026000 0.023000
0 0.501500 0.623500 0.017000 0.018000
0 0.686500 0.693500 0.019000 0.015000
0 0.746000 0.640000 0.019000 0.019000
0 0.137500 0.526500 0.017000 0.021000
0 0.594500 0.299000 0.012000 0.012000
0 0.340500 0.788000 0.022000 0.020000
0 0.225000 0.347000 0.011000 0.011000
0 0.374500 0.419000 0.014000 0.016000
0 0.641500 0.260250 0.014000 0.020500
0 0.711500 0.335500 0.029000 0.028000
0 0.825000 0.298500 0.026000 0.024000
0 0.345000 0.745500 0.015000 0.017000
0 0.589000 0.754000 0.027000 0.022000
0 0.315500 0.169000 0.034000 0.033000
0 0.343000 0.714000 0.021000 0.020000
0 0.383000 0.739000 0.025000 0.023000
0 0.253000 0.733500 0.017000 0.018000
0 0.611500 0.435000 0.012000 0.011000
0 0.471000 0.136500 0.028000 0.024000
0 0.181000 0.399500 0.028000 0.027000
0 0.470500 0.414000 0.018000 0.019000
0 0.391000 0.540000 0.028000 0.026000
0 0.215000 0.427000 0.026000 0.027000
0 0.810500 0.272000 0.027000 0.028000
0 0.491000 0.489000 0.014000 0.013000
0 0.685000 0.283500 0.019000 0.024000
0 0.506000 0.723500 0.016000 0.013000
0 0.678500 0.674000 0.017000 0.027000
0 0.458500 0.439000 0.028000 0.025000
0 0.250000 0.266000 0.015000 0.020000
0 0.450000 0.458000 0.013000 0.010000
0 0.844500 0.320000 0.019000 0.021000
0 0.644500 0.253000 0.025000 0.021000
0 0.504500 0.501000 0.021000 0.018000
0 0.454500 0.650000 0.031000 0.035000
0 0.319000 0.125500 0.023000 0.025000
0 0.236500 0.386500 0.024000 0.018000
0 0.242000 0.342000 0.020000 0.021000
0 0.444000 0.306000 0.011000 0.012000
0 0.563500 0.642500 0.025000 0.024000
0 0.691250 0.727500 0.020500 0.015000
0 0.499500 0.575000 0.017000 0.024000
0 0.476500 0.603500 0.019000 0.025000
0 0.539000 0.370500 0.016000 0.017000
0 0.198000 0.475000 0.011000 0.012000
0 0.559000 0.377500 0.018000 0.016000
0 0.676000 0.408000 0.023000 0.024000
0 0.464000 0.718500 0.018000 0.017000
0 0.443500 0.490000 0.027000 0.026000
0 0.749500 0.277000 0.025000 0.030000
0 0.306500 0.839000 0.014000 0.013000
0 0.819500 0.713000 0.012000 0.013000
0 0.174500 0.543000 0.026000 0.026000
0 0.692500 0.222000 0.011000 0.013000
0 0.332500 0.644500 0.019000 0.026000
0 0.489000 0.694000 0.015000 0.021000
0 0.588500 0.243500 0.018000 0.016000
0 0.228000 0.465000 0.013000 0.011000
0 0.324000 0.716000 0.028000 0.030000
0 0.494000 0.359000 0.020000 0.026000
0 0.544000 0.327000 0.016000 0.015000
0 0.368500 0.850000 0.011000 0.009000
0 0.712500 0.181000 0.015000 0.018000
0 0.827500 0.617500 0.017000 0.018000
0 0.892500 0.486500 0.018000 0.024000
0 0.259000 0.223000 0.021000 0.019000
0 0.442000 0.582500 0.026000 0.027000
0 0.376000 0.341500 0.032000 0.025000
0 0.526000 0.621500 0.017000 0.015000
0 0.346000 0.447000 0.012000 0.013000
0 0.535000 0.564000 0.029000 0.025000
0 0.459000 0.531000 0.028000 0.022000
0 0.797500 0.678000 0.027000 0.023000
0 0.358500 0.876000 0.021000 0.014000
0 0.380000 0.135000 0.022000 0.025000
0 0.342000 0.496000 0.026000 0.022000
0 0.554500 0.260000 0.024000 0.024000
0 0.836500 0.414000 0.030000 0.033000
0 0.613000 0.566500 0.011000 0.014000
0 0.394500 0.823500 0.027000 0.026000
0 0.234500 0.524500 0.012000 0.018000
0 0.529000 0.360000 0.017000 0.017000
0 0.332500 0.758500 0.011000 0.013000
0 0.404500 0.523000 0.017000 0.017000
0 0.551500 0.857500 0.023000 0.024000
0 0.463500 0.294500 0.032000 0.032000
0 0.523000 0.670500 0.024000 0.022000
0 0.261000 0.546750 0.011000 0.014500
0 0.191500 0.497000 0.012000 0.012000
0 0.495500 0.193500 0.028000 0.031000
0 0.472000 0.716000 0.016000 0.014000
0 0.639000 0.813500 0.012000 0.012000
0 0.678500 0.800000 0.016000 0.016000
0 0.670000 0.474000 0.011000 0.009000
0 0.432500 0.430500 0.027000 0.027000
0 0.665500 0.600500 0.012000 0.016000
0 0.646000 0.749000 0.017000 0.022000
0 0.546500 0.507500 0.018000 0.025000
0 0.158500 0.637000 0.016000 0.017000
0 0.322500 0.532000 0.021000 0.022000
0 0.532000 0.485000 0.019000 0.016000
0 0.482000 0.466000 0.024000 0.031000
0 0.210000 0.228500 0.022000 0.026000
0 0.702500 0.763000 0.015000 0.014000
0 0.446500 0.412000 0.015000 0.015000
0 0.689000 0.646000 0.014000 0.009000
0 0.680500 0.474500 0.023000 0.023000
0 0.338000 0.515000 0.014000 0.015000
0 0.615000 0.817000 0.013000 0.013000
0 0.411000 0.854750 0.015000 0.020500
0 0.698500 0.142500 0.013000 0.011000
0 0.536250 0.458500 0.020500 0.015000
0 0.175000 0.482000 0.022000 0.016000
0 0.504000 0.518500 0.017000 0.016000
0 0.623500 0.621500 0.021000 0.022000
0 0.639500 0.153500 0.015000 0.019000
0 0.623500 0.156000 0.016000 0.016000
0 0.777000 0.679500 0.022000 0.016000
0 0.249000 0.522000 0.021000 0.016000
0 0.649000 0.681500 0.017000 0.019000
0 0.588000 0.379000 0.020000 0.015000
0 0.669500 0.340500 0.018000 0.015000
0 0.499000 0.614500 0.009000 0.010000
0 0.287500 0.156500 0.028000 0.019000
0 0.308000 0.512000 0.018000 0.016000
0 0.782500 0.794500 0.015000 0.014000
0 0.564000 0.497000 0.014000 0.015000
0 0.482000 0.133000 0.017000 0.020000
0 0.225500 0.640000 0.016000 0.018000
0 0.402500 0.124500 0.011000 0.010000
0 0.522500 0.552500 0.020000 0.020000
0 0.583000 0.457500 0.018000 0.019000
0 0.576000 0.720000 0.011000 0.010000
0 0.455500 0.389500 0.011000 0.008000
0 0.365000 0.837000 0.019000 0.018000
0 0.226000 0.195000 0.020000 0.012000
0 0.524500 0.786000 0.016000 0.013000
0 0.566000 0.302500 0.013000 0.016000
0 0.220000 0.274000 0.029000 0.028000
0 0.149500 0.554000 0.027000 0.026000
0 0.868000 0.647500 0.023000 0.022000
0 0.474500 0.544000 0.019000 0.020000
0 0.502000 0.232000 0.023000 0.017000
0 0.740500 0.427000 0.027000 0.025000
0 0.337000 0.513000 0.011000 0.012000
0 0.664500 0.713000 0.015000 0.015000
0 0.759000 0.556500 0.016000 0.016000
0 0.353500 0.792000 0.012000 0.011000
0 0.899000 0.436500 0.020000 0.021000
0 0.522000 0.207500 0.016000 0.016000
0 0.559000 0.196000 0.020000 0.018000
0 0.279000 0.817250 0.010000 0.014500
0 0.770000 0.800500 0.018000 0.020000
0 0.382000 0.481500 0.022000 0.023000
0 0.356500 0.395000 0.028000 0.034000
0 0.178000 0.700000 0.022000 0.024000
0 0.672500 0.419500 0.015000 0.013000
0 0.300000 0.713500 0.033000 0.033000
0 0.488500 0.478000 0.014000 0.016000
0 0.257500 0.617000 0.024000 0.025000
0 0.456500 0.178500 0.022000 0.022000
0 0.299000 0.619500 0.020000 0.020000
0 0.624000 0.167500 0.032000 0.033000
0 0.451000 0.865000 0.009000 0.008000
0 0.444500 0.343500 0.027000 0.033000
0 0.902500 0.499500 0.022000 0.020000
0 0.613000 0.774500 0.022000 0.022000
0 0.291000 0.424500 0.015000 0.013000
0 0.495000 0.447000 0.013000 0.013000
0 0.540500 0.399000 0.020000 0.024000
0 0.784000 0.409500 0.023000 0.020000
0 0.397000 0.258500 0.035000 0.036000
0 0.760000 0.537000 0.013000 0.012000
0 0.526500 0.695000 0.012000 0.011000
0 0.502000 0.336500 0.012000 0.016000
0 0.182000 0.349000 0.014000 0.015000
0 0.487500 0.903500 0.014000 0.021000
0 0.663500 0.354000 0.013000 0.013000
0 0.738000 0.199000 0.024000 0.026000
0 0.435500 0.371000 0.020000 0.019000
0 0.619500 0.640500 0.024000 0.022000
0 0.858000 0.696000 0.019000 0.026000
0 0.476500 0.102500 0.015000 0.018000
0 0.575500 0.699000 0.013000 0.014000
0 0.441000 0.844000 0.026000 0.026000
0 0.494250 0.522000 0.014500 0.012000
0 0.119500 0.440000 0.025000 0.021000
0 0.719500 0.524000 0.013000 0.016000
0 0.717500 0.341500 0.021000 0.023000
0 0.284500 0.557000 0.031000 0.032000
0 0.556000 0.355500 0.013000 0.014000
0 0.358500 0.635500 0.023000 0.017000
0 0.777000 0.412000 0.026000 0.025000
0 0.375500 0.321000 0.018000 0.017000
0 0.510000 0.571000 0.030000 0.028000
0 0.532500 0.455000 0.026000 0.026000
0 0.472000 0.675500 0.023000 0.026000
0 0.641000 0.542500 0.018000 0.029000
0 0.440000 0.549000 0.013000 0.015000
0 0.682000 0.157500 0.016000 0.011000
0 0.378000 0.254000 0.020000 0.023000
0 0.879000 0.679000 0.011000 0.010000
0 0.441500 0.233500 0.013000 0.016000
0 0.498000 0.544500 0.033000 0.024000
0 0.385000 0.502000 0.027000 0.023000
0 0.572500 0.423000 0.035000 0.026000
0 0.832000 0.705500 0.026000 0.027000
0 0.792500 0.501500 0.016000 0.016000
0 0.404500 0.417500 0.023000 0.021000
0 0.691500 0.674500 0.033000 0.026000
0 0.833500 0.419000 0.031000 0.031000
0 0.256000 0.665000 0.021000 0.031000
0 0.508500 0.338500 0.027000 0.026000
0 0.347500 0.478000 0.021000 0.020000
0 0.280500 0.607000 0.026000 0.029000
0 0.479500 0.531000 0.018000 0.030000
0 0.427500 0.277000 0.023000 0.016000
0 0.764500 0.317250 0.021000 0.029500
0 0.314500 0.701250 0.018000 0.026500
0 0.642000 0.216500 0.020000 0.021000
0 0.664000 0.556500 0.015000 0.014000
0 0.544500 0.545500 0.011000 0.012000
0 0.659000 0.412500 0.024000 0.023000
0 0.454000 0.552000 0.026000 0.020000
0 0.661000 0.646500 0.014000 0.014000
0 0.304500 0.399000 0.018000 0.019000
0 0.462000 0.461000 0.012000 0.011000
0 0.791500 0.652500 0.019000 0.020000
0 0.635500 0.526000 0.017000 0.017000
0 0.334500 0.783500 0.012000 0.011000
0 0.401500 0.583000 0.022000 0.026000
0 0.233000 0.562000 0.028000 0.029000
0 0.727500 0.585500 0.018000 0.017000
0 0.453500 0.597500 0.017000 0.018000
0 0.255500 0.431500 0.033000 0.034000
0 0.506000 0.493500 0.026000 0.025000
0 0.547500 0.193000 0.018000 0.022000
0 0.859500 0.421000 0.015000 0.012000
0 0.656500 0.724000 0.024000 0.022000
0 0.331000 0.532500 0.031000 0.031000
0 0.391500 0.870000 0.021000 0.020000
0 0.203500 0.338500 0.019000 0.021000
0 0.770500 0.307000 0.010000 0.016000
0 0.719500 0.761500 0.013000 0.013000
0 0.337500 0.729000 0.021000 0.024000
0 0.528500 0.309000 0.030000 0.030000
0 0.296500 0.549000 0.032000 0.035000
0 0.508000 0.390000 0.016000 0.014000
0 0.611000 0.140000 0.028000 0.036000
0 0.607000 0.378000 0.010000 0.012000
0 0.692500 0.383000 0.021000 0.025000
0 0.339500 0.589000 0.018000 0.024000
0 0.563500 0.435000 0.023000 0.030000
0 0.414500 0.779500 0.020000 0.021000
0 0.648500 0.525000 0.022000 0.020000
0 0.636500 0.547000 0.014000 0.013000
0 0.105000 0.544500 0.028000 0.019000
0 0.346000 0.313000 0.029000 0.028000
0 0.661000 0.223000 0.028000 0.024000
0 0.536000 0.501500 0.011000 0.011000
0 0.368500 0.561000 0.010000 0.017000
0 0.913000 0.568500 0.022000 0.015000
0 0.479500 0.510500 0.022000 0.015000
0 0.604500 0.593500 0.018000 0.018000
0 0.538500 0.643500 0.025000 0.023000
0 0.416500 0.366500 0.013000 0.018000
0 0.677000 0.140000 0.013000 0.013000
0 0.572500 0.610000 0.011000 0.011000
0 0.365500 0.819000 0.022000 0.018000
0 0.820000 0.316000 0.012000 0.014000
0 0.404000 0.500500 0.023000 0.021000
0 0.477500 0.565500 0.016000 0.021000
0 0.732000 0.156500 0.026000 0.025000
0 0.608000 0.500500 0.032000 0.024000
0 0.539500 0.411000 0.027000 0.029000
0 0.433500 0.379000 0.018000 0.018000
0 0.516500 0.604500 0.027000 0.021000
0 0.442000 0.741000 0.027000 0.026000
0 0.781000 0.314500 0.016000 0.012000
0 0.369750 0.648000 0.026500 0.018000
0 0.440000 0.393500 0.023000 0.026000
0 0.842500 0.674000 0.019000 0.025000
0 0.831000 0.404000 0.016000 0.016000
0 0.482000 0.608000 0.013000 0.011000
0 0.726500 0.593000 0.011000 0.012000
0 0.850500 0.388000 0.024000 0.028000
0 0.765000 0.647500 0.022000 0.024000
0 0.341000 0.578500 0.015000 0.013000
0 0.568000 0.508000 0.023000 0.023000
0 0.470000 0.542000 0.009000 0.011000
0 0.449500 0.434000 0.026000 0.029000
0 0.314000 0.565500 0.024000 0.028000
0 0.736000 0.777000 0.025000 0.024000
0 0.593500 0.434000 0.023000 0.024000
0 0.696000 0.509500 0.018000 0.019000
0 0.553500 0.540500 0.021000 0.022000
0 0.599500 0.567000 0.022000 0.018000
0 0.363000 0.554500 0.013000 0.019000
0 0.408500 0.468000 0.023000 0.022000
0 0.358000 0.467000 0.012000 0.012000
0 0.554500 0.376500 0.014000 0.015000
0 0.573000 0.630000 0.025000 0.031000
0 0.103000 0.521500 0.014000 0.017000
0 0.451500 0.408000 0.033000 0.031000
0 0.439000 0.873500 0.018000 0.022000
0 0.719000 0.322750 0.019000 0.026500
0 0.201500 0.782500 0.019000 0.020000
0 0.570000 0.425500 0.030000 0.029000
0 0.477250 0.573000 0.023500 0.019000
0 0.578500 0.612500 0.020000 0.021000
0 0.757000 0.440000 0.024000 0.021000
0 0.180000 0.639000 0.016000 0.016000
0 0.571500 0.104500 0.015000 0.016000
0 0.515750 0.809000 0.020500 0.015000
0 0.457500 0.555000 0.018000 0.016000
0 0.249000 0.791500 0.010000 0.013000
0 0.652000 0.235500 0.028000 0.026000
0 0.861500 0.583000 0.028000 0.027000
0 0.222500 0.619500 0.013000 0.012000
0 0.300000 0.514500 0.011000 0.012000
0 0.743000 0.392500 0.013000 0.010000
0 0.167000 0.600500 0.010000 0.012000
0 0.840000 0.481500 0.021000 0.023000
0 0.551500 0.488500 0.022000 0.022000
0 0.387000 0.566000 0.021000 0.021000
0 0.893500 0.388500 0.017000 0.015000
0 0.687500 0.873000 0.009000 0.016000
0 0.919500 0.504000 0.009000 0.008000
0 0.210500 0.328500 0.020000 0.029000
0 0.134500 0.664000 0.017000 0.013000
0 0.168500 0.339500 0.024000 0.023000
0 0.801500 0.376000 0.018000 0.021000
0 0.435000 0.240500 0.026000 0.024000
0 0.338500 0.841000 0.017000 0.018000
0 0.543500 0.221000 0.019000 0.018000
0 0.337000 0.252500 0.020000 0.025000
0 0.447000 0.522500 0.011000 0.011000
0 0.700000 0.535500 0.018000 0.020000
0 0.282500 0.719000 0.018000 0.018000
0 0.347000 0.528500 0.031000 0.026000
0 0.394500 0.435000 0.018000 0.022000
0 0.408500 0.560500 0.030000 0.028000
0 0.561000 0.557000 0.016000 0.019000
0 0.559000 0.429500 0.012000 0.012000
0 0.327000 0.600000 0.028000 0.021000
0 0.692500 0.831000 0.017000 0.014000
0 0.488000 0.401000 0.030000 0.033000
0 0.524000 0.495000 0.010000 0.012000
0 0.451000 0.482500 0.015000 0.016000
0 0.820500 0.420000 0.013000 0.014000
0 0.792500 0.217000 0.018000 0.015000
0 0.201000 0.638000 0.025000 0.025000
0 0.449500 0.442000 0.030000 0.028000
0 0.684000 0.372500 0.014000 0.013000
0 0.585000 0.283500 0.031000 0.032000
0 0.595000 0.498500 0.017000 0.025000
0 0.509500 0.371500 0.019000 0.019000
0 0.636500 0.481250 0.014000 0.017500
0 0.412500 0.429500 0.027000 0.026000
0 0.413500 0.538500 0.016000 0.014000
0 0.536000 0.807500 0.014000 0.013000
0 0.659000 0.404500 0.020000 0.026000
0 0.574500 0.687500 0.024000 0.025000
0 0.543500 0.534000 0.023000 0.022000
0 0.179500 0.291000 0.013000 0.014000
0 0.651000 0.403500 0.027000 0.031000
0 0.740000 0.472500 0.012000 0.011000
0 0.669500 0.320000 0.021000 0.021000
0 0.814000 0.775250 0.017000 0.023500
0 0.418500 0.731000 0.019000 0.016000
0 0.282500 0.297500 0.019000 0.031000
0 0.653500 0.594000 0.026000 0.029000
0 0.541500 0.458500 0.022000 0.017000
0 0.615500 0.877500 0.017000 0.017000
0 0.712500 0.526500 0.022000 0.018000
0 0.619500 0.308000 0.020000 0.025000
0 0.497000 0.533000 0.024000 0.025000
0 0.461000 0.617000 0.029000 0.029000
0 0.319000 0.691500 0.020000 0.019000
0 0.495500 0.376000 0.010000 0.011000
0 0.654500 0.517000 0.014000 0.019000
0 0.526500 0.409000 0.022000 0.023000
0 0.356500 0.527000 0.032000 0.025000
0 0.545000 0.729500 0.018000 0.016000
0 0.637000 0.376500 0.025000 0.024000