0 0.322500 0.808000 0.021000 0.020000
0 0.364500 0.313500 0.014000 0.009000
0 0.315500 0.507500 0.024000 0.025000
0 0.571000 0.370500 0.025000 0.020000
0 0.448000 0.469000 0.017000 0.018000
0 0.510000 0.448000 0.016000 0.014000
0 0.352000 0.690500 0.015000 0.016000
0 0.522000 0.542000 0.015000 0.014000
0 0.345000 0.135500 0.023000 0.020000
0 0.829000 0.425000 0.017000 0.019000
0 0.757500 0.608000 0.022000 0.024000
0 0.480750 0.673000 0.017500 0.013000
0 0.536000 0.350500 0.016000 0.017000
0 0.613500 0.214500 0.018000 0.017000
0 0.678000 0.336000 0.028000 0.023000
0 0.462000 0.763000 0.014000 0.014000
0 0.722000 0.661500 0.021000 0.018000
0 0.750500 0.698500 0.019000 0.017000
0 0.498500 0.499500 0.016000 0.011000
0 0.188500 0.279500 0.025000 0.021000
0 0.254000 0.756500 0.022000 0.019000
0 0.498500 0.406000 0.028000 0.029000
0 0.628500 0.440000 0.026000 0.022000
0 0.620500 0.634500 0.025000 0.025000
0 0.913500 0.465500 0.015000 0.019000
0 0.183000 0.304000 0.026000 0.023000
0 0.405500 0.385000 0.027000 0.025000
0 0.454000 0.491500 0.022000 0.028000
0 0.469500 0.105000 0.016000 0.015000
0 0.539500 0.403500 0.027000 0.027000
0 0.347000 0.783500 0.031000 0.030000
0 0.386500 0.420500 0.018000 0.019000
0 0.756500 0.407000 0.020000 0.022000
0 0.598000 0.116500 0.018000 0.020000
0 0.399000 0.425000 0.012000 0.012000
0 0.613500 0.196000 0.022000 0.022000
0 0.381000 0.190000 0.010000 0.012000
0 0.298000 0.481500 0.026000 0.018000
0 0.636000 0.392000 0.016000 0.018000
0 0.090000 0.449500 0.029000 0.031000
0 0.746000 0.833500 0.010000 0.010000
0 0.359000 0.753000 0.013000 0.013000
0 0.596500 0.681000 0.016000 0.017000
0 0.188500 0.435500 0.011000 0.014000
0 0.670500 0.465000 0.028000 0.031000
0 0.446500 0.632500 0.016000 0.012000
0 0.521000 0.427500 0.026000 0.022000
0 0.465000 0.507500 0.017000 0.017000
0 0.301000 0.441500 0.022000 0.023000
0 0.499000 0.517000 0.011000 0.011000
0 0.373500 0.336500 0.021000 0.020000
0 0.245250 0.780250 0.029500 0.029500
0 0.530000 0.498500 0.014000 0.012000
0 0.465000 0.558500 0.024000 0.028000
0 0.331500 0.296000 0.026000 0.019000
0 0.485500 0.467500 0.014000 0.011000
0 0.159500 0.300500 0.022000 0.022000
0 0.775000 0.200000 0.012000 0.012000
0 0.548000 0.543500 0.017000 0.016000
0 0.527000 0.326000 0.019000 0.017000
0 0.481500 0.619000 0.012000 0.013000
0 0.478000 0.194500 0.011000 0.014000
0 0.791500 0.428500 0.023000 0.020000
0 0.806500 0.758000 0.032000 0.027000
0 0.598500 0.426000 0.016000 0.016000
0 0.589000 0.495000 0.014000 0.015000
0 0.532500 0.482000 0.020000 0.020000
0 0.840500 0.649500 0.020000 0.017000
0 0.675500 0.586000 0.020000 0.022000
0 0.410000 0.537500 0.019000 0.020000
0 0.470000 0.582000 0.009000 0.010000
0 0.552500 0.578000 0.014000 0.013000
0 0.508000 0.500500 0.028000 0.032000
0 0.680500 0.383000 0.019000 0.028000
0 0.481000 0.519000 0.021000 0.022000
0 0.583000 0.515750 0.019000 0.026500
0 0.464000 0.119000 0.023000 0.022000
0 0.477500 0.460000 0.013000 0.013000
0 0.433000 0.610000 0.010000 0.009000
0 0.547750 0.524250 0.017500 0.017500
0 0.131500 0.586500 0.024000 0.025000
0 0.491000 0.496500 0.022000 0.022000
0 0.723500 0.311000 0.014000 0.020000
0 0.794500 0.359000 0.016000 0.021000
0 0.316000 0.616500 0.018000 0.021000
0 0.357000 0.415500 0.020000 0.021000
0 0.441500 0.336000 0.017000 0.018000
0 0.498250 0.555000 0.011500 0.008000
0 0.443000 0.633000 0.025000 0.023000
0 0.710000 0.545500 0.019000 0.021000
0 0.474500 0.304750 0.017000 0.023500
0 0.235000 0.719000 0.024000 0.024000
0 0.690500 0.520000 0.010000 0.013000
0 0.222500 0.561500 0.014000 0.015000
0 0.667500 0.477500 0.014000 0.016000
0 0.354000 0.476000 0.016000 0.016000
0 0.523500 0.508750 0.023000 0.026500
0 0.442000 0.612500 0.018000 0.017000
0 0.191500 0.537500 0.013000 0.014000
0 0.585000 0.481500 0.017000 0.017000
0 0.519500 0.495500 0.011000 0.014000
0 0.862500 0.587000 0.022000 0.023000
0 0.420000 0.405500 0.015000 0.014000
0 0.442000 0.643000 0.027000 0.026000
0 0.500000 0.200500 0.022000 0.017000
0 0.339500 0.144500 0.015000 0.012000
0 0.776000 0.637500 0.012000 0.011000
0 0.247000 0.175500 0.018000 0.020000
0 0.192000 0.218000 0.019000 0.021000
0 0.671500 0.564500 0.021000 0.022000
0 0.572000 0.514500 0.014000 0.016000
0 0.217500 0.579500 0.019000 0.022000
0 0.431500 0.264500 0.023000 0.017000
0 0.579000 0.397500 0.021000 0.021000
0 0.485000 0.491000 0.022000 0.019000
0 0.563500 0.527000 0.008000 0.008000
0 0.460500 0.433000 0.021000 0.021000
0 0.399000 0.740000 0.030000 0.033000
0 0.496000 0.482500 0.011000 0.013000
0 0.738500 0.155500 0.033000 0.032000
0 0.272500 0.212000 0.023000 0.022000
0 0.568000 0.208500 0.022000 0.023000
0 0.252500 0.564500 0.016000 0.011000
0 0.691000 0.838000 0.015000 0.016000
0 0.473500 0.325500 0.021000 0.026000
0 0.519500 0.359500 0.014000 0.012000
0 0.750500 0.738500 0.017000 0.016000
0 0.470000 0.339500 0.015000 0.017000
0 0.560500 0.470000 0.025000 0.028000
0 0.276500 0.337000 0.031000 0.021000
0 0.714500 0.494000 0.013000 0.013000
0 0.496000 0.515500 0.012000 0.013000
0 0.427500 0.119000 0.023000 0.021000
0 0.512500 0.508500 0.011000 0.014000
0 0.308000 0.261500 0.024000 0.023000
0 0.615500 0.634500 0.022000 0.034000
0 0.237000 0.534500 0.023000 0.028000
0 0.265500 0.509500 0.012000 0.012000
0 0.223000 0.186500 0.025000 0.021000
0 0.517000 0.403000 0.022000 0.025000
0 0.693500 0.439500 0.022000 0.021000
0 0.290500 0.565500 0.027000 0.028000
0 0.285000 0.421500 0.014000 0.013000
0 0.510500 0.518000 0.021000 0.023000
0 0.513500 0.546000 0.014000 0.014000
0 0.717500 0.481000 0.015000 0.019000
0 0.247500 0.322000 0.018000 0.017000
0 0.594000 0.481000 0.017000 0.018000
0 0.470500 0.436000 0.015000 0.015000
0 0.527500 0.674500 0.023000 0.029000
0 0.517000 0.477000 0.018000 0.016000
0 0.461500 0.591000 0.025000 0.027000
0 0.464000 0.466000 0.019000 0.021000
0 0.392500 0.836000 0.018000 0.020000
0 0.616500 0.349500 0.015000 0.015000
0 0.601250 0.888000 0.032500 0.026000
0 0.197500 0.475500 0.011000 0.020000
0 0.392000 0.680000 0.031000 0.024000
0 0.494000 0.323500 0.016000 0.012000
0 0.631000 0.133000 0.010000 0.009000
0 0.373500 0.462500 0.017000 0.018000
0 0.733500 0.519000 0.028000 0.030000
0 0.431000 0.540500 0.013000 0.009000
0 0.695500 0.678500 0.015000 0.019000
0 0.537000 0.458000 0.014000 0.019000
0 0.424000 0.525000 0.033000 0.032000
0 0.500000 0.497500 0.016000 0.013000
0 0.307000 0.471500 0.016000 0.017000
0 0.563500 0.294000 0.027000 0.020000
0 0.491000 0.587500 0.024000 0.022000
0 0.401500 0.304000 0.025000 0.018000
0 0.140000 0.450500 0.015000 0.021000
0 0.330000 0.327000 0.022000 0.023000
0 0.404500 0.335000 0.016000 0.028000
0 0.426500 0.203000 0.016000 0.012000
0 0.583000 0.120500 0.013000 0.021000
0 0.439000 0.360500 0.024000 0.025000
0 0.539500 0.579000 0.021000 0.021000
0 0.742000 0.234000 0.022000 0.015000
0 0.692000 0.661500 0.020000 0.025000
0 0.115000 0.544500 0.024000 0.026000
0 0.582500 0.833000 0.027000 0.025000
0 0.407000 0.498000 0.012000 0.012000
0 0.759000 0.794500 0.028000 0.027000
0 0.521000 0.465000 0.021000 0.020000
0 0.536500 0.855500 0.012000 0.013000
0 0.579000 0.159500 0.010000 0.009000
0 0.578500 0.637500 0.018000 0.017000
0 0.244000 0.539000 0.028000 0.029000
0 0.549000 0.124000 0.022000 0.021000
0 0.284500 0.696500 0.022000 0.018000
0 0.473000 0.826500 0.015000 0.018000
0 0.477000 0.413000 0.017000 0.015000
0 0.620500 0.443000 0.021000 0.021000
0 0.578000 0.509500 0.022000 0.020000
0 0.545500 0.432000 0.025000 0.025000
0 0.551000 0.269000 0.009000 0.009000
0 0.316500 0.356500 0.022000 0.026000
0 0.807000 0.501000 0.016000 0.016000
0 0.629500 0.469000 0.018000 0.025000
0 0.129000 0.410000 0.022000 0.024000
0 0.542500 0.535500 0.014000 0.012000
0 0.815000 0.489000 0.015000 0.011000
0 0.465500 0.624000 0.017000 0.018000
0 0.372500 0.709750 0.015000 0.020500
0 0.363000 0.186000 0.014000 0.015000
0 0.466000 0.421000 0.019000 0.026000
0 0.553500 0.257000 0.018000 0.016000
0 0.590000 0.417000 0.014000 0.013000
0 0.597500 0.098500 0.031000 0.017000
0 0.660500 0.553500 0.023000 0.020000
0 0.524000 0.576750 0.018000 0.026500
0 0.483500 0.397500 0.026000 0.034000
0 0.288500 0.230500 0.026000 0.023000
0 0.399500 0.798500 0.010000 0.011000
0 0.718000 0.792500 0.015000 0.020000
0 0.409500 0.399000 0.029000 0.028000
0 0.537500 0.136000 0.010000 0.009000
0 0.452000 0.507500 0.010000 0.008000
0 0.395500 0.398000 0.012000 0.013000
0 0.670000 0.239500 0.010000 0.010000
0 0.549000 0.396500 0.014000 0.014000
0 0.350000 0.574500 0.011000 0.016000
0 0.452000 0.646500 0.026000 0.031000
0 0.640000 0.404500 0.018000 0.015000
0 0.577500 0.233500 0.023000 0.034000
0 0.379500 0.444500 0.010000 0.008000
0 0.396000 0.588000 0.011000 0.011000
0 0.099000 0.590500 0.014000 0.013000
0 0.230000 0.555500 0.018000 0.014000
0 0.615500 0.393000 0.014000 0.015000
0 0.733000 0.334500 0.026000 0.024000
0 0.446500 0.504000 0.022000 0.023000
0 0.875000 0.452500 0.015000 0.017000
0 0.372500 0.524500 0.016000 0.011000
0 0.526500 0.530000 0.019000 0.017000
0 0.084500 0.522000 0.020000 0.016000
0 0.740000 0.754500 0.026000 0.021000
0 0.695500 0.613500 0.020000 0.027000
0 0.424500 0.464500 0.027000 0.026000
0 0.511500 0.412000 0.010000 0.009000
0 0.302000 0.222000 0.019000 0.013000
0 0.384500 0.664000 0.015000 0.014000
0 0.152000 0.347000 0.025000 0.021000
0 0.218000 0.755000 0.027000 0.026000
0 0.803500 0.665000 0.016000 0.015000
0 0.496000 0.472750 0.020000 0.029500
0 0.660500 0.716000 0.016000 0.020000
0 0.089500 0.480000 0.011000 0.010000
0 0.643500 0.331500 0.019000 0.023000
0 0.610500 0.622500 0.020000 0.018000
0 0.390500 0.692000 0.017000 0.020000
0 0.534500 0.450500 0.028000 0.027000
0 0.482000 0.499500 0.016000 0.017000
0 0.311500 0.815500 0.018000 0.013000
0 0.502500 0.357000 0.023000 0.022000
0 0.388000 0.114500 0.012000 0.016000
0 0.429500 0.722500 0.020000 0.021000
0 0.365000 0.682500 0.018000 0.017000
0 0.365500 0.718000 0.020000 0.022000
0 0.382000 0.256500 0.018000 0.027000
0 0.403000 0.251000 0.023000 0.030000
0 0.203500 0.696500 0.018000 0.020000
0 0.554500 0.364000 0.017000 0.019000
0 0.669000 0.423500 0.011000 0.012000
0 0.542500 0.221000 0.021000 0.022000
0 0.236500 0.375500 0.012000 0.013000
0 0.285500 0.254000 0.020000 0.020000
0 0.648000 0.528500 0.015000 0.016000
0 0.729500 0.667000 0.019000 0.018000
0 0.525000 0.434500 0.026000 0.025000
0 0.364000 0.364000 0.020000 0.014000
0 0.183500 0.361500 0.016000 0.011000
0 0.481000 0.487500 0.016000 0.018000
0 0.387250 0.126000 0.020500 0.019000
0 0.447000 0.389000 0.017000 0.025000
0 0.387000 0.325000 0.019000 0.018000
0 0.514000 0.328000 0.028000 0.019000
0 0.415000 0.295500 0.022000 0.024000
0 0.610000 0.337000 0.021000 0.022000
0 0.560000 0.447500 0.019000 0.019000
0 0.535000 0.416000 0.018000 0.014000
0 0.568500 0.500000 0.020000 0.026000
0 0.156500 0.477500 0.016000 0.014000
0 0.503000 0.486500 0.010000 0.013000
0 0.571000 0.453000 0.017000 0.016000
0 0.340000 0.475000 0.020000 0.018000
0 0.567500 0.492500 0.030000 0.029000
0 0.195500 0.298000 0.024000 0.024000
0 0.489500 0.504500 0.012000 0.010000
0 0.454000 0.363000 0.017000 0.019000
0 0.569500 0.442500 0.014000 0.019000
0 0.382000 0.717000 0.019000 0.018000
0 0.402000 0.539500 0.014000 0.015000
0 0.625000 0.699500 0.021000 0.029000
0 0.399000 0.687500 0.015000 0.016000
0 0.596500 0.341500 0.026000 0.027000
0 0.420500 0.426500 0.021000 0.016000
0 0.515500 0.677000 0.023000 0.021000
0 0.644000 0.243000 0.020000 0.015000
0 0.514500 0.435500 0.020000 0.014000
0 0.406500 0.514000 0.016000 0.016000
0 0.627500 0.451000 0.018000 0.017000
0 0.369000 0.756000 0.022000 0.023000
0 0.285000 0.389500 0.019000 0.021000
0 0.381000 0.560000 0.021000 0.017000
0 0.441500 0.508500 0.026000 0.023000
0 0.416500 0.669000 0.015000 0.013000
0 0.405000 0.326500 0.026000 0.030000
0 0.682000 0.192500 0.014000 0.012000
0 0.777000 0.730500 0.026000 0.023000
0 0.209500 0.270250 0.014000 0.017500
0 0.386500 0.307500 0.032000 0.021000
0 0.290500 0.823000 0.014000 0.011000
0 0.551500 0.332500 0.028000 0.022000
0 0.492500 0.450500 0.020000 0.018000
0 0.452000 0.747500 0.012000 0.010000
0 0.475000 0.080500 0.018000 0.019000
0 0.540500 0.689500 0.020000 0.016000
0 0.487000 0.449000 0.028000 0.024000
0 0.376000 0.410000 0.027000 0.027000
0 0.618500 0.845500 0.017000 0.018000
0 0.729500 0.408500 0.033000 0.025000
0 0.499000 0.317000 0.021000 0.028000
0 0.631000 0.590500 0.021000 0.024000
0 0.736500 0.721500 0.020000 0.022000
0 0.506000 0.824500 0.014000 0.015000
0 0.707500 0.211000 0.021000 0.023000
0 0.251500 0.449000 0.027000 0.030000
0 0.341500 0.650500 0.016000 0.016000
0 0.248000 0.770500 0.023000 0.020000
0 0.338500 0.397000 0.011000 0.015000
0 0.502000 0.506500 0.016000 0.011000
0 0.554000 0.508500 0.022000 0.023000
0 0.242000 0.662500 0.020000 0.012000
0 0.642500 0.618500 0.016000 0.017000
0 0.816500 0.587000 0.011000 0.011000
0 0.595500 0.832000 0.018000 0.018000
0 0.290500 0.654500 0.016000 0.016000
0 0.616000 0.417500 0.013000 0.009000
0 0.337500 0.563000 0.022000 0.027000
0 0.651500 0.460000 0.023000 0.018000
0 0.188000 0.778000 0.014000 0.014000
0 0.492000 0.544500 0.020000 0.028000
0 0.693000 0.602000 0.013000 0.011000
0 0.443500 0.229000 0.022000 0.021000
0 0.317000 0.622500 0.018000 0.016000
0 0.366500 0.559000 0.013000 0.013000
0 0.657000 0.248000 0.015000 0.017000
0 0.500000 0.647000 0.023000 0.021000
0 0.209000 0.399750 0.016000 0.023500
0 0.649000 0.648000 0.022000 0.020000
0 0.498500 0.525500 0.026000 0.033000
0 0.705000 0.382500 0.029000 0.021000
0 0.786000 0.764500 0.019000 0.017000
0 0.205000 0.602500 0.013000 0.017000
0 0.698500 0.570000 0.023000 0.023000
0 0.486500 0.887500 0.029000 0.025000
0 0.491500 0.472000 0.030000 0.028000
0 0.829000 0.410500 0.009000 0.009000
0 0.670000 0.339000 0.017000 0.010000
0 0.541500 0.349000 0.024000 0.024000
0 0.385500 0.670000 0.019000 0.022000
0 0.242500 0.683000 0.019000 0.018000
0 0.460000 0.335500 0.027000 0.021000
0 0.276000 0.719500 0.015000 0.016000
0 0.737500 0.703000 0.022000 0.018000
0 0.734000 0.505000 0.035000 0.029000
0 0.320000 0.469500 0.021000 0.022000
0 0.671000 0.809500 0.017000 0.015000
0 0.250500 0.509000 0.022000 0.019000
0 0.348000 0.155000 0.022000 0.022000
0 0.329000 0.199000 0.026000 0.021000
0 0.633500 0.306000 0.022000 0.025000
0 0.543000 0.499000 0.013000 0.012000
0 0.647500 0.593500 0.018000 0.016000
0 0.488000 0.479500 0.021000 0.022000
0 0.467000 0.618000 0.018000 0.026000
0 0.320500 0.652000 0.035000 0.035000
0 0.298500 0.730000 0.017000 0.017000
0 0.512500 0.478000 0.026000 0.023000
0 0.297500 0.271500 0.017000 0.012000
0 0.469000 0.703500 0.014000 0.017000
0 0.548500 0.559500 0.022000 0.023000
0 0.543000 0.578000 0.013000 0.009000
0 0.298000 0.736000 0.011000 0.016000
0 0.599500 0.717750 0.016000 0.020500
0 0.257000 0.342500 0.028000 0.020000
0 0.561000 0.588000 0.019000 0.016000
0 0.283500 0.534500 0.034000 0.028000
0 0.393000 0.261000 0.013000 0.015000
0 0.685000 0.536500 0.012000 0.016000
0 0.313000 0.578000 0.018000 0.012000
0 0.226000 0.373000 0.029000 0.034000
0 0.566500 0.261000 0.032000 0.023000
0 0.806500 0.514500 0.013000 0.013000
0 0.253500 0.210000 0.019000 0.018000
0 0.494000 0.438000 0.016000 0.015000
0 0.717000 0.341500 0.014000 0.011000
0 0.294000 0.703500 0.011000 0.013000
0 0.624500 0.494000 0.015000 0.015000
0 0.777500 0.325500 0.021000 0.022000
0 0.620250 0.752000 0.017500 0.013000
0 0.428500 0.385000 0.021000 0.015000
0 0.834500 0.721500 0.028000 0.021000
0 0.128500 0.559500 0.034000 0.034000
0 0.835500 0.574500 0.017000 0.011000
0 0.518000 0.625500 0.019000 0.029000
0 0.809500 0.704000 0.013000 0.013000
0 0.362000 0.484000 0.023000 0.022000
0 0.505500 0.482000 0.012000 0.010000
0 0.291500 0.143000 0.016000 0.015000
0 0.648000 0.863000 0.016000 0.020000
0 0.446500 0.601500 0.020000 0.022000
0 0.620500 0.120000 0.020000 0.021000
0 0.599500 0.458000 0.023000 0.018000
0 0.273000 0.692000 0.034000 0.034000
0 0.695500 0.380000 0.017000 0.017000
0 0.371500 0.600000 0.013000 0.012000
0 0.301500 0.504000 0.030000 0.032000
0 0.429500 0.494000 0.025000 0.026000
0 0.634000 0.798000 0.019000 0.026000
0 0.544000 0.339250 0.022000 0.026500
0 0.560500 0.418500 0.030000 0.027000
0 0.557500 0.528500 0.032000 0.029000
0 0.471500 0.502000 0.020000 0.019000
0 0.532000 0.561250 0.008000 0.011500
0 0.240500 0.653000 0.015000 0.023000
0 0.437000 0.572500 0.020000 0.015000
0 0.548000 0.584500 0.019000 0.027000
0 0.704000 0.685500 0.010000 0.011000
0 0.576000 0.890000 0.016000 0.016000
0 0.504500 0.719500 0.023000 0.022000
0 0.380500 0.580000 0.017000 0.024000
0 0.631000 0.235000 0.017000 0.020000
0 0.267000 0.544500 0.034000 0.026000
0 0.327500 0.440000 0.020000 0.021000
0 0.261500 0.314000 0.018000 0.023000
0 0.792500 0.538500 0.016000 0.024000
0 0.555500 0.808000 0.031000 0.022000
0 0.469500 0.681000 0.020000 0.017000
0 0.820500 0.286500 0.025000 0.026000
0 0.653000 0.145500 0.012000 0.012000
0 0.566000 0.465500 0.018000 0.025000
0 0.789500 0.261000 0.018000 0.022000
0 0.748500 0.331000 0.010000 0.013000
0 0.621500 0.423000 0.026000 0.025000
0 0.577000 0.366000 0.016000 0.016000
0 0.313500 0.388500 0.025000 0.017000
0 0.555500 0.477500 0.020000 0.018000
0 0.542500 0.469000 0.014000 0.015000
0 0.704500 0.279500 0.015000 0.017000
0 0.407000 0.466500 0.014000 0.015000
0 0.847000 0.499000 0.015000 0.016000
0 0.472500 0.734000 0.020000 0.015000
0 0.498000 0.416000 0.020000 0.017000
0 0.538500 0.659500 0.011000 0.012000
0 0.160500 0.499000 0.019000 0.022000
0 0.528500 0.263500 0.034000 0.034000
0 0.624000 0.526500 0.026000 0.026000
0 0.656000 0.501000 0.029000 0.031000
0 0.668000 0.279500 0.031000 0.030000
0 0.750500 0.792500 0.031000 0.025000
0 0.552500 0.620000 0.019000 0.021000
0 0.563500 0.247500 0.021000 0.021000
0 0.443000 0.492000 0.027000 0.028000
0 0.206000 0.689500 0.029000 0.029000
0 0.459000 0.637500 0.014000 0.015000