0 0.638000 0.529500 0.011000 0.013000
0 0.499500 0.500500 0.009000 0.008000
0 0.445500 0.418500 0.025000 0.022000
0 0.688000 0.157000 0.020000 0.023000
0 0.488000 0.355250 0.021000 0.029500
0 0.510500 0.449500 0.023000 0.024000
0 0.404500 0.544500 0.018000 0.017000
0 0.418500 0.860500 0.015000 0.015000
0 0.865500 0.697000 0.015000 0.013000
0 0.415500 0.451500 0.018000 0.017000
0 0.457000 0.517000 0.026000 0.025000
0 0.374500 0.358500 0.028000 0.028000
0 0.415000 0.488500 0.024000 0.019000
0 0.579500 0.476000 0.026000 0.023000
0 0.443500 0.494000 0.019000 0.018000
0 0.604500 0.556000 0.017000 0.019000
0 0.534500 0.550500 0.014000 0.015000
0 0.322000 0.670000 0.022000 0.022000
0 0.597500 0.421500 0.016000 0.020000
0 0.520750 0.755000 0.023500 0.018000
0 0.707000 0.736000 0.021000 0.022000
0 0.730500 0.320000 0.019000 0.017000
0 0.653000 0.469000 0.028000 0.028000
0 0.521500 0.588000 0.016000 0.015000
0 0.176500 0.542000 0.026000 0.026000
0 0.464500 0.568500 0.025000 0.032000
0 0.706000 0.803500 0.019000 0.018000
0 0.634500 0.366500 0.021000 0.014000
0 0.182000 0.359500 0.014000 0.012000
0 0.221500 0.593500 0.020000 0.026000
0 0.404000 0.676500 0.027000 0.027000
0 0.376000 0.442000 0.026000 0.026000
0 0.571000 0.484000 0.017000 0.024000
0 0.203500 0.499500 0.022000 0.020000
0 0.447500 0.653000 0.020000 0.021000
0 0.689000 0.384500 0.013000 0.013000
0 0.682000 0.406000 0.016000 0.023000
0 0.551500 0.430000 0.019000 0.019000
0 0.584500 0.282500 0.023000 0.019000
0 0.725000 0.416000 0.019000 0.019000
0 0.613500 0.393500 0.014000 0.015000
0 0.482000 0.523000 0.024000 0.023000
0 0.427000 0.212500 0.019000 0.021000
0 0.633000 0.459500 0.014000 0.013000
0 0.780000 0.360500 0.025000 0.019000
0 0.478000 0.086000 0.011000 0.010000
0 0.647500 0.483000 0.026000 0.027000
0 0.461500 0.828000 0.017000 0.018000
0 0.698000 0.478500 0.022000 0.020000
0 0.706500 0.595000 0.017000 0.018000
0 0.333500 0.443000 0.021000 0.021000
0 0.559000 0.372000 0.018000 0.019000
0 0.343500 0.611500 0.013000 0.019000
0 0.293500 0.703500 0.012000 0.018000
0 0.423500 0.467500 0.022000 0.024000
0 0.451500 0.545500 0.029000 0.028000
0 0.590500 0.729000 0.014000 0.014000
0 0.337500 0.395000 0.012000 0.012000
0 0.636500 0.726000 0.028000 0.028000
0 0.430500 0.415500 0.015000 0.015000
0 0.491000 0.223500 0.012000 0.012000
0 0.474500 0.550000 0.025000 0.024000
0 0.536000 0.632000 0.014000 0.019000
0 0.497500 0.484500 0.021000 0.022000
0 0.756000 0.306500 0.011000 0.014000
0 0.328000 0.261500 0.019000 0.018000
0 0.628500 0.762500 0.015000 0.018000
0 0.807000 0.444000 0.022000 0.020000
0 0.458500 0.441000 0.019000 0.013000
0 0.128500 0.420500 0.019000 0.024000
0 0.823000 0.342000 0.021000 0.021000
0 0.727500 0.399000 0.017000 0.016000
0 0.402000 0.704500 0.022000 0.017000
0 0.401500 0.443500 0.023000 0.023000
0 0.308000 0.685000 0.018000 0.010000
0 0.555000 0.613500 0.013000 0.011000
0 0.879500 0.352500 0.019000 0.022000
0 0.515500 0.867000 0.023000 0.020000
0 0.315000 0.301500 0.013000 0.013000
0 0.509500 0.545000 0.023000 0.022000
0 0.346000 0.634000 0.018000 0.023000
0 0.790000 0.499000 0.016000 0.019000
0 0.416000 0.714500 0.022000 0.022000
0 0.388500 0.518000 0.030000 0.026000
0 0.615500 0.464500 0.011000 0.016000
0 0.547500 0.477000 0.009000 0.008000
0 0.641500 0.633000 0.011000 0.014000
0 0.470000 0.684000 0.022000 0.023000
0 0.705000 0.565000 0.016000 0.014000
0 0.299000 0.740500 0.013000 0.011000
0 0.570500 0.503000 0.013000 0.009000
0 0.102000 0.470000 0.016000 0.014000
0 0.575500 0.519000 0.023000 0.023000
0 0.451000 0.475000 0.020000 0.022000
0 0.527500 0.754000 0.015000 0.018000
0 0.184500 0.437000 0.015000 0.013000
0 0.728500 0.474000 0.015000 0.009000
0 0.722500 0.408000 0.021000 0.021000
0 0.658500 0.444000 0.016000 0.024000
0 0.522750 0.509500 0.023500 0.016000
0 0.381500 0.527000 0.013000 0.015000
0 0.401500 0.750000 0.019000 0.024000
0 0.377000 0.337000 0.022000 0.025000
0 0.475000 0.490000 0.017000 0.017000
0 0.388000 0.328000 0.020000 0.021000
0 0.414000 0.421000 0.010000 0.010000
0 0.514000 0.474500 0.030000 0.032000
0 0.558500 0.479000 0.014000 0.024000
0 0.494000 0.282500 0.012000 0.010000
0 0.374000 0.424000 0.010000 0.013000
0 0.429000 0.537000 0.013000 0.013000
0 0.554000 0.664500 0.023000 0.017000
0 0.406500 0.365500 0.011000 0.012000
0 0.735000 0.530000 0.027000 0.027000
0 0.588500 0.544000 0.025000 0.021000
0 0.618250 0.125500 0.014500 0.010000
0 0.649500 0.811500 0.022000 0.021000
0 0.408500 0.614000 0.014000 0.015000
0 0.816500 0.611000 0.026000 0.020000
0 0.340000 0.406000 0.016000 0.017000
0 0.518000 0.735500 0.018000 0.016000
0 0.699500 0.424500 0.015000 0.016000
0 0.528000 0.716500 0.020000 0.018000
0 0.536000 0.636000 0.013000 0.013000
0 0.466000 0.513500 0.028000 0.028000
0 0.833000 0.459500 0.021000 0.024000
0 0.548500 0.529000 0.013000 0.013000
0 0.629000 0.753750 0.014000 0.014500
0 0.642500 0.591500 0.012000 0.016000
0 0.771000 0.387500 0.019000 0.011000
0 0.336000 0.283000 0.018000 0.019000
0 0.519500 0.473000 0.018000 0.023000
0 0.536000 0.500000 0.023000 0.022000
0 0.511500 0.530500 0.018000 0.026000
0 0.212000 0.668500 0.029000 0.026000
0 0.798500 0.379000 0.018000 0.025000
0 0.249500 0.186000 0.023000 0.023000
0 0.705000 0.258000 0.012000 0.014000
0 0.167500 0.502500 0.025000 0.019000
0 0.570000 0.911500 0.022000 0.015000
0 0.695000 0.292500 0.022000 0.027000
0 0.395500 0.567000 0.010000 0.012000
0 0.469500 0.514000 0.024000 0.021000
0 0.175500 0.579000 0.017000 0.016000
0 0.480000 0.489000 0.021000 0.019000
0 0.492500 0.495000 0.013000 0.010000
0 0.530000 0.384000 0.020000 0.020000
0 0.275000 0.252000 0.029000 0.026000
0 0.520500 0.909500 0.016000 0.013000
0 0.134000 0.303500 0.016000 0.020000
0 0.496000 0.476000 0.020000 0.017000
0 0.427000 0.279000 0.025000 0.023000
0 0.297000 0.751000 0.019000 0.025000
0 0.334000 0.247000 0.026000 0.024000
0 0.676000 0.854000 0.015000 0.011000
0 0.791500 0.761500 0.017000 0.021000
0 0.520500 0.454000 0.023000 0.018000
0 0.509500 0.551500 0.019000 0.020000
0 0.478500 0.189000 0.016000 0.016000
0 0.471000 0.592500 0.017000 0.013000
0 0.743500 0.498500 0.021000 0.018000
0 0.658000 0.506500 0.018000 0.018000
0 0.693500 0.703000 0.019000 0.016000
0 0.754000 0.731000 0.018000 0.012000
0 0.518000 0.773500 0.011000 0.012000
0 0.678500 0.535500 0.021000 0.026000
0 0.827500 0.592000 0.017000 0.016000
0 0.402000 0.635000 0.011000 0.010000
0 0.568000 0.269500 0.012000 0.015000
0 0.256500 0.722500 0.017000 0.010000
0 0.596000 0.519000 0.015000 0.015000
0 0.395500 0.545000 0.024000 0.022000
0 0.264500 0.288000 0.015000 0.011000
0 0.660000 0.217000 0.014000 0.018000
0 0.222500 0.314000 0.018000 0.018000
0 0.098500 0.476500 0.025000 0.023000
0 0.300500 0.153500 0.024000 0.025000
0 0.660500 0.161500 0.019000 0.016000
0 0.367000 0.368000 0.022000 0.025000
0 0.503500 0.439000 0.016000 0.015000
0 0.642000 0.274000 0.024000 0.018000
0 0.636000 0.289500 0.010000 0.012000
0 0.476000 0.574000 0.015000 0.020000
0 0.825500 0.572500 0.022000 0.031000
0 0.532500 0.530500 0.023000 0.019000
0 0.616500 0.147500 0.014000 0.015000
0 0.483500 0.374500 0.026000 0.027000
0 0.421000 0.444000 0.016000 0.015000
0 0.587000 0.446000 0.019000 0.028000
0 0.344500 0.676500 0.013000 0.011000
0 0.452500 0.740500 0.018000 0.022000
0 0.740000 0.835500 0.020000 0.021000
0 0.226000 0.769000 0.019000 0.019000
0 0.778000 0.380000 0.012000 0.013000
0 0.404000 0.836500 0.027000 0.027000
0 0.702750 0.323000 0.014500 0.010000
0 0.216000 0.332500 0.025000 0.024000
0 0.444000 0.368000 0.015000 0.013000
0 0.622500 0.427500 0.019000 0.016000
0 0.633000 0.191500 0.025000 0.027000
0 0.769500 0.452500 0.012000 0.012000
0 0.667000 0.471000 0.028000 0.025000
0 0.750500 0.708000 0.013000 0.014000
0 0.786500 0.385500 0.025000 0.026000
0 0.643500 0.564000 0.015000 0.019000
0 0.388000 0.689250 0.023000 0.026500
0 0.451000 0.283500 0.020000 0.015000
0 0.451000 0.531000 0.018000 0.013000
0 0.204000 0.247000 0.022000 0.029000
0 0.233000 0.507500 0.018000 0.017000
0 0.534000 0.107000 0.029000 0.022000
0 0.567500 0.539500 0.025000 0.018000
0 0.810000 0.476500 0.018000 0.018000
0 0.559000 0.200000 0.015000 0.012000
0 0.565500 0.679500 0.013000 0.014000
0 0.247500 0.193500 0.013000 0.013000
0 0.329000 0.589500 0.015000 0.015000
0 0.600000 0.889000 0.025000 0.026000
0 0.234000 0.729000 0.014000 0.014000
0 0.180000 0.616000 0.021000 0.014000
0 0.321000 0.850000 0.017000 0.017000
0 0.831500 0.316000 0.019000 0.016000
0 0.683500 0.577500 0.019000 0.021000
0 0.388500 0.525000 0.023000 0.024000
0 0.509500 0.683000 0.015000 0.021000
0 0.596500 0.743000 0.023000 0.024000
0 0.456000 0.581000 0.025000 0.026000
0 0.323500 0.500500 0.019000 0.018000
0 0.552500 0.542500 0.014000 0.013000
0 0.768000 0.500000 0.022000 0.024000
0 0.551500 0.456000 0.012000 0.015000
0 0.501000 0.492000 0.012000 0.013000
0 0.548000 0.343500 0.013000 0.018000
0 0.527500 0.502000 0.010000 0.014000
0 0.547500 0.498500 0.021000 0.021000
0 0.435500 0.565500 0.028000 0.020000
0 0.525500 0.488000 0.011000 0.011000
0 0.682500 0.873500 0.022000 0.026000
0 0.192500 0.290500 0.015000 0.014000
0 0.516000 0.499500 0.014000 0.013000
0 0.529000 0.450500 0.024000 0.017000
0 0.370500 0.538000 0.032000 0.025000
0 0.722500 0.662500 0.013000 0.013000
0 0.382500 0.282000 0.012000 0.015000
0 0.508500 0.674000 0.020000 0.025000
0 0.442500 0.546000 0.028000 0.031000
0 0.596500 0.229000 0.015000 0.018000
0 0.414000 0.145500 0.026000 0.032000
0 0.717500 0.326000 0.014000 0.011000
0 0.824500 0.510000 0.026000 0.023000
0 0.434000 0.482000 0.015000 0.013000
0 0.588000 0.214000 0.016000 0.017000
0 0.331500 0.424500 0.021000 0.026000
0 0.487500 0.418500 0.017000 0.016000
0 0.683500 0.213500 0.027000 0.023000
0 0.435500 0.464000 0.014000 0.013000
0 0.291500 0.369000 0.020000 0.024000
0 0.710000 0.214500 0.015000 0.015000
0 0.510000 0.571500 0.020000 0.022000
0 0.739500 0.778000 0.026000 0.025000
0 0.519500 0.524500 0.017000 0.021000
0 0.384000 0.631500 0.021000 0.018000
0 0.668500 0.163000 0.024000 0.026000
0 0.304000 0.795500 0.017000 0.025000
0 0.858000 0.379000 0.026000 0.028000
0 0.496500 0.410000 0.022000 0.023000
0 0.465500 0.630500 0.022000 0.016000
0 0.585000 0.574500 0.017000 0.018000
0 0.554000 0.511000 0.020000 0.022000
0 0.576000 0.450500 0.021000 0.024000
0 0.132750 0.443750 0.029500 0.030500
0 0.507000 0.510500 0.020000 0.020000
0 0.594500 0.480500 0.013000 0.019000
0 0.766500 0.599500 0.020000 0.018000
0 0.697500 0.618000 0.025000 0.024000
0 0.320000 0.568000 0.020000 0.028000
0 0.293000 0.468500 0.021000 0.026000
0 0.552500 0.562500 0.030000 0.031000
0 0.546500 0.670500 0.017000 0.020000
0 0.518500 0.444500 0.029000 0.035000
0 0.664500 0.387000 0.018000 0.024000
0 0.634000 0.779000 0.017000 0.011000
0 0.397000 0.581000 0.020000 0.018000
0 0.417500 0.526500 0.020000 0.025000
0 0.291000 0.486500 0.012000 0.013000
0 0.111500 0.476500 0.025000 0.026000
0 0.608500 0.363000 0.011000 0.013000
0 0.329000 0.645000 0.028000 0.029000
0 0.439500 0.526000 0.017000 0.013000
0 0.454500 0.488000 0.013000 0.014000
0 0.110500 0.379000 0.012000 0.013000
0 0.504000 0.614500 0.026000 0.028000
0 0.156000 0.713000 0.015000 0.017000
0 0.204500 0.347000 0.018000 0.021000
0 0.512500 0.484500 0.012000 0.013000
0 0.210000 0.436500 0.030000 0.025000
0 0.833000 0.488500 0.023000 0.018000
0 0.495000 0.390000 0.011000 0.011000
0 0.107500 0.633000 0.025000 0.022000
0 0.200500 0.373000 0.021000 0.015000
0 0.844500 0.506500 0.014000 0.013000
0 0.460500 0.692000 0.022000 0.021000
0 0.527500 0.642500 0.024000 0.032000
0 0.167500 0.635500 0.010000 0.011000
0 0.590500 0.131000 0.014000 0.013000
0 0.499500 0.489000 0.023000 0.024000
0 0.284000 0.577000 0.022000 0.020000
0 0.294500 0.533000 0.019000 0.021000
0 0.770500 0.353500 0.023000 0.025000
0 0.330000 0.855500 0.025000 0.020000
0 0.476000 0.612000 0.014000 0.015000
0 0.704000 0.495000 0.020000 0.022000
0 0.553500 0.095000 0.014000 0.013000
0 0.336000 0.791500 0.016000 0.016000
0 0.653500 0.830000 0.014000 0.012000
0 0.617500 0.469500 0.015000 0.015000
0 0.536500 0.414500 0.012000 0.013000
0 0.475000 0.907000 0.016000 0.016000
0 0.473500 0.486000 0.020000 0.020000
0 0.766500 0.532500 0.019000 0.012000
0 0.491500 0.503500 0.013000 0.014000
0 0.313000 0.548000 0.018000 0.016000
0 0.572000 0.361000 0.026000 0.024000
0 0.781500 0.432500 0.025000 0.030000
0 0.718500 0.554500 0.022000 0.018000
0 0.512500 0.590500 0.015000 0.017000
0 0.791500 0.388000 0.010000 0.009000
0 0.329500 0.322000 0.015000 0.018000
0 0.607000 0.893000 0.020000 0.016000
0 0.613000 0.875500 0.016000 0.011000
0 0.528500 0.516000 0.019000 0.018000
0 0.425000 0.744750 0.014000 0.020500
0 0.395000 0.363500 0.014000 0.014000
0 0.178000 0.624500 0.010000 0.014000
0 0.903500 0.404500 0.024000 0.027000
0 0.573500 0.422500 0.017000 0.020000
0 0.759500 0.815500 0.016000 0.015000
0 0.266000 0.464500 0.023000 0.023000
0 0.282000 0.826500 0.024000 0.019000
0 0.317500 0.775000 0.013000 0.019000
0 0.196500 0.397000 0.019000 0.020000
0 0.603000 0.809500 0.016000 0.017000
0 0.659500 0.570000 0.030000 0.025000
0 0.456000 0.553000 0.015000 0.013000
0 0.368000 0.396000 0.019000 0.019000
0 0.633000 0.345500 0.031000 0.022000
0 0.762500 0.612000 0.019000 0.025000
0 0.822500 0.462000 0.020000 0.017000
0 0.520000 0.502500 0.023000 0.023000
0 0.694000 0.839000 0.019000 0.019000
0 0.155500 0.536500 0.014000 0.016000
0 0.670000 0.281500 0.033000 0.033000
0 0.142000 0.382000 0.009000 0.009000
0 0.306500 0.404000 0.019000 0.023000
0 0.494500 0.516500 0.030000 0.032000
0 0.310000 0.578000 0.024000 0.025000
0 0.105500 0.556000 0.021000 0.022000
0 0.274000 0.580000 0.019000 0.022000
0 0.162000 0.748500 0.018000 0.019000
0 0.533500 0.731500 0.023000 0.016000
0 0.532750 0.427500 0.026500 0.019000
0 0.813000 0.476500 0.016000 0.015000
0 0.522500 0.228000 0.019000 0.018000
0 0.813000 0.249500 0.025000 0.024000
0 0.495000 0.561500 0.019000 0.018000
0 0.497500 0.499500 0.021000 0.027000
0 0.557500 0.761500 0.015000 0.017000
0 0.538500 0.916000 0.029000 0.029000
0 0.802500 0.343500 0.013000 0.009000
0 0.457750 0.849000 0.017500 0.012000
0 0.728500 0.633500 0.009000 0.009000
0 0.701000 0.585500 0.017000 0.014000
0 0.646000 0.445000 0.017000 0.018000
0 0.516000 0.512750 0.013000 0.017500
0 0.474500 0.321000 0.023000 0.021000
0 0.560500 0.498500 0.012000 0.010000
0 0.490500 0.516000 0.026000 0.025000
0 0.314000 0.372500 0.022000 0.017000
0 0.641500 0.522500 0.020000 0.017000
0 0.430000 0.179500 0.018000 0.014000
0 0.488750 0.382500 0.014500 0.011000
0 0.737500 0.328500 0.016000 0.016000
0 0.470500 0.342000 0.023000 0.024000
0 0.730000 0.515500 0.021000 0.023000
0 0.205500 0.456500 0.029000 0.032000
0 0.802500 0.456500 0.011000 0.012000
0 0.848000 0.358500 0.030000 0.029000
0 0.635000 0.570000 0.012000 0.009000
0 0.546000 0.840500 0.024000 0.022000
0 0.384500 0.785000 0.016000 0.015000
0 0.711000 0.535000 0.018000 0.021000
0 0.699000 0.551000 0.017000 0.021000
0 0.507000 0.625500 0.013000 0.009000
0 0.477500 0.544000 0.019000 0.013000
0 0.748500 0.423500 0.029000 0.027000
0 0.450000 0.520500 0.015000 0.009000
0 0.357500 0.485000 0.020000 0.016000
0 0.421500 0.506000 0.020000 0.028000
0 0.556000 0.499000 0.020000 0.017000
0 0.441000 0.622000 0.023000 0.020000
0 0.524500 0.526000 0.017000 0.024000
0 0.471000 0.133500 0.034000 0.034000
0 0.413500 0.776000 0.020000 0.022000
0 0.660250 0.344000 0.026500 0.026000
0 0.279500 0.773500 0.029000 0.025000
0 0.240500 0.512500 0.021000 0.027000
0 0.700000 0.414500 0.015000 0.016000
0 0.707000 0.272500 0.017000 0.013000
0 0.551500 0.573500 0.018000 0.015000
0 0.638500 0.501000 0.032000 0.024000
0 0.636500 0.492500 0.034000 0.035000
0 0.288500 0.741000 0.013000 0.009000
0 0.614500 0.381500 0.021000 0.018000
0 0.568500 0.295000 0.010000 0.012000
0 0.421500 0.721000 0.011000 0.012000
0 0.371500 0.861500 0.025000 0.025000
0 0.307000 0.807000 0.021000 0.022000
0 0.804500 0.409000 0.026000 0.022000
0 0.407500 0.512500 0.031000 0.031000
0 0.843500 0.736000 0.024000 0.022000
0 0.598500 0.527000 0.017000 0.019000
0 0.558000 0.463750 0.011000 0.014500
0 0.349500 0.421000 0.031000 0.031000
0 0.218000 0.519500 0.014000 0.014000
0 0.638750 0.687000 0.026500 0.018000
0 0.133000 0.702000 0.015000 0.017000
0 0.810500 0.402000 0.011000 0.015000
0 0.640000 0.552500 0.011000 0.011000
0 0.866000 0.677500 0.030000 0.027000
0 0.522500 0.271000 0.017000 0.019000
0 0.454000 0.132500 0.021000 0.022000
0 0.680500 0.271500 0.022000 0.025000
0 0.432500 0.615500 0.015000 0.015000
0 0.627000 0.580000 0.023000 0.029000
0 0.456000 0.312000 0.022000 0.024000
0 0.372500 0.661500 0.014000 0.011000
0 0.708500 0.544000 0.025000 0.024000
0 0.408500 0.557500 0.013000 0.015000
0 0.357000 0.469000 0.010000 0.012000
0 0.795500 0.634500 0.021000 0.025000
0 0.601000 0.347500 0.013000 0.019000
0 0.441000 0.606000 0.011000 0.014000
0 0.799000 0.481000 0.016000 0.016000
0 0.786000 0.398500 0.020000 0.014000
0 0.858500 0.578000 0.015000 0.013000
0 0.658000 0.717500 0.011000 0.012000
0 0.181000 0.579000 0.022000 0.019000
0 0.913500 0.436500 0.024000 0.026000
0 0.451500 0.602000 0.014000 0.015000
0 0.396500 0.520500 0.031000 0.032000
0 0.698500 0.672000 0.030000 0.030000
0 0.232000 0.180500 0.017000 0.018000
0 0.721000 0.466000 0.013000 0.013000
0 0.441500 0.568500 0.013000 0.016000
0 0.460000 0.724500 0.013000 0.016000
0 0.433500 0.619000 0.013000 0.013000
0 0.273000 0.782500 0.010000 0.013000
0 0.571500 0.498000 0.015000 0.015000
0 0.653500 0.375000 0.016000 0.013000
0 0.463000 0.642500 0.020000 0.020000
0 0.209500 0.415250 0.019000 0.026500
0 0.803500 0.583000 0.012000 0.013000
0 0.240500 0.567500 0.013000 0.013000
0 0.421000 0.688250 0.017000 0.020500
0 0.677000 0.627500 0.025000 0.024000
0 0.222000 0.706000 0.022000 0.019000
0 0.314500 0.476500 0.020000 0.020000
0 0.483000 0.742000 0.011000 0.013000
0 0.495000 0.325500 0.019000 0.020000
0 0.515000 0.633500 0.018000 0.018000
0 0.818000 0.679500 0.012000 0.012000
0 0.738000 0.719500 0.025000 0.020000
0 0.459500 0.541000 0.027000 0.024000
0 0.408500 0.239500 0.022000 0.015000
0 0.617500 0.526000 0.027000 0.030000
0 0.372500 0.871500 0.026000 0.025000
0 0.610250 0.638000 0.026500 0.018000
0 0.395500 0.271500 0.014000 0.018000
0 0.768000 0.570000 0.014000 0.017000
0 0.860500 0.645000 0.017000 0.019000
0 0.373000 0.483000 0.019000 0.016000
0 0.762000 0.677000 0.022000 0.031000
0 0.493500 0.618000 0.018000 0.017000
0 0.261000 0.155000 0.021000 0.021000
0 0.540500 0.724500 0.025000 0.026000
0 0.548500 0.579000 0.022000 0.017000
0 0.233500 0.464500 0.025000 0.024000
0 0.175500 0.522000 0.013000 0.012000
0 0.657500 0.249500 0.017000 0.019000
0 0.703000 0.651000 0.014000 0.015000
0 0.500000 0.167500 0.024000 0.026000
0 0.716500 0.551500 0.018000 0.016000
0 0.431500 0.319500 0.021000 0.022000
0 0.807000 0.626000 0.015000 0.017000
0 0.853000 0.571000 0.018000 0.018000
0 0.196500 0.594000 0.032000 0.034000
0 0.608000 0.451000 0.027000 0.027000
0 0.493500 0.522500 0.016000 0.016000
0 0.158500 0.598000 0.021000 0.020000
0 0.482000 0.455500 0.012000 0.014000
0 0.883000 0.608500 0.021000 0.024000
0 0.743000 0.489000 0.015000 0.019000
0 0.102000 0.434500 0.031000 0.031000
0 0.509500 0.717500 0.016000 0.019000
0 0.717000 0.360000 0.016000 0.017000
0 0.596000 0.677000 0.014000 0.013000
0 0.607000 0.816500 0.020000 0.021000
0 0.408000 0.408000 0.028000 0.020000
0 0.579000 0.247500 0.029000 0.031000
0 0.428500 0.160000 0.013000 0.008000
0 0.440500 0.538000 0.018000 0.019000
0 0.188500 0.405000 0.014000 0.015000
0 0.670500 0.618000 0.015000 0.012000
0 0.450000 0.321000 0.019000 0.021000
0 0.770000 0.544000 0.014000 0.013000
0 0.812000 0.346500 0.009000 0.010000
0 0.445000 0.140000 0.022000 0.028000
0 0.335000 0.275000 0.014000 0.014000
0 0.576500 0.868000 0.020000 0.025000
0 0.504000 0.292500 0.027000 0.031000
0 0.478500 0.479500 0.014000 0.015000
0 0.640500 0.143500 0.017000 0.019000
0 0.365500 0.633000 0.023000 0.018000
0 0.571000 0.710000 0.020000 0.020000
0 0.580000 0.358000 0.020000 0.026000
0 0.524500 0.731500 0.012000 0.016000
0 0.212000 0.701000 0.023000 0.021000
0 0.586500 0.658500 0.030000 0.029000
0 0.420500 0.530500 0.019000 0.023000
0 0.663000 0.535000 0.024000 0.027000
0 0.471000 0.279000 0.019000 0.023000
0 0.633000 0.636000 0.025000 0.030000
0 0.632000 0.178500 0.023000 0.024000
0 0.900000 0.452000 0.022000 0.023000
0 0.581500 0.447500 0.023000 0.024000
0 0.530000 0.495500 0.016000 0.015000
0 0.462500 0.593500 0.027000 0.031000
0 0.329000 0.269500 0.026000 0.022000
0 0.352000 0.517000 0.028000 0.029000
0 0.345000 0.812000 0.021000 0.018000
0 0.321500 0.665500 0.020000 0.026000
0 0.322000 0.823500 0.019000 0.019000
0 0.143500 0.419000 0.016000 0.016000
0 0.579000 0.401000 0.017000 0.013000
0 0.526000 0.532500 0.024000 0.024000
0 0.466500 0.125000 0.022000 0.018000
0 0.554500 0.739500 0.011000 0.016000
0 0.327500 0.684500 0.021000 0.018000
0 0.181500 0.228000 0.029000 0.022000
0 0.427000 0.393000 0.015000 0.017000
0 0.464500 0.477500 0.018000 0.016000
0 0.185000 0.248000 0.016000 0.020000
0 0.598000 0.503500 0.022000 0.015000
0 0.511500 0.726500 0.021000 0.020000
0 0.714000 0.342500 0.022000 0.016000
0 0.673500 0.299000 0.017000 0.015000
0 0.848500 0.275500 0.014000 0.014000
0 0.297000 0.687000 0.023000 0.016000
0 0.195000 0.549250 0.014000 0.020500
0 0.553500 0.417500 0.025000 0.028000
0 0.693000 0.248500 0.016000 0.018000
0 0.565500 0.339500 0.031000 0.029000
0 0.506500 0.377500 0.015000 0.020000
0 0.790000 0.199000 0.031000 0.028000
0 0.325000 0.547000 0.020000 0.014000
0 0.710000 0.568500 0.023000 0.027000
0 0.237000 0.360000 0.025000 0.031000
0 0.768500 0.367500 0.034000 0.027000
0 0.420750 0.809500 0.020500 0.014000
0 0.507000 0.523500 0.020000 0.017000
0 0.280500 0.250500 0.021000 0.017000
0 0.599000 0.670500 0.023000 0.022000
0 0.820000 0.479500 0.021000 0.022000
0 0.628500 0.768500 0.030000 0.028000
0 0.379000 0.475500 0.023000 0.019000
0 0.520500 0.412500 0.018000 0.019000
0 0.518000 0.399500 0.020000 0.018000
0 0.492500 0.649500 0.014000 0.015000
0 0.592500 0.642000 0.028000 0.028000
0 0.478500 0.557000 0.022000 0.014000
0 0.503000 0.186500 0.025000 0.017000
0 0.612500 0.533500 0.026000 0.024000
0 0.416000 0.171500 0.014000 0.014000
0 0.349000 0.458500 0.012000 0.012000
0 0.332000 0.822000 0.018000 0.025000
0 0.123000 0.483000 0.019000 0.017000
0 0.863500 0.298000 0.020000 0.021000
0 0.554500 0.553500 0.016000 0.011000
0 0.509000 0.463500 0.014000 0.011000
0 0.628000 0.516000 0.020000 0.019000
0 0.502000 0.691000 0.027000 0.029000
0 0.319000 0.652000 0.017000 0.021000
0 0.817000 0.262000 0.017000 0.016000
0 0.529500 0.378000 0.015000 0.015000
0 0.447500 0.202500 0.015000 0.012000
0 0.584500 0.345000 0.013000 0.014000
0 0.453500 0.434500 0.022000 0.025000
0 0.710000 0.453500 0.015000 0.014000
0 0.764500 0.405500 0.028000 0.029000
0 0.462500 0.227500 0.012000 0.011000
0 0.400000 0.613500 0.009000 0.015000
0 0.283500 0.715000 0.029000 0.028000
0 0.486000 0.382500 0.021000 0.026000
0 0.581500 0.122500 0.021000 0.019000
0 0.526000 0.595000 0.021000 0.017000
0 0.523000 0.549000 0.018000 0.018000
0 0.457000 0.276500 0.028000 0.019000
0 0.503000 0.542500 0.012000 0.013000
0 0.291000 0.184000 0.021000 0.020000
0 0.403000 0.282000 0.016000 0.021000
0 0.101500 0.540000 0.010000 0.013000
0 0.561000 0.572000 0.032000 0.030000
0 0.767500 0.462000 0.020000 0.020000
0 0.496500 0.434500 0.026000 0.030000
0 0.561500 0.826000 0.018000 0.016000
0 0.176000 0.389500 0.023000 0.021000
0 0.642000 0.832500 0.023000 0.027000
0 0.377000 0.307000 0.024000 0.020000
0 0.466000 0.454000 0.022000 0.029000
0 0.605500 0.371000 0.029000 0.032000
0 0.630000 0.564000 0.027000 0.023000
0 0.190500 0.267500 0.023000 0.019000
0 0.585000 0.509000 0.025000 0.018000
0 0.537000 0.882500 0.014000 0.010000
0 0.537500 0.301500 0.026000 0.025000
0 0.623500 0.681000 0.020000 0.025000
0 0.501000 0.338000 0.028000 0.024000
0 0.539500 0.683000 0.013000 0.015000
0 0.405000 0.476750 0.008000 0.011500
0 0.505500 0.395500 0.032000 0.027000
0 0.397000 0.505500 0.017000 0.020000
0 0.702000 0.446000 0.012000 0.012000
0 0.427000 0.568500 0.011000 0.010000
0 0.404000 0.565500 0.024000 0.024000
0 0.524000 0.613500 0.014000 0.013000
0 0.583500 0.878500 0.013000 0.013000
0 0.442000 0.694000 0.026000 0.026000
0 0.447000 0.831500 0.021000 0.029000
0 0.299500 0.349000 0.034000 0.022000
0 0.528500 0.216000 0.022000 0.021000
0 0.714000 0.265000 0.015000 0.022000
0 0.258500 0.347000 0.018000 0.018000
0 0.363000 0.255500 0.022000 0.028000
0 0.174000 0.320500 0.021000 0.020000
0 0.233500 0.211000 0.022000 0.024000
0 0.579000 0.365500 0.020000 0.021000
0 0.646500 0.610000 0.018000 0.017000
0 0.671500 0.822000 0.026000 0.030000
0 0.498000 0.528500 0.022000 0.017000
0 0.467500 0.412000 0.011000 0.011000
0 0.884000 0.626000 0.014000 0.016000
0 0.511500 0.494000 0.012000 0.018000
0 0.661000 0.531500 0.014000 0.011000
0 0.560000 0.490500 0.030000 0.029000
0 0.621500 0.509000 0.011000 0.013000
0 0.402000 0.884500 0.024000 0.025000
0 0.368500 0.595500 0.021000 0.026000
0 0.745500 0.470000 0.016000 0.012000
0 0.550500 0.587250 0.018000 0.020500
0 0.247000 0.554500 0.020000 0.018000
0 0.491000 0.465000 0.009000 0.010000
0 0.530500 0.341000 0.018000 0.018000
0 0.406500 0.388500 0.028000 0.022000
0 0.746500 0.826500 0.013000 0.013000
0 0.548500 0.466000 0.024000 0.024000
0 0.342500 0.240500 0.020000 0.020000
0 0.421000 0.583500 0.015000 0.013000
0 0.430000 0.520000 0.020000 0.017000
0 0.698500 0.275500 0.019000 0.025000
0 0.225000 0.785500 0.014000 0.016000
0 0.710500 0.399500 0.024000 0.026000
0 0.731500 0.278000 0.013000 0.016000
0 0.474000 0.646000 0.030000 0.020000
0 0.263500 0.232000 0.019000 0.019000
0 0.214500 0.346500 0.016000 0.014000
0 0.655500 0.582500 0.017000 0.014000
0 0.378000 0.605250 0.018000 0.026500
0 0.647500 0.803500 0.032000 0.034000
0 0.298000 0.173000 0.012000 0.013000
0 0.816500 0.555500 0.016000 0.018000
0 0.813500 0.434000 0.028000 0.024000
0 0.468500 0.523000 0.017000 0.013000
0 0.354500 0.732000 0.011000 0.009000
0 0.415250 0.299500 0.017500 0.012000
0 0.198500 0.403000 0.018000 0.020000
0 0.335500 0.579000 0.018000 0.016000
0 0.218500 0.289500 0.015000 0.015000
0 0.437000 0.195500 0.014000 0.014000
0 0.433000 0.814000 0.027000 0.030000
0 0.459500 0.093000 0.021000 0.019000
0 0.621000 0.574500 0.024000 0.023000
0 0.716500 0.449500 0.029000 0.020000
0 0.611000 0.798000 0.020000 0.032000
0 0.511000 0.470500 0.015000 0.024000
0 0.412500 0.376000 0.016000 0.015000
0 0.566000 0.166000 0.015000 0.016000
0 0.657500 0.316500 0.020000 0.026000
0 0.530500 0.122500 0.017000 0.018000
0 0.390500 0.829500 0.018000 0.019000
0 0.618000 0.546000 0.028000 0.018000
0 0.433000 0.272000 0.017000 0.016000
0 0.461000 0.486500 0.019000 0.033000
0 0.487000 0.444000 0.024000 0.022000
0 0.474000 0.434000 0.029000 0.033000
0 0.491000 0.397500 0.024000 0.024000
0 0.472500 0.573500 0.023000 0.030000