0 0.471000 0.746500 0.026000 0.019000
0 0.384750 0.675750 0.017500 0.017500
0 0.810000 0.690500 0.014000 0.014000
0 0.711000 0.618000 0.019000 0.014000
0 0.486000 0.739500 0.023000 0.025000
0 0.223000 0.264500 0.018000 0.011000
0 0.709750 0.474000 0.023500 0.019000
0 0.297500 0.714000 0.027000 0.026000
0 0.300500 0.153500 0.021000 0.023000
0 0.570500 0.338500 0.012000 0.013000
0 0.796500 0.576500 0.025000 0.022000
0 0.872000 0.368000 0.016000 0.013000
0 0.301500 0.700500 0.018000 0.018000
0 0.815500 0.484000 0.026000 0.020000
0 0.499500 0.500000 0.022000 0.030000
0 0.495500 0.660500 0.029000 0.031000
0 0.310500 0.601500 0.019000 0.021000
0 0.645500 0.350000 0.008000 0.009000
0 0.523500 0.566500 0.017000 0.019000
0 0.475500 0.328000 0.020000 0.019000
0 0.326000 0.682000 0.012000 0.016000
0 0.606000 0.354250 0.020000 0.020500
0 0.756000 0.391500 0.011000 0.013000
0 0.335500 0.450000 0.017000 0.015000
0 0.464500 0.686000 0.026000 0.025000
0 0.457500 0.556000 0.020000 0.022000
0 0.462500 0.498500 0.021000 0.031000
0 0.688000 0.537500 0.022000 0.022000
0 0.416500 0.375500 0.022000 0.022000
0 0.208500 0.791000 0.030000 0.027000
0 0.464750 0.678000 0.029500 0.021000
0 0.396500 0.686500 0.019000 0.025000
0 0.413000 0.807000 0.036000 0.034000
0 0.316000 0.752500 0.011000 0.011000
0 0.636000 0.359000 0.024000 0.023000
0 0.550500 0.450000 0.035000 0.026000
0 0.542000 0.568000 0.032000 0.026000
0 0.554000 0.497000 0.022000 0.016000
0 0.339000 0.666500 0.015000 0.018000
0 0.803500 0.633500 0.012000 0.010000
0 0.256500 0.633000 0.029000 0.032000
0 0.862500 0.414500 0.030000 0.030000
0 0.494000 0.517000 0.010000 0.013000
0 0.549000 0.481000 0.014000 0.015000
0 0.552500 0.604500 0.016000 0.017000
0 0.368500 0.209500 0.020000 0.025000
0 0.813000 0.424500 0.026000 0.020000
0 0.711500 0.799000 0.015000 0.015000
0 0.382750 0.455000 0.029500 0.021000
0 0.594500 0.482500 0.021000 0.028000
0 0.565500 0.366750 0.015000 0.020500
0 0.684000 0.559000 0.023000 0.027000
0 0.453500 0.477000 0.010000 0.009000
0 0.845500 0.512000 0.026000 0.027000
0 0.489000 0.497500 0.014000 0.014000
0 0.115000 0.450000 0.031000 0.025000
0 0.761000 0.210750 0.015000 0.017500
0 0.767500 0.586000 0.015000 0.016000
0 0.741000 0.718000 0.026000 0.029000
0 0.519500 0.601000 0.017000 0.015000
0 0.773000 0.701000 0.020000 0.014000
0 0.495500 0.508000 0.015000 0.014000
0 0.492500 0.487000 0.017000 0.013000
0 0.471000 0.523500 0.012000 0.011000
0 0.750000 0.353000 0.025000 0.020000
0 0.477500 0.439000 0.026000 0.020000
0 0.430500 0.341750 0.018000 0.026500
0 0.793000 0.673500 0.016000 0.016000
0 0.379000 0.537500 0.012000 0.010000
0 0.386250 0.690000 0.020500 0.015000
0 0.277000 0.375000 0.024000 0.023000
0 0.719500 0.497500 0.021000 0.024000
0 0.637500 0.850000 0.034000 0.033000
0 0.522500 0.466000 0.018000 0.013000
0 0.705000 0.560500 0.028000 0.027000
0 0.258500 0.816500 0.018000 0.016000
0 0.438000 0.491500 0.020000 0.020000
0 0.485000 0.288000 0.014000 0.014000
0 0.525000 0.474000 0.014000 0.016000
0 0.357500 0.466500 0.030000 0.029000
0 0.504000 0.309000 0.026000 0.025000
0 0.718000 0.247500 0.024000 0.028000
0 0.596000 0.152500 0.023000 0.024000
0 0.817500 0.743000 0.026000 0.025000
0 0.490500 0.472500 0.023000 0.022000
0 0.605000 0.570500 0.017000 0.014000
0 0.446500 0.422500 0.015000 0.021000
0 0.441500 0.231000 0.025000 0.025000
0 0.237000 0.679000 0.020000 0.016000
0 0.535500 0.582500 0.014000 0.011000
0 0.448500 0.510000 0.026000 0.021000
0 0.368500 0.646250 0.018000 0.026500
0 0.228500 0.353000 0.026000 0.029000
0 0.642500 0.487000 0.019000 0.024000
0 0.699500 0.466000 0.026000 0.022000
0 0.139500 0.450000 0.010000 0.010000
0 0.484500 0.461500 0.016000 0.017000
0 0.405000 0.516000 0.016000 0.017000
0 0.332000 0.319000 0.031000 0.028000
0 0.432000 0.358000 0.025000 0.020000
0 0.126500 0.383000 0.016000 0.015000
0 0.466500 0.414000 0.032000 0.026000
0 0.535000 0.441000 0.015000 0.014000
0 0.498500 0.511000 0.015000 0.014000
0 0.641000 0.650500 0.012000 0.011000
0 0.349500 0.146000 0.015000 0.015000
0 0.329500 0.542500 0.011000 0.014000
0 0.431500 0.321500 0.016000 0.024000
0 0.337000 0.496500 0.018000 0.025000
0 0.483500 0.839500 0.031000 0.025000
0 0.440000 0.130000 0.023000 0.022000
0 0.587500 0.136000 0.013000 0.009000
0 0.317500 0.591500 0.025000 0.025000
0 0.460000 0.176000 0.014000 0.013000
0 0.494250 0.549500 0.017500 0.012000
0 0.675000 0.212500 0.020000 0.025000
0 0.152000 0.471500 0.021000 0.026000
0 0.576000 0.518000 0.022000 0.023000
0 0.607000 0.689500 0.020000 0.029000
0 0.538000 0.400000 0.018000 0.015000
0 0.850000 0.354500 0.013000 0.010000
0 0.203500 0.412500 0.025000 0.027000
0 0.502500 0.497000 0.018000 0.025000
0 0.629000 0.638500 0.023000 0.023000
0 0.483000 0.510500 0.017000 0.019000
0 0.324500 0.843000 0.019000 0.019000
0 0.671000 0.433000 0.015000 0.014000
0 0.478500 0.571000 0.013000 0.017000
0 0.242500 0.292500 0.027000 0.027000
0 0.302000 0.335500 0.029000 0.030000
0 0.180000 0.408500 0.024000 0.027000
0 0.568500 0.641500 0.011000 0.009000
0 0.676000 0.358500 0.027000 0.029000
0 0.476500 0.528000 0.020000 0.021000
0 0.206000 0.638000 0.021000 0.018000
0 0.490500 0.548000 0.024000 0.021000
0 0.450000 0.406000 0.023000 0.021000
0 0.505000 0.873500 0.021000 0.016000
0 0.241000 0.600500 0.016000 0.016000
0 0.565000 0.629500 0.014000 0.017000
0 0.456500 0.248500 0.012000 0.013000
0 0.455500 0.529500 0.033000 0.024000
0 0.687500 0.639000 0.016000 0.014000
0 0.239000 0.672000 0.011000 0.012000
0 0.765500 0.319000 0.014000 0.017000
0 0.858000 0.716500 0.020000 0.019000
0 0.634500 0.819000 0.020000 0.020000
0 0.718000 0.801000 0.027000 0.028000
0 0.423500 0.460000 0.021000 0.023000
0 0.191000 0.586500 0.012000 0.011000
0 0.859000 0.493500 0.026000 0.026000
0 0.216500 0.604500 0.032000 0.025000
0 0.658000 0.639500 0.019000 0.014000
0 0.441500 0.388500 0.025000 0.025000
0 0.558000 0.507000 0.017000 0.017000
0 0.088000 0.516500 0.029000 0.028000
0 0.590500 0.512000 0.016000 0.015000
0 0.287000 0.719500 0.023000 0.029000
0 0.315000 0.169500 0.016000 0.022000
0 0.240000 0.442000 0.034000 0.034000
0 0.415500 0.195000 0.025000 0.020000
0 0.565000 0.481500 0.015000 0.014000
0 0.348500 0.608500 0.020000 0.017000
0 0.551500 0.220000 0.017000 0.017000
0 0.602500 0.429000 0.026000 0.027000
0 0.445500 0.665000 0.019000 0.025000
0 0.758500 0.522500 0.019000 0.018000
0 0.350500 0.565000 0.024000 0.029000
0 0.461500 0.168000 0.018000 0.027000
0 0.470500 0.609500 0.012000 0.010000
0 0.394500 0.463000 0.021000 0.019000
0 0.531500 0.834750 0.016000 0.023500
0 0.461500 0.489000 0.011000 0.015000
0 0.173750 0.453500 0.017500 0.012000
0 0.753500 0.166500 0.019000 0.017000
0 0.256000 0.310000 0.021000 0.029000
0 0.517000 0.414500 0.029000 0.021000
0 0.488000 0.639500 0.021000 0.025000
0 0.619000 0.449000 0.012000 0.013000
0 0.498000 0.429000 0.022000 0.021000
0 0.326500 0.184000 0.009000 0.013000
0 0.729000 0.351500 0.013000 0.015000
0 0.525500 0.484750 0.019000 0.026500
0 0.776500 0.614500 0.014000 0.025000
0 0.340000 0.383500 0.012000 0.015000
0 0.659000 0.456500 0.015000 0.013000
0 0.498000 0.531000 0.012000 0.012000
0 0.617500 0.789000 0.019000 0.024000
0 0.496000 0.342000 0.019000 0.013000
0 0.645500 0.456500 0.015000 0.015000
0 0.502000 0.486500 0.029000 0.030000
0 0.607500 0.801000 0.028000 0.026000
0 0.493500 0.610500 0.028000 0.029000
0 0.548500 0.378000 0.018000 0.022000
0 0.485000 0.118000 0.021000 0.020000
0 0.427500 0.664000 0.010000 0.010000
0 0.804000 0.746000 0.021000 0.021000
0 0.192500 0.264000 0.020000 0.023000
0 0.450500 0.540000 0.018000 0.019000
0 0.473500 0.342500 0.017000 0.016000
0 0.518000 0.509000 0.027000 0.027000
0 0.590000 0.445500 0.017000 0.015000
0 0.758000 0.633000 0.021000 0.024000
0 0.420500 0.726500 0.019000 0.025000
0 0.213500 0.446000 0.026000 0.021000
0 0.449750 0.495000 0.011500 0.008000
0 0.243000 0.669000 0.020000 0.017000
0 0.365500 0.282500 0.011000 0.015000
0 0.334000 0.629500 0.019000 0.019000
0 0.332500 0.483500 0.020000 0.018000
0 0.316000 0.472000 0.015000 0.021000
0 0.375000 0.298000 0.018000 0.019000
0 0.431500 0.412500 0.016000 0.013000
0 0.349000 0.122000 0.010000 0.013000
0 0.643000 0.579500 0.015000 0.014000
0 0.734500 0.261000 0.016000 0.016000
0 0.710000 0.672500 0.015000 0.012000
0 0.726500 0.654000 0.025000 0.030000
0 0.471500 0.763500 0.018000 0.024000
0 0.556000 0.462500 0.012000 0.016000
0 0.541500 0.141250 0.016000 0.020500
0 0.704000 0.454000 0.019000 0.019000
0 0.367500 0.329000 0.026000 0.028000
0 0.861000 0.403500 0.022000 0.023000
0 0.860000 0.382000 0.025000 0.025000
0 0.389500 0.120500 0.016000 0.013000
0 0.364500 0.373500 0.017000 0.017000
0 0.479000 0.405000 0.009000 0.010000
0 0.247000 0.489500 0.034000 0.034000
0 0.618500 0.501500 0.020000 0.018000
0 0.845000 0.277500 0.020000 0.012000
0 0.501500 0.722500 0.025000 0.029000
0 0.608500 0.374000 0.009000 0.009000
0 0.613500 0.104500 0.013000 0.015000
0 0.133500 0.670500 0.022000 0.024000
0 0.552000 0.514000 0.012000 0.013000
0 0.145500 0.722000 0.012000 0.009000
0 0.295000 0.186250 0.027000 0.029500
0 0.528000 0.590500 0.027000 0.026000
0 0.360500 0.517000 0.021000 0.020000
0 0.692000 0.224500 0.013000 0.014000
0 0.427500 0.132500 0.016000 0.016000
0 0.432500 0.902500 0.013000 0.009000
0 0.335000 0.468000 0.028000 0.027000
0 0.434500 0.524500 0.012000 0.011000
0 0.618000 0.516000 0.019000 0.020000
0 0.479500 0.831500 0.021000 0.023000
0 0.452500 0.592500 0.021000 0.021000
0 0.481000 0.690500 0.020000 0.016000
0 0.470500 0.375500 0.024000 0.031000
0 0.293500 0.147500 0.014000 0.016000
0 0.402000 0.606500 0.028000 0.027000
0 0.159500 0.420500 0.020000 0.022000
0 0.736250 0.709500 0.011500 0.009000
0 0.427000 0.159000 0.011000 0.014000
0 0.482500 0.285000 0.016000 0.016000
0 0.634000 0.275000 0.018000 0.019000
0 0.212500 0.268500 0.015000 0.016000
0 0.433000 0.695750 0.023000 0.032500
0 0.553000 0.570500 0.022000 0.018000
0 0.330000 0.675000 0.022000 0.021000
0 0.223500 0.715000 0.020000 0.026000
0 0.510000 0.507500 0.019000 0.022000
0 0.289500 0.481500 0.023000 0.023000
0 0.602000 0.557000 0.021000 0.016000
0 0.180500 0.288500 0.025000 0.025000
0 0.414500 0.587500 0.016000 0.015000
0 0.134500 0.498500 0.031000 0.022000
0 0.463000 0.644500 0.019000 0.020000
0 0.362000 0.617000 0.023000 0.022000
0 0.490500 0.805000 0.015000 0.018000
0 0.346500 0.678000 0.021000 0.022000
0 0.759500 0.415000 0.013000 0.015000
0 0.688000 0.151500 0.022000 0.025000
0 0.140500 0.692500 0.020000 0.021000
0 0.611000 0.662500 0.018000 0.019000
0 0.299000 0.436500 0.020000 0.021000
0 0.339500 0.166000 0.014000 0.017000
0 0.817500 0.314000 0.017000 0.016000
0 0.142000 0.668500 0.025000 0.022000
0 0.699000 0.171000 0.011000 0.013000
0 0.552500 0.172000 0.013000 0.013000
0 0.430500 0.125500 0.023000 0.030000
0 0.459500 0.352500 0.030000 0.023000
0 0.532500 0.512500 0.030000 0.023000
0 0.216000 0.416000 0.017000 0.011000
0 0.414000 0.752000 0.024000 0.028000
0 0.238000 0.810500 0.011000 0.012000
0 0.547500 0.471000 0.021000 0.025000
0 0.315500 0.381000 0.022000 0.019000
0 0.581000 0.425500 0.013000 0.013000
0 0.197000 0.370000 0.026000 0.023000
0 0.521000 0.205500 0.032000 0.029000
0 0.539000 0.471500 0.020000 0.022000
0 0.480000 0.430500 0.016000 0.017000
0 0.322000 0.423500 0.021000 0.021000
0 0.416000 0.091500 0.016000 0.013000
0 0.256000 0.257500 0.031000 0.030000
0 0.459500 0.401000 0.014000 0.015000
0 0.405500 0.366500 0.020000 0.021000
0 0.478500 0.412750 0.012000 0.017500
0 0.453000 0.882500 0.010000 0.010000
0 0.574000 0.609500 0.022000 0.035000
0 0.467500 0.462500 0.019000 0.018000
0 0.789500 0.736000 0.023000 0.027000
0 0.822500 0.558500 0.028000 0.036000
0 0.392500 0.424500 0.021000 0.028000
0 0.309000 0.703000 0.018000 0.019000
0 0.480000 0.665500 0.028000 0.019000
0 0.474000 0.536000 0.021000 0.022000
0 0.347500 0.299000 0.023000 0.027000
0 0.529000 0.431000 0.026000 0.034000
0 0.342500 0.115000 0.024000 0.029000
0 0.654500 0.557500 0.029000 0.018000
0 0.754500 0.365000 0.019000 0.020000
0 0.573500 0.457500 0.027000 0.026000
0 0.599000 0.475500 0.016000 0.016000
0 0.337500 0.208500 0.021000 0.020000
0 0.855500 0.702500 0.016000 0.017000
0 0.739000 0.602000 0.021000 0.018000
0 0.556500 0.655500 0.020000 0.021000
0 0.606000 0.833500 0.026000 0.021000
0 0.448000 0.662000 0.013000 0.013000
0 0.346500 0.737500 0.020000 0.026000
0 0.483500 0.089500 0.017000 0.013000
0 0.197500 0.731500 0.014000 0.010000
0 0.893500 0.486500 0.031000 0.029000
0 0.647000 0.210000 0.030000 0.029000
0 0.490000 0.718000 0.019000 0.019000
0 0.464500 0.530000 0.018000 0.018000
0 0.429000 0.493500 0.010000 0.013000
0 0.627500 0.410000 0.014000 0.014000
0 0.641000 0.500000 0.020000 0.020000
0 0.476500 0.558000 0.023000 0.022000
0 0.494000 0.355000 0.009000 0.012000
0 0.287000 0.173750 0.017000 0.020500
0 0.672000 0.700500 0.017000 0.026000
0 0.516000 0.524500 0.019000 0.027000
0 0.616500 0.781500 0.017000 0.016000
0 0.679000 0.506500 0.010000 0.013000
0 0.304000 0.510500 0.019000 0.012000
0 0.551500 0.430000 0.012000 0.013000
0 0.570000 0.281500 0.016000 0.017000
0 0.484000 0.529500 0.014000 0.017000
0 0.467000 0.630500 0.009000 0.010000
0 0.363500 0.655000 0.022000 0.023000
0 0.524000 0.704000 0.012000 0.016000
0 0.555000 0.562500 0.012000 0.018000
0 0.756000 0.645500 0.022000 0.016000
0 0.493000 0.217000 0.014000 0.012000
0 0.328500 0.580000 0.033000 0.024000
0 0.478000 0.482500 0.025000 0.021000
0 0.677000 0.196500 0.019000 0.019000
0 0.338500 0.719500 0.028000 0.023000
0 0.463500 0.469500 0.018000 0.020000
0 0.574000 0.270000 0.022000 0.023000
0 0.521000 0.495500 0.030000 0.028000
0 0.544000 0.719500 0.017000 0.019000
0 0.285500 0.514500 0.020000 0.032000
0 0.769500 0.371000 0.022000 0.017000
0 0.493750 0.754500 0.014500 0.012000
0 0.855500 0.400000 0.018000 0.018000
0 0.257500 0.704500 0.017000 0.019000
0 0.666000 0.375000 0.015000 0.015000
0 0.638000 0.684500 0.016000 0.015000
0 0.536000 0.186500 0.015000 0.013000
0 0.686500 0.181000 0.027000 0.022000
0 0.574000 0.592500 0.012000 0.014000
0 0.519000 0.746500 0.019000 0.024000
0 0.893500 0.581000 0.021000 0.023000
0 0.503500 0.454000 0.021000 0.024000
0 0.535000 0.487000 0.017000 0.017000
0 0.469500 0.583500 0.013000 0.014000
0 0.521500 0.370000 0.032000 0.030000
0 0.494500 0.173500 0.015000 0.013000
0 0.456500 0.511500 0.020000 0.026000
0 0.536000 0.496000 0.019000 0.016000
0 0.428500 0.748000 0.011000 0.010000
0 0.247000 0.371500 0.024000 0.024000
0 0.679000 0.320000 0.011000 0.013000
0 0.905000 0.600000 0.022000 0.018000
0 0.416000 0.308000 0.016000 0.023000
0 0.883000 0.602500 0.025000 0.018000
0 0.622500 0.438000 0.011000 0.009000
0 0.551000 0.797000 0.009000 0.010000
0 0.228000 0.259500 0.021000 0.018000
0 0.572500 0.802000 0.017000 0.018000
0 0.528500 0.807000 0.014000 0.012000
0 0.458500 0.503500 0.027000 0.025000
0 0.628000 0.494500 0.012000 0.011000
0 0.379500 0.630500 0.027000 0.027000
0 0.381000 0.473500 0.021000 0.025000
0 0.576000 0.756000 0.025000 0.017000
0 0.128500 0.320000 0.031000 0.030000
0 0.505500 0.461500 0.015000 0.014000
0 0.255500 0.213500 0.020000 0.011000
0 0.514500 0.753500 0.025000 0.029000
0 0.464500 0.819000 0.022000 0.022000
0 0.230000 0.542000 0.031000 0.029000
0 0.110500 0.409500 0.023000 0.029000
0 0.576500 0.671500 0.012000 0.019000
0 0.269500 0.520500 0.021000 0.031000
0 0.327500 0.521500 0.018000 0.022000
0 0.869000 0.468500 0.022000 0.022000
0 0.682500 0.568000 0.028000 0.029000
0 0.336250 0.643250 0.015500 0.015500
0 0.791500 0.780000 0.025000 0.020000
0 0.390500 0.681000 0.022000 0.024000
0 0.517500 0.551000 0.030000 0.023000
0 0.600000 0.141000 0.013000 0.014000
0 0.516250 0.308500 0.026500 0.018000
0 0.455500 0.623000 0.029000 0.030000
0 0.371000 0.850000 0.009000 0.009000
0 0.468500 0.479000 0.017000 0.017000
0 0.365500 0.335500 0.031000 0.021000
0 0.615500 0.527500 0.014000 0.019000
0 0.666500 0.687500 0.023000 0.021000
0 0.389500 0.827500 0.028000 0.026000
0 0.609500 0.581000 0.018000 0.017000
0 0.495500 0.524250 0.010000 0.014500
0 0.533000 0.501500 0.021000 0.022000
0 0.341500 0.594500 0.031000 0.026000
0 0.388000 0.498000 0.025000 0.028000
0 0.424500 0.776500 0.019000 0.023000
0 0.328000 0.272500 0.021000 0.026000
0 0.373500 0.604000 0.021000 0.018000
0 0.661000 0.309500 0.023000 0.022000
0 0.240500 0.572500 0.016000 0.019000
0 0.309500 0.304500 0.025000 0.028000
0 0.758000 0.792000 0.018000 0.013000
0 0.586500 0.504000 0.030000 0.031000
0 0.524500 0.435500 0.014000 0.015000
0 0.336500 0.833000 0.026000 0.028000
0 0.502000 0.508000 0.017000 0.020000
0 0.797000 0.233500 0.016000 0.021000
0 0.652500 0.438000 0.022000 0.021000
0 0.687500 0.395000 0.022000 0.024000
0 0.659500 0.548500 0.009000 0.010000
0 0.089000 0.416500 0.016000 0.016000
0 0.546500 0.198500 0.020000 0.018000
0 0.383500 0.788000 0.020000 0.021000
0 0.573000 0.499000 0.010000 0.011000
0 0.809000 0.553000 0.030000 0.027000
0 0.244000 0.476000 0.026000 0.021000
0 0.779500 0.780500 0.011000 0.016000
0 0.416000 0.172000 0.010000 0.009000
0 0.651500 0.151500 0.017000 0.017000
0 0.627000 0.335500 0.033000 0.025000
0 0.678000 0.240000 0.035000 0.027000
0 0.375500 0.250000 0.017000 0.024000
0 0.470000 0.368500 0.015000 0.022000
0 0.379000 0.568000 0.027000 0.028000
0 0.349500 0.469500 0.028000 0.028000
0 0.430000 0.517000 0.014000 0.010000
0 0.645000 0.602500 0.013000 0.012000
0 0.258500 0.157000 0.026000 0.024000
0 0.759250 0.471000 0.017500 0.013000
0 0.158000 0.457000 0.020000 0.015000
0 0.469000 0.447000 0.017000 0.009000
0 0.498500 0.763000 0.009000 0.015000
0 0.484000 0.648000 0.010000 0.011000
0 0.528000 0.453500 0.018000 0.020000
0 0.203000 0.685000 0.018000 0.016000
0 0.768500 0.431000 0.016000 0.023000
0 0.205000 0.341500 0.009000 0.011000
0 0.401000 0.680000 0.015000 0.017000
0 0.251500 0.559000 0.032000 0.022000
0 0.613500 0.805500 0.021000 0.014000
0 0.788000 0.488000 0.022000 0.021000
0 0.257500 0.370000 0.028000 0.027000
0 0.215000 0.714500 0.024000 0.023000
0 0.727500 0.198500 0.017000 0.019000
0 0.314000 0.330000 0.034000 0.033000
0 0.672500 0.545500 0.020000 0.030000
0 0.450000 0.464500 0.032000 0.026000
0 0.308000 0.636000 0.015000 0.009000
0 0.886000 0.455000 0.026000 0.021000
0 0.195000 0.433500 0.021000 0.019000
0 0.273000 0.613500 0.013000 0.016000
0 0.282000 0.587000 0.022000 0.021000
0 0.186000 0.420500 0.009000 0.010000
0 0.792000 0.274000 0.012000 0.014000
0 0.488000 0.214000 0.011000 0.009000
0 0.315500 0.435500 0.017000 0.018000
0 0.349500 0.338500 0.032000 0.031000
0 0.378500 0.258000 0.028000 0.031000
0 0.608000 0.644000 0.021000 0.022000
0 0.511000 0.484000 0.027000 0.027000
0 0.735500 0.466500 0.021000 0.023000
0 0.512500 0.688500 0.025000 0.023000
0 0.329500 0.627500 0.021000 0.018000
0 0.268000 0.460500 0.030000 0.026000
0 0.819000 0.297000 0.014000 0.012000
0 0.598000 0.515000 0.011000 0.012000
0 0.190500 0.643000 0.027000 0.028000
0 0.831250 0.292000 0.017500 0.015000
0 0.192000 0.315000 0.018000 0.019000
0 0.490000 0.657000 0.017000 0.016000
0 0.807500 0.409000 0.022000 0.026000
0 0.298500 0.624500 0.015000 0.015000
0 0.241750 0.547000 0.017500 0.012000
0 0.529000 0.736000 0.015000 0.014000
0 0.291500 0.427500 0.020000 0.020000
0 0.504500 0.565000 0.015000 0.015000
0 0.182500 0.496500 0.027000 0.030000
0 0.329500 0.872500 0.014000 0.015000
0 0.694000 0.548500 0.023000 0.021000
0 0.873000 0.512500 0.018000 0.019000
0 0.486500 0.446000 0.021000 0.022000
0 0.806500 0.734500 0.012000 0.012000
0 0.400000 0.351500 0.018000 0.017000
0 0.130000 0.587500 0.027000 0.030000
0 0.513000 0.434000 0.027000 0.025000
0 0.383000 0.601500 0.025000 0.028000
0 0.274500 0.550000 0.031000 0.024000
0 0.155000 0.364500 0.028000 0.023000
0 0.404000 0.777500 0.017000 0.018000
0 0.384000 0.489500 0.026000 0.031000
0 0.529500 0.360000 0.019000 0.028000
0 0.579500 0.484000 0.028000 0.028000
0 0.333000 0.743000 0.012000 0.016000
0 0.103000 0.362000 0.030000 0.027000
0 0.513000 0.462500 0.017000 0.015000
0 0.539000 0.424500 0.023000 0.024000
0 0.615000 0.300500 0.020000 0.022000
0 0.219000 0.195500 0.027000 0.021000
0 0.426500 0.417000 0.031000 0.029000
0 0.453000 0.263000 0.022000 0.023000
0 0.585000 0.234500 0.010000 0.011000
0 0.768000 0.467000 0.018000 0.015000
0 0.293000 0.533500 0.031000 0.022000
0 0.257000 0.498000 0.024000 0.028000
0 0.545500 0.500500 0.032000 0.027000
0 0.590500 0.636500 0.018000 0.019000
0 0.474500 0.782000 0.025000 0.026000
0 0.151000 0.629500 0.024000 0.024000
0 0.422500 0.448000 0.025000 0.020000
0 0.553500 0.367000 0.016000 0.016000
0 0.210000 0.674000 0.022000 0.027000
0 0.715500 0.566500 0.013000 0.013000
0 0.628000 0.542000 0.024000 0.025000
0 0.740000 0.307500 0.027000 0.027000
0 0.813000 0.777000 0.018000 0.014000
0 0.728000 0.526500 0.017000 0.016000
0 0.526500 0.350500 0.011000 0.010000
0 0.460500 0.598500 0.016000 0.016000
0 0.504000 0.155000 0.022000 0.023000
0 0.467000 0.093000 0.016000 0.015000
0 0.357000 0.564000 0.022000 0.019000
0 0.516500 0.506000 0.024000 0.021000
0 0.808000 0.492500 0.026000 0.023000
0 0.854500 0.617500 0.025000 0.025000
0 0.767500 0.746000 0.026000 0.025000
0 0.531500 0.552000 0.012000 0.013000
0 0.228500 0.651000 0.013000 0.013000
0 0.605000 0.525000 0.017000 0.016000
0 0.685000 0.277000 0.017000 0.016000
0 0.781000 0.337000 0.032000 0.032000
0 0.659500 0.368500 0.024000 0.026000
0 0.350000 0.859000 0.021000 0.020000
0 0.447500 0.679000 0.028000 0.025000
0 0.689000 0.490500 0.026000 0.023000
0 0.401000 0.378500 0.010000 0.010000
0 0.446000 0.521500 0.015000 0.012000
0 0.532500 0.757500 0.027000 0.026000
0 0.609500 0.238000 0.025000 0.030000
0 0.335000 0.144000 0.020000 0.027000
0 0.272500 0.442500 0.017000 0.018000
0 0.425500 0.391000 0.016000 0.018000
0 0.647000 0.108500 0.021000 0.020000
0 0.898000 0.570500 0.016000 0.017000
0 0.530500 0.647000 0.022000 0.029000
0 0.536000 0.514500 0.009000 0.009000
0 0.532000 0.445000 0.031000 0.024000
0 0.552500 0.664000 0.012000 0.015000
0 0.653500 0.127500 0.011000 0.011000
0 0.756000 0.654500 0.035000 0.026000
0 0.556000 0.090500 0.013000 0.012000
0 0.437000 0.568500 0.017000 0.018000
0 0.128500 0.555500 0.013000 0.009000
0 0.636000 0.630000 0.018000 0.019000
0 0.132500 0.639250 0.018000 0.026500
0 0.465000 0.342000 0.028000 0.021000
0 0.499500 0.451000 0.022000 0.018000
0 0.256500 0.281000 0.017000 0.018000
0 0.592000 0.318500 0.009000 0.012000
0 0.331000 0.337000 0.020000 0.018000
0 0.352500 0.277500 0.013000 0.015000
0 0.367500 0.444500 0.017000 0.014000
0 0.303500 0.520500 0.010000 0.015000
0 0.489500 0.853500 0.014000 0.015000
0 0.413500 0.424000 0.012000 0.013000
0 0.614000 0.333000 0.020000 0.020000
0 0.293000 0.474500 0.030000 0.031000
0 0.610000 0.852000 0.009000 0.009000
0 0.606500 0.624500 0.016000 0.021000
0 0.215000 0.785000 0.023000 0.024000
0 0.131500 0.355500 0.010000 0.011000
0 0.680000 0.844500 0.019000 0.017000
0 0.409000 0.590000 0.021000 0.014000
0 0.734000 0.470500 0.028000 0.029000
0 0.164500 0.689000 0.013000 0.013000
0 0.392000 0.533000 0.011000 0.011000
0 0.606000 0.865500 0.027000 0.026000
0 0.751500 0.802500 0.030000 0.029000
0 0.445000 0.432500 0.022000 0.025000
0 0.136000 0.319500 0.025000 0.022000
0 0.505500 0.471500 0.030000 0.030000
0 0.747500 0.656000 0.018000 0.017000
0 0.513500 0.341500 0.019000 0.019000
0 0.363000 0.534750 0.015000 0.020500
0 0.753500 0.820500 0.017000 0.027000
0 0.486000 0.483000 0.025000 0.032000
0 0.818000 0.511500 0.016000 0.012000
0 0.642000 0.253000 0.014000 0.015000
0 0.254500 0.577000 0.020000 0.014000
0 0.637500 0.761500 0.017000 0.018000
0 0.719500 0.384000 0.018000 0.012000
0 0.690500 0.387000 0.021000 0.028000
0 0.328500 0.161500 0.030000 0.028000
0 0.596500 0.599500 0.020000 0.022000
0 0.705500 0.360500 0.025000 0.024000
0 0.477500 0.468500 0.014000 0.019000
0 0.328000 0.613500 0.028000 0.021000