0 0.478000 0.473000 0.012000 0.011000
0 0.672000 0.825500 0.014000 0.014000
0 0.335000 0.761000 0.017000 0.018000
0 0.561500 0.827000 0.014000 0.011000
0 0.688000 0.402500 0.025000 0.022000
0 0.413500 0.390000 0.029000 0.025000
0 0.331000 0.138000 0.017000 0.018000
0 0.830000 0.698000 0.013000 0.013000
0 0.477500 0.512500 0.025000 0.023000
0 0.483500 0.570000 0.012000 0.010000
0 0.355000 0.593500 0.018000 0.016000
0 0.450000 0.456500 0.012000 0.011000
0 0.439500 0.482500 0.017000 0.013000
0 0.489000 0.553500 0.017000 0.020000
0 0.516750 0.894500 0.020500 0.017000
0 0.425000 0.781500 0.021000 0.026000
0 0.559500 0.549000 0.014000 0.014000
0 0.277500 0.221000 0.023000 0.021000
0 0.421500 0.443500 0.020000 0.019000
0 0.276000 0.466750 0.019000 0.023500
0 0.597000 0.549500 0.025000 0.020000
0 0.595000 0.558500 0.022000 0.027000
0 0.585500 0.198000 0.023000 0.021000
0 0.617500 0.720000 0.028000 0.027000
0 0.622000 0.483000 0.019000 0.016000
0 0.302250 0.799000 0.020500 0.014000
0 0.445500 0.462500 0.019000 0.015000
0 0.682000 0.466000 0.013000 0.017000
0 0.498500 0.516000 0.014000 0.016000
0 0.470500 0.473500 0.021000 0.029000
0 0.349250 0.480000 0.020500 0.020000
0 0.560000 0.680000 0.022000 0.020000
0 0.649500 0.111500 0.023000 0.026000
0 0.257500 0.694000 0.013000 0.014000
0 0.352000 0.198500 0.014000 0.018000
0 0.566000 0.443500 0.012000 0.013000
0 0.297500 0.530500 0.018000 0.017000
0 0.782000 0.788500 0.024000 0.021000
0 0.224500 0.594500 0.024000 0.031000
0 0.256000 0.289500 0.018000 0.017000
0 0.693000 0.624500 0.021000 0.021000
0 0.488000 0.518500 0.023000 0.023000
0 0.090500 0.406500 0.018000 0.017000
0 0.648500 0.233000 0.012000 0.013000
0 0.417000 0.487000 0.025000 0.026000
0 0.765000 0.719500 0.014000 0.012000
0 0.240500 0.524500 0.014000 0.019000
0 0.425500 0.475000 0.026000 0.018000
0 0.500000 0.495000 0.016000 0.016000
0 0.483500 0.445500 0.021000 0.027000
0 0.515500 0.519500 0.010000 0.011000
0 0.631500 0.492500 0.017000 0.014000
0 0.239000 0.805500 0.022000 0.022000
0 0.451500 0.562500 0.022000 0.026000
0 0.277000 0.602000 0.010000 0.009000
0 0.570500 0.528500 0.021000 0.023000
0 0.138000 0.657000 0.022000 0.026000
0 0.331750 0.791000 0.023500 0.018000
0 0.552000 0.582500 0.017000 0.019000
0 0.523000 0.892000 0.011000 0.016000
0 0.413500 0.627000 0.022000 0.018000
0 0.426000 0.377500 0.020000 0.016000
0 0.410500 0.564500 0.021000 0.029000
0 0.317500 0.574000 0.020000 0.017000
0 0.236500 0.298000 0.023000 0.023000
0 0.274500 0.774500 0.012000 0.013000
0 0.173500 0.412500 0.022000 0.026000
0 0.568000 0.391000 0.010000 0.012000
0 0.495500 0.468500 0.020000 0.021000
0 0.194500 0.549500 0.022000 0.023000
0 0.539500 0.433000 0.026000 0.021000
0 0.505500 0.512500 0.020000 0.027000
0 0.476000 0.572000 0.019000 0.013000
0 0.465000 0.430000 0.024000 0.013000
0 0.215500 0.658500 0.013000 0.014000
0 0.297000 0.605500 0.026000 0.031000
0 0.379000 0.643500 0.019000 0.013000
0 0.464000 0.421000 0.014000 0.015000
0 0.378000 0.405000 0.021000 0.025000
0 0.331000 0.360500 0.013000 0.016000
0 0.603000 0.245000 0.026000 0.026000
0 0.846500 0.364000 0.020000 0.027000
0 0.139000 0.372000 0.029000 0.032000
0 0.455500 0.320500 0.013000 0.015000
0 0.547000 0.532000 0.014000 0.014000
0 0.834000 0.470500 0.017000 0.016000
0 0.540000 0.553000 0.014000 0.013000
0 0.597000 0.580500 0.015000 0.016000
0 0.612500 0.614000 0.013000 0.013000
0 0.488500 0.476000 0.015000 0.011000
0 0.438500 0.394500 0.017000 0.016000
0 0.485750 0.489000 0.017500 0.012000
0 0.508500 0.455500 0.011000 0.013000
0 0.389000 0.448500 0.023000 0.017000
0 0.499000 0.761000 0.030000 0.026000
0 0.424500 0.338000 0.025000 0.018000
0 0.251000 0.384500 0.032000 0.032000
0 0.632500 0.806500 0.022000 0.023000
0 0.693000 0.528000 0.023000 0.023000
0 0.422500 0.145500 0.015000 0.016000
0 0.809000 0.727500 0.012000 0.012000
0 0.519500 0.299000 0.017000 0.017000
0 0.357000 0.541000 0.028000 0.028000
0 0.614000 0.637000 0.014000 0.011000
0 0.454000 0.209000 0.018000 0.014000
0 0.411000 0.531500 0.013000 0.011000
0 0.536500 0.542500 0.024000 0.021000
0 0.553000 0.484000 0.012000 0.012000
0 0.266500 0.310000 0.015000 0.023000
0 0.694500 0.482500 0.016000 0.016000
0 0.317500 0.530500 0.008000 0.010000
0 0.403000 0.301500 0.017000 0.026000
0 0.492000 0.512000 0.028000 0.032000
0 0.334000 0.813000 0.019000 0.017000
0 0.577000 0.800000 0.010000 0.013000
0 0.695500 0.239500 0.021000 0.024000
0 0.361500 0.717000 0.028000 0.025000
0 0.279500 0.398000 0.025000 0.019000
0 0.168000 0.262750 0.014000 0.020500
0 0.795000 0.700500 0.009000 0.009000
0 0.502500 0.424000 0.012000 0.014000
0 0.306500 0.852500 0.024000 0.024000
0 0.850500 0.340500 0.015000 0.014000
0 0.908000 0.405500 0.028000 0.027000
0 0.364500 0.231500 0.014000 0.014000
0 0.476000 0.299000 0.016000 0.013000
0 0.766500 0.451500 0.011000 0.008000
0 0.170000 0.419500 0.026000 0.028000
0 0.737500 0.661000 0.020000 0.019000
0 0.895000 0.480500 0.021000 0.020000
0 0.727000 0.808500 0.028000 0.026000
0 0.522000 0.789500 0.014000 0.015000
0 0.520500 0.435500 0.022000 0.020000
0 0.542000 0.453000 0.016000 0.014000
0 0.549500 0.191000 0.025000 0.017000
0 0.528000 0.398500 0.019000 0.022000
0 0.610500 0.276000 0.026000 0.029000
0 0.501500 0.490500 0.013000 0.019000
0 0.785000 0.337500 0.015000 0.015000
0 0.498500 0.506000 0.025000 0.022000
0 0.294500 0.620500 0.018000 0.016000
0 0.328000 0.560000 0.014000 0.015000
0 0.436500 0.442500 0.023000 0.018000
0 0.323500 0.557000 0.018000 0.014000
0 0.548500 0.313500 0.026000 0.021000
0 0.437500 0.533000 0.014000 0.019000
0 0.532500 0.375500 0.017000 0.018000
0 0.234000 0.345500 0.020000 0.019000
0 0.591000 0.521000 0.021000 0.020000
0 0.453000 0.672500 0.016000 0.019000
0 0.355500 0.413500 0.016000 0.019000
0 0.324500 0.552500 0.018000 0.018000
0 0.571500 0.309000 0.022000 0.028000
0 0.331000 0.412500 0.020000 0.020000
0 0.896000 0.545500 0.011000 0.012000
0 0.451000 0.615000 0.024000 0.020000
0 0.641500 0.854500 0.032000 0.031000
0 0.527000 0.569500 0.019000 0.018000
0 0.405000 0.447000 0.029000 0.023000
0 0.288000 0.823500 0.020000 0.029000
0 0.657000 0.173000 0.022000 0.023000
0 0.572000 0.571500 0.016000 0.015000
0 0.138500 0.557500 0.017000 0.025000
0 0.244500 0.716500 0.020000 0.017000
0 0.421000 0.480500 0.012000 0.012000
0 0.477500 0.517000 0.015000 0.024000
0 0.351500 0.597500 0.024000 0.023000
0 0.394500 0.275000 0.033000 0.035000
0 0.560000 0.276500 0.010000 0.010000
0 0.371500 0.361500 0.012000 0.016000
0 0.527500 0.531000 0.027000 0.028000
0 0.708500 0.582500 0.012000 0.011000
0 0.826500 0.720500 0.022000 0.024000
0 0.616500 0.806500 0.020000 0.022000
0 0.347500 0.123000 0.024000 0.025000
0 0.154500 0.414000 0.013000 0.013000
0 0.492000 0.451000 0.018000 0.018000
0 0.752500 0.350500 0.020000 0.028000
0 0.352500 0.443000 0.019000 0.018000
0 0.601000 0.796000 0.011000 0.011000
0 0.513500 0.381000 0.030000 0.028000
0 0.471000 0.506500 0.013000 0.016000
0 0.661500 0.429500 0.016000 0.017000
0 0.221500 0.648500 0.019000 0.021000
0 0.897500 0.528000 0.023000 0.024000
0 0.546000 0.443000 0.009000 0.010000
0 0.557500 0.755500 0.011000 0.014000
0 0.608500 0.363000 0.017000 0.019000
0 0.202000 0.784500 0.012000 0.012000
0 0.536500 0.538000 0.013000 0.011000
0 0.562500 0.478000 0.019000 0.018000
0 0.671000 0.338500 0.012000 0.016000
0 0.402000 0.267500 0.022000 0.021000
0 0.336000 0.752500 0.025000 0.028000
0 0.484500 0.531000 0.015000 0.014000
0 0.642500 0.480750 0.014000 0.017500
0 0.545000 0.609500 0.019000 0.028000
0 0.692500 0.806000 0.013000 0.012000
0 0.469000 0.582000 0.019000 0.019000
0 0.462500 0.213000 0.010000 0.013000
0 0.532500 0.507500 0.027000 0.026000
0 0.737500 0.510000 0.017000 0.015000
0 0.607000 0.784000 0.026000 0.033000
0 0.624000 0.493500 0.019000 0.022000
0 0.411500 0.320000 0.023000 0.022000
0 0.238500 0.822500 0.032000 0.025000
0 0.186500 0.552500 0.019000 0.023000
0 0.494000 0.507500 0.017000 0.015000
0 0.845500 0.587500 0.019000 0.022000
0 0.430500 0.677000 0.035000 0.028000
0 0.434500 0.514000 0.011000 0.012000
0 0.334000 0.571000 0.027000 0.027000
0 0.751000 0.833000 0.014000 0.009000
0 0.309500 0.661500 0.019000 0.020000
0 0.419000 0.610500 0.023000 0.021000
0 0.647500 0.160500 0.026000 0.027000
0 0.392000 0.172000 0.026000 0.032000
0 0.281500 0.383500 0.014000 0.015000
0 0.448500 0.480000 0.011000 0.015000
0 0.193000 0.371500 0.019000 0.013000
0 0.224000 0.615000 0.023000 0.034000
0 0.291000 0.479500 0.021000 0.020000
0 0.441500 0.572500 0.023000 0.023000
0 0.738500 0.589000 0.010000 0.014000
0 0.476000 0.742000 0.024000 0.024000
0 0.586500 0.281500 0.012000 0.012000
0 0.549000 0.298000 0.024000 0.028000
0 0.322000 0.788500 0.027000 0.026000
0 0.221500 0.566000 0.019000 0.019000
0 0.541500 0.366000 0.021000 0.030000
0 0.370500 0.433000 0.033000 0.027000
0 0.446500 0.638000 0.021000 0.024000
0 0.486000 0.719500 0.026000 0.027000
0 0.574500 0.741500 0.017000 0.012000
0 0.113500 0.600500 0.024000 0.023000
0 0.132000 0.349000 0.019000 0.015000
0 0.440500 0.713250 0.014000 0.020500
0 0.369000 0.719000 0.016000 0.016000
0 0.492500 0.459000 0.025000 0.028000
0 0.615500 0.371000 0.020000 0.020000
0 0.509000 0.848000 0.036000 0.036000
0 0.802500 0.594500 0.014000 0.012000
0 0.358500 0.843500 0.018000 0.015000
0 0.459500 0.527000 0.015000 0.015000
0 0.581500 0.389500 0.015000 0.014000
0 0.516500 0.263000 0.019000 0.020000
0 0.225500 0.658500 0.017000 0.010000
0 0.670500 0.720500 0.013000 0.011000
0 0.375500 0.528000 0.013000 0.012000
0 0.272500 0.614500 0.019000 0.021000
0 0.455000 0.498500 0.011000 0.010000
0 0.824000 0.708500 0.026000 0.032000
0 0.334500 0.415500 0.019000 0.019000
0 0.487000 0.390000 0.023000 0.023000
0 0.515500 0.233500 0.018000 0.015000
0 0.162000 0.574500 0.019000 0.022000
0 0.512000 0.533500 0.022000 0.019000
0 0.426500 0.409500 0.016000 0.013000
0 0.180000 0.564000 0.012000 0.011000
0 0.436500 0.897000 0.016000 0.018000
0 0.783500 0.685500 0.021000 0.022000
0 0.483000 0.509500 0.009000 0.012000
0 0.477000 0.495000 0.024000 0.024000
0 0.530000 0.579000 0.015000 0.016000
0 0.336500 0.623500 0.016000 0.016000
0 0.576500 0.900500 0.029000 0.026000
0 0.602000 0.431500 0.022000 0.023000
0 0.894500 0.538000 0.026000 0.022000
0 0.617500 0.852500 0.025000 0.023000
0 0.646500 0.709500 0.029000 0.023000
0 0.223000 0.556000 0.022000 0.018000
0 0.800000 0.569000 0.031000 0.025000
0 0.733500 0.295000 0.030000 0.030000
0 0.199500 0.286500 0.013000 0.014000
0 0.535500 0.384250 0.022000 0.029500
0 0.679000 0.248000 0.022000 0.019000
0 0.696500 0.212000 0.011000 0.012000
0 0.570000 0.153500 0.021000 0.022000
0 0.572000 0.650500 0.026000 0.024000
0 0.617000 0.219500 0.024000 0.025000
0 0.216500 0.251500 0.012000 0.012000
0 0.492000 0.281500 0.013000 0.012000
0 0.242000 0.424000 0.016000 0.015000
0 0.494500 0.540000 0.017000 0.013000
0 0.511500 0.465500 0.020000 0.012000
0 0.572000 0.610500 0.018000 0.023000
0 0.388500 0.513500 0.024000 0.022000
0 0.177000 0.328000 0.021000 0.021000
0 0.345500 0.286500 0.021000 0.020000
0 0.475500 0.140500 0.015000 0.015000
0 0.590500 0.455000 0.015000 0.011000
0 0.287000 0.399500 0.013000 0.019000
0 0.478500 0.556500 0.013000 0.012000
0 0.396000 0.545250 0.016000 0.023500
0 0.841500 0.466500 0.020000 0.022000
0 0.374500 0.574500 0.017000 0.019000
0 0.598000 0.468000 0.023000 0.026000
0 0.809000 0.569500 0.020000 0.020000
0 0.391750 0.386000 0.029500 0.020000
0 0.638000 0.364500 0.010000 0.015000
0 0.883500 0.556000 0.018000 0.018000
0 0.451000 0.387000 0.015000 0.022000
0 0.462000 0.837500 0.031000 0.025000
0 0.332500 0.238500 0.023000 0.031000
0 0.857000 0.618500 0.010000 0.010000
0 0.354000 0.430000 0.028000 0.028000
0 0.420000 0.371500 0.023000 0.023000
0 0.234000 0.441500 0.014000 0.014000
0 0.512000 0.275000 0.015000 0.013000
0 0.203500 0.269000 0.018000 0.025000
0 0.439500 0.311000 0.018000 0.022000
0 0.512000 0.287000 0.015000 0.019000
0 0.790500 0.516000 0.019000 0.021000
0 0.514000 0.442500 0.028000 0.024000
0 0.815500 0.284500 0.025000 0.031000
0 0.559500 0.161500 0.014000 0.016000
0 0.207500 0.329500 0.017000 0.022000
0 0.608000 0.522000 0.015000 0.011000
0 0.605000 0.411500 0.019000 0.025000
0 0.560000 0.497000 0.018000 0.020000
0 0.498500 0.397000 0.026000 0.025000
0 0.746000 0.536000 0.015000 0.014000
0 0.610000 0.619000 0.021000 0.019000
0 0.325500 0.881500 0.017000 0.013000
0 0.774500 0.717750 0.018000 0.023500
0 0.738500 0.523000 0.021000 0.022000
0 0.377500 0.117500 0.016000 0.015000
0 0.674500 0.856500 0.018000 0.021000
0 0.573500 0.485500 0.027000 0.019000
0 0.174000 0.496500 0.018000 0.013000
0 0.589500 0.581500 0.026000 0.027000
0 0.552500 0.168000 0.023000 0.018000
0 0.456000 0.542500 0.027000 0.016000
0 0.641500 0.692500 0.016000 0.024000
0 0.296500 0.386500 0.021000 0.024000
0 0.183500 0.479500 0.012000 0.013000
0 0.507500 0.602000 0.026000 0.026000
0 0.606000 0.329000 0.027000 0.020000
0 0.405000 0.765500 0.020000 0.018000
0 0.225500 0.442000 0.019000 0.022000
0 0.675500 0.204000 0.032000 0.032000
0 0.831000 0.325000 0.015000 0.012000
0 0.556000 0.908500 0.022000 0.020000
0 0.598500 0.482000 0.028000 0.027000
0 0.321500 0.673500 0.010000 0.011000
0 0.610500 0.418000 0.031000 0.027000
0 0.511000 0.512500 0.022000 0.022000
0 0.340500 0.514000 0.011000 0.011000
0 0.221000 0.696000 0.019000 0.015000
0 0.487000 0.602000 0.011000 0.012000
0 0.415500 0.423500 0.011000 0.012000
0 0.362000 0.240000 0.022000 0.026000
0 0.581000 0.832500 0.009000 0.014000
0 0.279000 0.709500 0.023000 0.022000
0 0.428500 0.532000 0.018000 0.021000
0 0.545000 0.359000 0.032000 0.024000
0 0.398000 0.418000 0.030000 0.032000
0 0.408000 0.755500 0.016000 0.015000
0 0.603500 0.170000 0.014000 0.014000
0 0.435500 0.553500 0.029000 0.033000
0 0.367500 0.438500 0.014000 0.020000
0 0.223000 0.558500 0.021000 0.029000
0 0.196500 0.442500 0.020000 0.028000
0 0.506000 0.582500 0.017000 0.022000
0 0.409000 0.770500 0.015000 0.014000
0 0.266000 0.445500 0.031000 0.028000
0 0.370500 0.624500 0.010000 0.009000
0 0.186500 0.734000 0.027000 0.021000
0 0.388000 0.518500 0.014000 0.014000
0 0.716500 0.376500 0.014000 0.016000
0 0.377000 0.457500 0.019000 0.022000
0 0.555000 0.634000 0.019000 0.025000
0 0.772500 0.617000 0.034000 0.031000
0 0.421000 0.463500 0.027000 0.026000
0 0.794000 0.591000 0.029000 0.026000
0 0.533500 0.917000 0.027000 0.029000
0 0.171500 0.540500 0.016000 0.014000
0 0.613500 0.249500 0.019000 0.019000
0 0.726500 0.775000 0.012000 0.013000
0 0.226500 0.309500 0.023000 0.019000
0 0.664000 0.179000 0.020000 0.018000
0 0.617500 0.506500 0.018000 0.013000
0 0.589500 0.319000 0.022000 0.026000
0 0.442500 0.359000 0.022000 0.028000
0 0.443500 0.414000 0.010000 0.011000
0 0.497000 0.797000 0.029000 0.030000
0 0.117000 0.511000 0.020000 0.019000
0 0.686500 0.452500 0.012000 0.014000
0 0.173000 0.672000 0.017000 0.014000
0 0.530000 0.239000 0.021000 0.022000
0 0.472500 0.600000 0.018000 0.017000
0 0.382500 0.735500 0.022000 0.018000
0 0.597500 0.382500 0.016000 0.020000
0 0.630500 0.528500 0.015000 0.012000
0 0.474000 0.419000 0.025000 0.029000
0 0.546000 0.521000 0.018000 0.015000
0 0.403000 0.907000 0.026000 0.034000
0 0.479000 0.332500 0.027000 0.025000
0 0.457500 0.504500 0.012000 0.013000
0 0.557500 0.088500 0.030000 0.027000
0 0.454500 0.435500 0.026000 0.030000
0 0.445000 0.439500 0.028000 0.027000
0 0.653000 0.589000 0.021000 0.020000
0 0.628500 0.674000 0.010000 0.013000
0 0.288500 0.785500 0.023000 0.024000
0 0.572000 0.812000 0.021000 0.016000
0 0.639500 0.120500 0.024000 0.021000
0 0.243000 0.563500 0.029000 0.024000
0 0.539500 0.531500 0.023000 0.017000
0 0.253750 0.213500 0.017500 0.015000
0 0.705500 0.418500 0.026000 0.025000
0 0.756000 0.355500 0.012000 0.011000
0 0.262000 0.524000 0.016000 0.013000
0 0.736000 0.812500 0.015000 0.014000
0 0.619000 0.451000 0.028000 0.024000
0 0.385000 0.530500 0.019000 0.018000
0 0.636500 0.568500 0.011000 0.010000
0 0.540500 0.393000 0.017000 0.014000
0 0.229500 0.744500 0.030000 0.024000
0 0.335000 0.443500 0.020000 0.021000
0 0.479500 0.437500 0.017000 0.016000
0 0.416250 0.500000 0.014500 0.011000
0 0.683500 0.410500 0.013000 0.013000
0 0.687000 0.136000 0.023000 0.026000
0 0.349500 0.490500 0.011000 0.009000
0 0.498000 0.488000 0.024000 0.023000
0 0.840000 0.390500 0.026000 0.024000
0 0.661000 0.792000 0.022000 0.021000
0 0.509000 0.393000 0.026000 0.025000
0 0.540500 0.290500 0.033000 0.031000
0 0.504500 0.365500 0.018000 0.019000
0 0.591000 0.603500 0.015000 0.011000
0 0.260000 0.515500 0.014000 0.020000
0 0.744000 0.476500 0.013000 0.010000
0 0.603500 0.192000 0.023000 0.022000
0 0.526000 0.506000 0.013000 0.019000
0 0.734000 0.475000 0.010000 0.009000
0 0.449500 0.496000 0.019000 0.020000
0 0.266250 0.403000 0.017500 0.013000
0 0.370500 0.796000 0.025000 0.025000
0 0.579500 0.690500 0.024000 0.022000
0 0.299500 0.202000 0.011000 0.010000
0 0.192000 0.309000 0.013000 0.017000
0 0.338000 0.530000 0.017000 0.016000
0 0.618000 0.524000 0.023000 0.024000
0 0.700500 0.315500 0.020000 0.017000
0 0.613500 0.557000 0.016000 0.012000
0 0.436000 0.432000 0.011000 0.015000
0 0.870500 0.604500 0.023000 0.019000
0 0.471000 0.821000 0.033000 0.026000
0 0.244000 0.389000 0.020000 0.019000
0 0.173500 0.609500 0.027000 0.029000
0 0.505000 0.470000 0.029000 0.022000
0 0.493000 0.857500 0.026000 0.032000
0 0.405500 0.459500 0.018000 0.021000
0 0.460000 0.197000 0.029000 0.030000
0 0.484500 0.359000 0.022000 0.022000
0 0.213000 0.501000 0.013000 0.012000
0 0.408000 0.478500 0.028000 0.028000
0 0.134500 0.460500 0.014000 0.017000
0 0.555000 0.573000 0.024000 0.021000
0 0.610000 0.794500 0.020000 0.019000
0 0.672500 0.769500 0.024000 0.023000
0 0.446000 0.656500 0.016000 0.017000
0 0.400500 0.853000 0.018000 0.027000
0 0.340500 0.186500 0.015000 0.012000
0 0.255500 0.246000 0.015000 0.015000
0 0.439500 0.507500 0.031000 0.025000
0 0.460500 0.125500 0.020000 0.022000
0 0.156500 0.543000 0.033000 0.031000
0 0.422500 0.495500 0.024000 0.023000
0 0.601250 0.616500 0.017500 0.012000
0 0.545500 0.603500 0.024000 0.019000
0 0.491500 0.418500 0.012000 0.016000
0 0.593000 0.789500 0.019000 0.018000
0 0.272500 0.517500 0.012000 0.013000
0 0.625000 0.518500 0.009000 0.009000
0 0.665000 0.591500 0.024000 0.025000
0 0.403750 0.514000 0.014500 0.010000
0 0.463000 0.696500 0.018000 0.011000
0 0.582000 0.823000 0.028000 0.017000
0 0.470000 0.345750 0.019000 0.026500
0 0.570500 0.266500 0.015000 0.015000
0 0.834000 0.461500 0.025000 0.023000
0 0.662500 0.580500 0.018000 0.020000
0 0.406500 0.436000 0.013000 0.013000
0 0.356500 0.177000 0.016000 0.011000
0 0.659000 0.132500 0.014000 0.015000
0 0.596500 0.110000 0.023000 0.033000
0 0.381000 0.305000 0.022000 0.024000
0 0.261000 0.181500 0.023000 0.026000
0 0.343000 0.363750 0.010000 0.014500
0 0.330000 0.450500 0.021000 0.022000
0 0.341500 0.652500 0.020000 0.029000
0 0.142500 0.403500 0.019000 0.028000
0 0.375500 0.271500 0.023000 0.027000
0 0.387000 0.564000 0.020000 0.016000
0 0.845000 0.541500 0.018000 0.017000
0 0.595000 0.853500 0.020000 0.019000
0 0.721500 0.363500 0.018000 0.016000
0 0.753500 0.738000 0.029000 0.024000
0 0.746000 0.647500 0.018000 0.018000
0 0.374000 0.505500 0.017000 0.018000
0 0.539500 0.274000 0.013000 0.018000
0 0.434000 0.373500 0.015000 0.015000
0 0.494500 0.503500 0.021000 0.022000
0 0.296000 0.679500 0.017000 0.021000
0 0.265500 0.266000 0.022000 0.024000
0 0.159500 0.657000 0.020000 0.018000
0 0.371750 0.632500 0.017500 0.014000
0 0.876000 0.524000 0.013000 0.019000
0 0.711500 0.276000 0.013000 0.017000
0 0.310500 0.381500 0.021000 0.020000
0 0.304000 0.495500 0.014000 0.020000
0 0.766500 0.705000 0.021000 0.019000
0 0.883000 0.347500 0.018000 0.018000
0 0.503000 0.502000 0.012000 0.010000
0 0.533500 0.669500 0.011000 0.013000
0 0.500500 0.156500 0.012000 0.019000
0 0.461500 0.586000 0.012000 0.015000
0 0.721500 0.613000 0.028000 0.024000
0 0.516500 0.773000 0.031000 0.025000
0 0.477000 0.486500 0.012000 0.015000
0 0.501000 0.789500 0.032000 0.023000
0 0.911500 0.492500 0.016000 0.019000
0 0.386000 0.294500 0.035000 0.032000
0 0.444000 0.485500 0.022000 0.019000
0 0.646000 0.385500 0.017000 0.017000
0 0.401500 0.311000 0.024000 0.018000
0 0.524500 0.470500 0.010000 0.010000
0 0.448500 0.257500 0.013000 0.013000
0 0.151500 0.396000 0.016000 0.017000
0 0.489500 0.499000 0.020000 0.020000
0 0.385000 0.785000 0.022000 0.021000
0 0.529000 0.663000 0.019000 0.022000
0 0.681500 0.210000 0.013000 0.013000
0 0.596500 0.296500 0.015000 0.014000
0 0.326000 0.131500 0.020000 0.017000
0 0.446500 0.432000 0.022000 0.027000
0 0.580000 0.619000 0.016000 0.026000
0 0.688500 0.431000 0.018000 0.014000
0 0.490500 0.618750 0.008000 0.011500
0 0.513500 0.414000 0.030000 0.028000
0 0.563500 0.098000 0.019000 0.020000
0 0.136000 0.357000 0.009000 0.010000
0 0.125500 0.608000 0.029000 0.029000
0 0.499500 0.500000 0.020000 0.023000
0 0.712000 0.248500 0.033000 0.026000
0 0.271000 0.362500 0.018000 0.018000
0 0.625000 0.458750 0.019000 0.023500
0 0.624000 0.748500 0.022000 0.018000
0 0.542000 0.548500 0.023000 0.020000
0 0.388000 0.245500 0.017000 0.021000
0 0.247500 0.259500 0.020000 0.022000
0 0.543000 0.907500 0.016000 0.023000
0 0.526000 0.485000 0.012000 0.013000
0 0.545500 0.505000 0.015000 0.011000
0 0.501000 0.667500 0.026000 0.017000
0 0.806500 0.336000 0.025000 0.025000
0 0.250000 0.402500 0.033000 0.023000
0 0.409000 0.710500 0.014000 0.011000
0 0.220000 0.740000 0.021000 0.021000
0 0.820500 0.456500 0.017000 0.017000
0 0.674000 0.618000 0.015000 0.014000
0 0.570500 0.702500 0.019000 0.019000
0 0.572500 0.436500 0.015000 0.016000
0 0.541500 0.256000 0.023000 0.020000
0 0.355000 0.854500 0.016000 0.016000
0 0.520500 0.673000 0.019000 0.028000
0 0.670500 0.547000 0.012000 0.011000
0 0.176000 0.663750 0.019000 0.020500
0 0.344500 0.329500 0.028000 0.030000
0 0.784500 0.544500 0.020000 0.018000
0 0.497000 0.497500 0.015000 0.023000
0 0.464000 0.302000 0.022000 0.025000
0 0.815000 0.418000 0.030000 0.029000
0 0.586000 0.601500 0.013000 0.012000
0 0.249500 0.282500 0.033000 0.028000
0 0.429500 0.588500 0.022000 0.019000
0 0.654500 0.720000 0.029000 0.034000
0 0.343500 0.453500 0.021000 0.023000
0 0.629000 0.475000 0.028000 0.031000
0 0.368500 0.138500 0.012000 0.012000
0 0.830000 0.542500 0.022000 0.023000
0 0.507500 0.888000 0.028000 0.028000
0 0.198000 0.509000 0.014000 0.012000
0 0.695000 0.697500 0.021000 0.021000
0 0.360000 0.495500 0.027000 0.027000
0 0.349500 0.628000 0.018000 0.013000
0 0.458500 0.401000 0.020000 0.020000
0 0.413500 0.347500 0.011000 0.012000
0 0.168000 0.349000 0.026000 0.025000
0 0.325500 0.464000 0.020000 0.016000
0 0.526000 0.808500 0.012000 0.011000
0 0.732500 0.818500 0.009000 0.010000
0 0.604500 0.874500 0.014000 0.018000
0 0.545250 0.404000 0.029500 0.021000
0 0.563500 0.572000 0.020000 0.021000
0 0.687500 0.835000 0.026000 0.030000
0 0.372500 0.834500 0.012000 0.012000
0 0.301000 0.141500 0.017000 0.015000
0 0.355000 0.553500 0.030000 0.025000
0 0.426500 0.509250 0.016000 0.023500
0 0.360500 0.481000 0.015000 0.017000
0 0.375500 0.755000 0.014000 0.012000
0 0.509500 0.488500 0.028000 0.023000
0 0.286000 0.416000 0.020000 0.027000
0 0.532000 0.821000 0.018000 0.017000
0 0.550500 0.365000 0.022000 0.019000
0 0.323000 0.518250 0.017000 0.020500
0 0.722000 0.301500 0.019000 0.020000
0 0.558500 0.515500 0.022000 0.021000
0 0.165500 0.465000 0.019000 0.028000
0 0.297500 0.159000 0.023000 0.025000
0 0.726500 0.209500 0.019000 0.020000
0 0.481000 0.486000 0.026000 0.025000
0 0.757000 0.241000 0.015000 0.013000
0 0.354500 0.797000 0.021000 0.020000
0 0.231000 0.388000 0.017000 0.015000
0 0.507500 0.835500 0.013000 0.018000
0 0.795500 0.736000 0.027000 0.027000
0 0.561000 0.489500 0.013000 0.013000
0 0.457000 0.556500 0.020000 0.025000
0 0.542500 0.468500 0.015000 0.016000
0 0.747000 0.528500 0.027000 0.026000
0 0.797000 0.753000 0.018000 0.019000
0 0.509000 0.497000 0.022000 0.022000
0 0.502000 0.449500 0.019000 0.015000
0 0.563500 0.849500 0.020000 0.017000
0 0.606500 0.499000 0.017000 0.014000
0 0.294000 0.457500 0.028000 0.021000
0 0.340500 0.401000 0.017000 0.015000
0 0.881000 0.597000 0.023000 0.020000
0 0.755500 0.185500 0.009000 0.013000
0 0.554500 0.502500 0.012000 0.011000
0 0.533500 0.334000 0.015000 0.015000
0 0.858000 0.584000 0.033000 0.033000
0 0.346500 0.665000 0.016000 0.017000
0 0.509500 0.354000 0.031000 0.032000
0 0.113000 0.404500 0.017000 0.017000
0 0.151000 0.643500 0.017000 0.017000
0 0.547000 0.674500 0.023000 0.028000
0 0.468500 0.444500 0.026000 0.026000
0 0.459500 0.652000 0.030000 0.030000
0 0.852000 0.557000 0.017000 0.015000
0 0.826500 0.275500 0.015000 0.013000
0 0.366000 0.535500 0.021000 0.022000
0 0.595500 0.673500 0.016000 0.016000
0 0.786500 0.224500 0.014000 0.015000
0 0.480000 0.504500 0.019000 0.016000
0 0.668500 0.321000 0.030000 0.027000
0 0.493000 0.568000 0.019000 0.014000
0 0.395500 0.116000 0.021000 0.023000
0 0.401000 0.176000 0.014000 0.013000
0 0.336000 0.680000 0.022000 0.022000
0 0.463500 0.562000 0.020000 0.020000
0 0.632750 0.181000 0.020500 0.015000
0 0.504500 0.652000 0.016000 0.017000
0 0.868000 0.395500 0.013000 0.015000
0 0.147000 0.543500 0.018000 0.021000
0 0.537500 0.711500 0.020000 0.015000
0 0.306000 0.562000 0.020000 0.020000
0 0.756500 0.683000 0.023000 0.019000
0 0.639500 0.437000 0.012000 0.015000
0 0.579000 0.333000 0.016000 0.017000
0 0.252000 0.423500 0.028000 0.030000
0 0.334000 0.473000 0.013000 0.013000
0 0.288500 0.639000 0.014000 0.011000
0 0.895000 0.386000 0.011000 0.013000
0 0.590000 0.155000 0.022000 0.026000
0 0.488000 0.695500 0.014000 0.016000
0 0.436500 0.330000 0.022000 0.023000