0 0.374500 0.563000 0.024000 0.017000
0 0.346000 0.712000 0.028000 0.030000
0 0.468000 0.532000 0.017000 0.019000
0 0.788000 0.207000 0.010000 0.012000
0 0.462500 0.834000 0.021000 0.030000
0 0.637500 0.587000 0.021000 0.015000
0 0.178500 0.299000 0.018000 0.014000
0 0.125500 0.367000 0.020000 0.026000
0 0.512000 0.818000 0.022000 0.018000
0 0.488500 0.453500 0.024000 0.024000
0 0.512000 0.425000 0.016000 0.013000
0 0.771000 0.332500 0.013000 0.016000
0 0.421500 0.370500 0.015000 0.020000
0 0.517000 0.506000 0.020000 0.026000
0 0.705000 0.479000 0.013000 0.012000
0 0.543000 0.593000 0.020000 0.019000
0 0.369500 0.563500 0.016000 0.019000
0 0.281000 0.370500 0.035000 0.025000
0 0.653500 0.465500 0.015000 0.013000
0 0.274500 0.638500 0.024000 0.024000
0 0.855000 0.541000 0.020000 0.027000
0 0.160500 0.278000 0.015000 0.016000
0 0.484000 0.423000 0.025000 0.026000
0 0.397500 0.751000 0.009000 0.013000
0 0.736000 0.652000 0.015000 0.010000
0 0.565000 0.321000 0.016000 0.017000
0 0.800000 0.338500 0.033000 0.033000
0 0.441500 0.134500 0.025000 0.033000
0 0.479500 0.661500 0.024000 0.024000
0 0.490000 0.488750 0.015000 0.017500
0 0.222000 0.334500 0.021000 0.019000
0 0.513500 0.845000 0.013000 0.014000
0 0.140500 0.461500 0.011000 0.017000
0 0.788500 0.475000 0.027000 0.023000
0 0.292000 0.512500 0.027000 0.023000
0 0.450500 0.478500 0.021000 0.021000
0 0.842500 0.713000 0.024000 0.032000
0 0.704000 0.636500 0.024000 0.024000
0 0.482500 0.446500 0.019000 0.015000
0 0.577500 0.829500 0.015000 0.015000
0 0.530500 0.314500 0.018000 0.016000
0 0.715000 0.257500 0.017000 0.015000
0 0.518000 0.467000 0.013000 0.019000
0 0.668000 0.504500 0.017000 0.014000
0 0.388500 0.891500 0.025000 0.020000
0 0.257000 0.676000 0.016000 0.018000
0 0.402000 0.505000 0.021000 0.025000
0 0.471500 0.312000 0.018000 0.022000
0 0.274000 0.303000 0.011000 0.011000
0 0.475000 0.477500 0.019000 0.013000
0 0.459000 0.637000 0.019000 0.018000
0 0.689500 0.467000 0.015000 0.020000
0 0.574000 0.289500 0.010000 0.015000
0 0.565000 0.510000 0.019000 0.018000
0 0.634000 0.652500 0.010000 0.011000
0 0.619500 0.442500 0.020000 0.021000
0 0.588000 0.444500 0.025000 0.023000
0 0.595000 0.590000 0.024000 0.019000
0 0.718500 0.731000 0.027000 0.027000
0 0.499500 0.501500 0.022000 0.026000
0 0.617000 0.663500 0.019000 0.019000
0 0.535000 0.538500 0.020000 0.021000
0 0.304000 0.656000 0.027000 0.028000
0 0.454500 0.655500 0.017000 0.020000
0 0.386000 0.289000 0.016000 0.015000
0 0.462500 0.507500 0.011000 0.012000
0 0.397000 0.628500 0.013000 0.010000
0 0.313500 0.472500 0.024000 0.025000
0 0.701500 0.793000 0.027000 0.026000
0 0.638500 0.408000 0.009000 0.009000
0 0.631000 0.401000 0.031000 0.035000
0 0.649500 0.505000 0.021000 0.023000
0 0.404500 0.417500 0.014000 0.018000
0 0.146500 0.502500 0.029000 0.026000
0 0.414000 0.223500 0.034000 0.027000
0 0.561500 0.563500 0.024000 0.034000
0 0.449500 0.455500 0.024000 0.028000
0 0.903000 0.462500 0.012000 0.013000
0 0.371500 0.716000 0.014000 0.014000
0 0.370000 0.759000 0.031000 0.023000
0 0.510500 0.467000 0.012000 0.012000
0 0.139000 0.638000 0.030000 0.031000
0 0.449500 0.446000 0.011000 0.013000
0 0.541000 0.470500 0.018000 0.017000
0 0.426500 0.204500 0.029000 0.030000
0 0.436000 0.243000 0.017000 0.018000
0 0.727500 0.193000 0.029000 0.034000
0 0.474500 0.406000 0.023000 0.022000
0 0.644750 0.594000 0.014500 0.010000
0 0.519500 0.482500 0.010000 0.013000
0 0.566000 0.095500 0.014000 0.019000
0 0.607500 0.445000 0.021000 0.025000
0 0.535500 0.442500 0.015000 0.012000
0 0.161500 0.387000 0.029000 0.028000
0 0.661500 0.594000 0.019000 0.015000
0 0.482500 0.566500 0.029000 0.028000
0 0.561250 0.189500 0.026500 0.018000
0 0.307500 0.505500 0.024000 0.022000
0 0.526000 0.661000 0.024000 0.025000
0 0.568000 0.427500 0.012000 0.010000
0 0.605500 0.173000 0.014000 0.014000
0 0.334500 0.589500 0.019000 0.018000
0 0.621500 0.218500 0.019000 0.019000
0 0.451500 0.341000 0.021000 0.014000
0 0.525000 0.539500 0.023000 0.022000
0 0.455000 0.566500 0.028000 0.019000
0 0.739000 0.159500 0.019000 0.017000
0 0.393000 0.534500 0.030000 0.030000
0 0.272000 0.738500 0.018000 0.014000
0 0.567500 0.469500 0.026000 0.021000
0 0.505000 0.482500 0.013000 0.014000
0 0.726500 0.485500 0.024000 0.021000
0 0.443500 0.796500 0.010000 0.014000
0 0.585500 0.701500 0.029000 0.031000
0 0.584000 0.208000 0.014000 0.013000
0 0.447000 0.537500 0.022000 0.021000
0 0.289500 0.609500 0.016000 0.016000
0 0.213000 0.727000 0.012000 0.016000
0 0.547000 0.544500 0.016000 0.016000
0 0.479500 0.531500 0.028000 0.020000
0 0.501000 0.491000 0.014000 0.013000
0 0.496500 0.212500 0.011000 0.010000
0 0.643000 0.324000 0.020000 0.022000
0 0.164000 0.417500 0.019000 0.019000
0 0.570500 0.234000 0.013000 0.011000
0 0.611500 0.134500 0.012000 0.012000
0 0.654500 0.588500 0.013000 0.019000
0 0.420500 0.146500 0.020000 0.021000
0 0.203500 0.443500 0.019000 0.017000
0 0.540000 0.574500 0.023000 0.029000
0 0.276500 0.421500 0.019000 0.017000
0 0.831750 0.512000 0.017500 0.015000
0 0.474500 0.572000 0.021000 0.022000
0 0.561000 0.142000 0.014000 0.016000
0 0.466500 0.562000 0.021000 0.019000
0 0.201500 0.333250 0.024000 0.029500
0 0.510500 0.582000 0.012000 0.016000
0 0.759000 0.304000 0.018000 0.019000
0 0.607000 0.149000 0.015000 0.015000
0 0.194500 0.217500 0.030000 0.027000
0 0.437000 0.327000 0.019000 0.022000
0 0.448000 0.742500 0.016000 0.024000
0 0.455500 0.833000 0.014000 0.015000
0 0.514000 0.555500 0.026000 0.020000
0 0.559000 0.487500 0.021000 0.027000
0 0.345500 0.845000 0.026000 0.017000
0 0.108500 0.641500 0.027000 0.027000
0 0.730000 0.503500 0.023000 0.022000
0 0.745500 0.798000 0.024000 0.016000
0 0.441000 0.418500 0.017000 0.022000
0 0.905500 0.426500 0.021000 0.021000
0 0.416000 0.592000 0.016000 0.011000
0 0.653500 0.379500 0.024000 0.021000
0 0.469500 0.502500 0.016000 0.013000
0 0.703500 0.823500 0.020000 0.016000
0 0.583500 0.716000 0.022000 0.019000
0 0.707000 0.403500 0.015000 0.016000
0 0.642000 0.635250 0.022000 0.026500
0 0.494000 0.403000 0.019000 0.019000
0 0.323750 0.725000 0.029500 0.021000
0 0.680000 0.499000 0.026000 0.029000
0 0.641000 0.192750 0.010000 0.014500
0 0.427500 0.406500 0.019000 0.025000
0 0.469000 0.092500 0.014000 0.015000
0 0.386000 0.422500 0.027000 0.023000
0 0.495000 0.479000 0.022000 0.013000
0 0.537000 0.416000 0.017000 0.016000
0 0.500500 0.718000 0.025000 0.022000
0 0.474500 0.101000 0.017000 0.016000
0 0.444500 0.569500 0.021000 0.016000
0 0.633000 0.484500 0.022000 0.027000
0 0.480500 0.409000 0.028000 0.027000
0 0.529500 0.396000 0.021000 0.017000
0 0.283500 0.392000 0.019000 0.023000
0 0.510000 0.487000 0.018000 0.016000
0 0.255500 0.625000 0.019000 0.024000
0 0.627000 0.727500 0.015000 0.011000
0 0.409000 0.327000 0.011000 0.009000
0 0.783500 0.576500 0.026000 0.026000
0 0.597000 0.661500 0.014000 0.018000
0 0.829500 0.518500 0.013000 0.016000
0 0.611000 0.502500 0.017000 0.020000
0 0.777500 0.539000 0.034000 0.033000
0 0.553000 0.447000 0.010000 0.013000
0 0.405000 0.382000 0.018000 0.014000
0 0.662000 0.338000 0.013000 0.016000
0 0.382500 0.545000 0.019000 0.026000
0 0.405500 0.743500 0.016000 0.015000
0 0.357500 0.841500 0.012000 0.012000
0 0.650000 0.263500 0.015000 0.012000
0 0.479000 0.539500 0.025000 0.027000
0 0.571500 0.275000 0.027000 0.028000
0 0.780000 0.239000 0.014000 0.015000
0 0.744000 0.476750 0.016000 0.023500
0 0.494500 0.703500 0.023000 0.020000
0 0.349000 0.655500 0.028000 0.016000
0 0.316250 0.517000 0.029500 0.022000
0 0.440000 0.473500 0.030000 0.031000
0 0.353500 0.356000 0.023000 0.027000
0 0.234000 0.309000 0.021000 0.024000
0 0.452500 0.767000 0.012000 0.009000
0 0.304500 0.812500 0.017000 0.025000
0 0.447500 0.471000 0.025000 0.030000
0 0.343000 0.174000 0.016000 0.014000
0 0.238000 0.771500 0.022000 0.021000
0 0.693500 0.712500 0.020000 0.024000
0 0.733000 0.557500 0.013000 0.009000
0 0.672500 0.622500 0.023000 0.030000
0 0.363500 0.816000 0.013000 0.008000
0 0.564000 0.158500 0.032000 0.030000
0 0.452000 0.435500 0.018000 0.031000
0 0.294000 0.723000 0.028000 0.021000
0 0.811000 0.583500 0.027000 0.028000
0 0.317000 0.409500 0.024000 0.022000
0 0.244000 0.570000 0.024000 0.026000
0 0.518500 0.342000 0.019000 0.013000
0 0.701500 0.224500 0.018000 0.024000
0 0.704000 0.298000 0.012000 0.018000
0 0.275000 0.623000 0.011000 0.014000
0 0.767000 0.370000 0.013000 0.013000
0 0.583000 0.416500 0.022000 0.021000
0 0.914000 0.568500 0.022000 0.022000
0 0.539000 0.564500 0.032000 0.028000
0 0.742000 0.325500 0.018000 0.021000
0 0.264000 0.558500 0.013000 0.010000
0 0.452500 0.616500 0.020000 0.022000
0 0.844000 0.457500 0.024000 0.024000
0 0.262500 0.197000 0.009000 0.014000
0 0.278500 0.764500 0.014000 0.011000
0 0.546000 0.479000 0.022000 0.023000
0 0.762000 0.563000 0.025000 0.021000
0 0.376500 0.407500 0.011000 0.010000
0 0.783000 0.265500 0.019000 0.016000
0 0.173500 0.493500 0.033000 0.032000
0 0.628500 0.890000 0.019000 0.021000
0 0.671500 0.613500 0.017000 0.018000
0 0.515000 0.207500 0.024000 0.017000
0 0.644000 0.368000 0.021000 0.022000
0 0.319000 0.284000 0.010000 0.011000
0 0.770000 0.512000 0.022000 0.022000
0 0.474500 0.618500 0.017000 0.012000
0 0.766000 0.614000 0.019000 0.021000
0 0.470000 0.355000 0.031000 0.030000
0 0.618500 0.606000 0.011000 0.011000
0 0.534500 0.752000 0.036000 0.036000
0 0.175500 0.338500 0.026000 0.015000
0 0.401000 0.490500 0.012000 0.014000
0 0.265000 0.581000 0.017000 0.013000
0 0.888000 0.353000 0.010000 0.012000
0 0.498500 0.882000 0.015000 0.015000
0 0.460000 0.090500 0.011000 0.016000
0 0.515500 0.647000 0.009000 0.008000
0 0.417000 0.553000 0.013000 0.014000
0 0.308500 0.209500 0.031000 0.023000
0 0.286500 0.303500 0.018000 0.023000
0 0.335000 0.697000 0.012000 0.012000
0 0.466000 0.650000 0.021000 0.031000
0 0.280500 0.804500 0.020000 0.022000
0 0.176500 0.560000 0.022000 0.016000
0 0.366000 0.540000 0.017000 0.020000
0 0.440500 0.741500 0.019000 0.019000
0 0.455000 0.374000 0.020000 0.026000
0 0.727000 0.792500 0.020000 0.022000
0 0.493500 0.353500 0.013000 0.016000
0 0.303000 0.730000 0.016000 0.016000
0 0.331500 0.672500 0.015000 0.015000
0 0.700500 0.624000 0.021000 0.019000
0 0.415500 0.447500 0.011000 0.011000
0 0.257500 0.748250 0.020000 0.029500
0 0.396500 0.670500 0.024000 0.024000
0 0.468500 0.484000 0.022000 0.021000
0 0.435000 0.392000 0.028000 0.023000
0 0.313000 0.701500 0.010000 0.011000
0 0.560500 0.520500 0.021000 0.023000
0 0.347000 0.516000 0.019000 0.021000
0 0.537000 0.742000 0.026000 0.026000
0 0.448500 0.465500 0.023000 0.023000
0 0.300500 0.306000 0.020000 0.020000
0 0.628500 0.559500 0.014000 0.016000
0 0.481500 0.605500 0.018000 0.020000
0 0.186000 0.567500 0.021000 0.032000
0 0.373500 0.471500 0.015000 0.014000
0 0.318500 0.820250 0.016000 0.020500
0 0.621500 0.407500 0.016000 0.019000
0 0.341000 0.247000 0.026000 0.027000
0 0.727000 0.655500 0.026000 0.021000
0 0.515500 0.451500 0.012000 0.012000
0 0.556500 0.258500 0.032000 0.031000
0 0.584500 0.171500 0.013000 0.011000
0 0.459500 0.483000 0.011000 0.014000
0 0.742000 0.667000 0.026000 0.023000
0 0.156000 0.706000 0.027000 0.026000
0 0.546000 0.666500 0.016000 0.011000
0 0.568000 0.485500 0.026000 0.023000
0 0.486000 0.525000 0.014000 0.015000
0 0.494000 0.561000 0.018000 0.019000
0 0.432000 0.156500 0.025000 0.022000
0 0.514000 0.496000 0.015000 0.014000
0 0.180500 0.624000 0.021000 0.020000
0 0.478500 0.326500 0.030000 0.029000
0 0.420000 0.637500 0.031000 0.032000
0 0.717000 0.282000 0.027000 0.026000
0 0.526000 0.418000 0.013000 0.013000
0 0.200500 0.402000 0.020000 0.022000
0 0.404000 0.659500 0.011000 0.012000
0 0.577500 0.511000 0.023000 0.020000
0 0.597000 0.427500 0.017000 0.017000
0 0.495500 0.512000 0.017000 0.017000
0 0.525500 0.589500 0.017000 0.022000
0 0.172000 0.432000 0.011000 0.010000
0 0.133500 0.575500 0.020000 0.017000
0 0.586500 0.459000 0.023000 0.023000
0 0.703500 0.675000 0.010000 0.012000
0 0.354000 0.441500 0.016000 0.017000
0 0.433000 0.383000 0.019000 0.016000
0 0.573500 0.399000 0.023000 0.023000
0 0.857000 0.618500 0.020000 0.021000
0 0.121000 0.412000 0.013000 0.014000
0 0.769000 0.353500 0.029000 0.026000
0 0.620500 0.889000 0.016000 0.016000
0 0.568000 0.608000 0.017000 0.018000
0 0.581000 0.435500 0.019000 0.034000
0 0.577000 0.786500 0.020000 0.016000
0 0.249500 0.769500 0.014000 0.013000
0 0.339500 0.205500 0.019000 0.017000
0 0.397000 0.420000 0.012000 0.011000
0 0.623500 0.203500 0.024000 0.021000
0 0.358000 0.499000 0.021000 0.021000
0 0.127000 0.632000 0.023000 0.024000
0 0.198500 0.588500 0.019000 0.021000
0 0.493500 0.542500 0.012000 0.010000
0 0.121500 0.429000 0.016000 0.015000
0 0.469500 0.187000 0.017000 0.022000
0 0.445000 0.160000 0.016000 0.023000
0 0.589500 0.158000 0.021000 0.019000
0 0.133000 0.334000 0.023000 0.020000
0 0.568000 0.466000 0.016000 0.013000
0 0.603000 0.284000 0.024000 0.018000
0 0.376500 0.773000 0.014000 0.017000
0 0.813500 0.381000 0.023000 0.024000
0 0.635000 0.511500 0.022000 0.028000
0 0.574500 0.088000 0.018000 0.017000
0 0.640000 0.528500 0.012000 0.013000
0 0.345500 0.463500 0.019000 0.019000
0 0.221000 0.699000 0.017000 0.013000
0 0.473000 0.679500 0.025000 0.023000
0 0.459500 0.223000 0.020000 0.033000
0 0.497500 0.485000 0.020000 0.026000
0 0.640000 0.481000 0.030000 0.024000
0 0.650000 0.201000 0.012000 0.013000
0 0.426000 0.477500 0.012000 0.014000
0 0.582000 0.251000 0.010000 0.011000
0 0.520500 0.704500 0.015000 0.017000
0 0.717500 0.621000 0.020000 0.021000
0 0.565500 0.522500 0.018000 0.033000
0 0.520000 0.560500 0.025000 0.029000
0 0.208500 0.789500 0.025000 0.024000
0 0.654000 0.391000 0.030000 0.034000
0 0.742000 0.718500 0.008000 0.009000
0 0.257500 0.498500 0.027000 0.022000
0 0.503000 0.533000 0.022000 0.026000
0 0.581500 0.637000 0.016000 0.019000
0 0.618000 0.651500 0.024000 0.026000