0 0.407000 0.548750 0.020000 0.029500
0 0.766000 0.283000 0.023000 0.023000
0 0.832000 0.559500 0.018000 0.015000
0 0.504500 0.530000 0.011000 0.013000
0 0.324000 0.711500 0.035000 0.029000
0 0.330000 0.824000 0.015000 0.016000
0 0.590000 0.226500 0.012000 0.010000
0 0.477750 0.559500 0.023500 0.025000
0 0.554000 0.180500 0.020000 0.019000
0 0.880500 0.647000 0.020000 0.014000
0 0.321500 0.470500 0.019000 0.015000
0 0.502500 0.497500 0.015000 0.011000
0 0.609500 0.767000 0.027000 0.019000
0 0.609500 0.520000 0.019000 0.017000
0 0.685000 0.803000 0.019000 0.021000
0 0.710500 0.712000 0.021000 0.021000
0 0.187500 0.308500 0.031000 0.020000
0 0.673000 0.248000 0.024000 0.019000
0 0.793000 0.663500 0.025000 0.024000
0 0.460500 0.807000 0.028000 0.031000
0 0.529000 0.510000 0.015000 0.015000
0 0.499000 0.503000 0.014000 0.017000
0 0.311500 0.486000 0.019000 0.023000
0 0.245000 0.526500 0.024000 0.023000
0 0.281500 0.408000 0.011000 0.015000
0 0.501500 0.460500 0.028000 0.019000
0 0.564000 0.395500 0.028000 0.028000
0 0.375500 0.443500 0.017000 0.016000
0 0.513000 0.495500 0.018000 0.017000
0 0.087500 0.484000 0.013000 0.013000
0 0.459000 0.606000 0.013000 0.013000
0 0.745000 0.256500 0.024000 0.019000
0 0.400000 0.536500 0.014000 0.013000
0 0.775000 0.746500 0.024000 0.025000
0 0.387500 0.350500 0.012000 0.010000
0 0.841000 0.285000 0.008000 0.008000
0 0.609000 0.445500 0.010000 0.010000
0 0.784000 0.610500 0.016000 0.024000
0 0.279500 0.580000 0.012000 0.010000
0 0.512000 0.487000 0.019000 0.026000
0 0.728250 0.711500 0.014500 0.013000
0 0.223500 0.656500 0.020000 0.026000
0 0.794000 0.275000 0.018000 0.014000
0 0.366500 0.436500 0.025000 0.027000
0 0.894000 0.368000 0.012000 0.011000
0 0.434000 0.504000 0.020000 0.020000
0 0.440750 0.314500 0.023500 0.016000
0 0.669500 0.289500 0.018000 0.018000
0 0.713500 0.499500 0.019000 0.021000
0 0.416000 0.383000 0.021000 0.020000
0 0.383500 0.543000 0.020000 0.020000
0 0.425500 0.332000 0.023000 0.019000
0 0.373500 0.582500 0.025000 0.020000
0 0.642000 0.331500 0.010000 0.010000
0 0.617500 0.200500 0.023000 0.023000
0 0.490000 0.438000 0.015000 0.014000
0 0.599000 0.429500 0.014000 0.017000
0 0.483000 0.515000 0.015000 0.015000
0 0.600500 0.861500 0.026000 0.023000
0 0.474500 0.482500 0.029000 0.024000
0 0.214000 0.262000 0.023000 0.020000
0 0.905500 0.423000 0.023000 0.031000
0 0.302000 0.471500 0.018000 0.018000
0 0.795000 0.253500 0.020000 0.019000
0 0.501500 0.473500 0.011000 0.011000
0 0.730500 0.167000 0.010000 0.009000
0 0.539000 0.845000 0.019000 0.018000
0 0.522000 0.123000 0.013000 0.014000
0 0.675500 0.814500 0.025000 0.024000
0 0.577500 0.668000 0.019000 0.019000
0 0.371000 0.549000 0.015000 0.013000
0 0.444000 0.184500 0.023000 0.019000
0 0.430500 0.893500 0.029000 0.031000
0 0.422000 0.668000 0.016000 0.014000
0 0.681000 0.530500 0.022000 0.028000
0 0.595000 0.625500 0.014000 0.012000
0 0.546500 0.902500 0.021000 0.022000
0 0.607000 0.792500 0.025000 0.027000
0 0.497500 0.517500 0.023000 0.015000
0 0.478500 0.371500 0.021000 0.020000
0 0.289000 0.656500 0.019000 0.018000
0 0.720500 0.603000 0.025000 0.020000
0 0.669000 0.590500 0.023000 0.016000
0 0.525000 0.144000 0.015000 0.017000
0 0.592000 0.145500 0.018000 0.020000
0 0.855000 0.679500 0.018000 0.016000
0 0.491250 0.548500 0.032500 0.022000
0 0.433500 0.397000 0.020000 0.020000
0 0.714000 0.360000 0.012000 0.014000
0 0.595000 0.509000 0.031000 0.022000
0 0.577000 0.618500 0.021000 0.024000
0 0.707000 0.723500 0.017000 0.016000
0 0.385000 0.638500 0.026000 0.028000
0 0.419000 0.862000 0.024000 0.023000
0 0.335500 0.772000 0.022000 0.025000
0 0.353500 0.704500 0.014000 0.012000
0 0.407500 0.471000 0.027000 0.032000
0 0.261000 0.450500 0.019000 0.023000
0 0.616000 0.677500 0.024000 0.020000
0 0.151000 0.302000 0.020000 0.023000
0 0.478500 0.744500 0.013000 0.013000
0 0.548000 0.547500 0.024000 0.025000
0 0.571500 0.549500 0.027000 0.020000
0 0.404000 0.908250 0.013000 0.014500
0 0.560500 0.481500 0.019000 0.016000
0 0.524000 0.557000 0.017000 0.017000
0 0.648500 0.784000 0.018000 0.012000
0 0.499000 0.744000 0.017000 0.018000
0 0.585500 0.660500 0.031000 0.022000
0 0.330500 0.221500 0.029000 0.027000
0 0.667000 0.154500 0.032000 0.021000
0 0.539500 0.568500 0.027000 0.023000
0 0.687250 0.302500 0.017500 0.012000
0 0.452000 0.732500 0.020000 0.020000
0 0.830000 0.303500 0.014000 0.015000
0 0.466000 0.823500 0.023000 0.022000
0 0.761000 0.558500 0.028000 0.022000
0 0.565500 0.471000 0.029000 0.021000
0 0.748250 0.494500 0.023500 0.020000
0 0.327500 0.489000 0.034000 0.034000
0 0.643500 0.731500 0.011000 0.016000
0 0.747000 0.389500 0.016000 0.014000
0 0.290500 0.218000 0.014000 0.013000
0 0.751500 0.438500 0.020000 0.026000
0 0.450500 0.118500 0.031000 0.030000
0 0.719000 0.665500 0.014000 0.013000
0 0.660500 0.761500 0.018000 0.025000
0 0.528000 0.645500 0.016000 0.023000
0 0.866000 0.587000 0.024000 0.020000
0 0.522500 0.782000 0.029000 0.030000
0 0.508500 0.507500 0.025000 0.021000
0 0.626000 0.261500 0.012000 0.013000
0 0.471500 0.356000 0.020000 0.020000
0 0.534500 0.553000 0.019000 0.023000
0 0.489500 0.304000 0.024000 0.019000
0 0.365000 0.232000 0.015000 0.015000
0 0.098500 0.550500 0.032000 0.028000
0 0.665500 0.867000 0.014000 0.022000
0 0.603000 0.421500 0.023000 0.019000
0 0.683500 0.346500 0.024000 0.020000
0 0.803500 0.472500 0.018000 0.019000
0 0.321750 0.479250 0.014500 0.014500
0 0.615000 0.408000 0.025000 0.027000
0 0.089000 0.476500 0.023000 0.020000
0 0.677000 0.557500 0.009000 0.010000
0 0.453000 0.407500 0.011000 0.012000
0 0.379500 0.572000 0.016000 0.016000
0 0.443000 0.448500 0.012000 0.015000
0 0.468500 0.504000 0.033000 0.028000
0 0.544000 0.350000 0.022000 0.025000
0 0.726500 0.563500 0.035000 0.032000
0 0.489500 0.478500 0.020000 0.021000
0 0.309500 0.419000 0.019000 0.015000
0 0.373000 0.493500 0.023000 0.027000
0 0.560750 0.229500 0.020500 0.016000
0 0.398000 0.511500 0.018000 0.019000
0 0.185500 0.232500 0.017000 0.016000
0 0.644500 0.132000 0.017000 0.015000
0 0.522000 0.492000 0.015000 0.018000
0 0.390500 0.803500 0.021000 0.020000
0 0.626500 0.381500 0.015000 0.019000
0 0.797000 0.358000 0.027000 0.021000
0 0.347000 0.146500 0.022000 0.022000
0 0.486000 0.428000 0.026000 0.024000
0 0.466000 0.585000 0.016000 0.015000
0 0.353000 0.224000 0.012000 0.015000
0 0.326000 0.519000 0.025000 0.027000
0 0.286500 0.740000 0.025000 0.021000
0 0.525000 0.475000 0.021000 0.020000
0 0.510000 0.599000 0.031000 0.026000
0 0.288500 0.728500 0.013000 0.016000
0 0.482000 0.116500 0.027000 0.027000
0 0.501500 0.531500 0.030000 0.030000
0 0.880500 0.611500 0.018000 0.032000
0 0.521500 0.388500 0.022000 0.027000
0 0.405000 0.467000 0.020000 0.020000
0 0.654500 0.768500 0.019000 0.018000
0 0.527000 0.542000 0.017000 0.018000
0 0.808500 0.309500 0.016000 0.015000
0 0.503500 0.892000 0.033000 0.029000
0 0.346500 0.638500 0.013000 0.011000
0 0.494500 0.295000 0.023000 0.030000
0 0.643500 0.430500 0.027000 0.025000
0 0.479500 0.290000 0.012000 0.018000
0 0.384000 0.669000 0.019000 0.027000
0 0.421500 0.717500 0.025000 0.018000
0 0.434500 0.524500 0.010000 0.012000
0 0.545000 0.581500 0.018000 0.018000
0 0.445500 0.281500 0.017000 0.017000
0 0.286000 0.232000 0.013000 0.011000
0 0.547000 0.595500 0.024000 0.020000
0 0.713000 0.673500 0.019000 0.019000
0 0.775000 0.285500 0.013000 0.013000
0 0.543000 0.471000 0.023000 0.022000
0 0.568000 0.500000 0.018000 0.024000
0 0.697500 0.423000 0.017000 0.015000
0 0.126000 0.393000 0.019000 0.028000
0 0.676500 0.539000 0.018000 0.022000
0 0.473500 0.834000 0.021000 0.020000
0 0.394500 0.260500 0.023000 0.025000
0 0.656000 0.602000 0.027000 0.028000
0 0.096500 0.560000 0.011000 0.015000
0 0.498500 0.635750 0.017000 0.020500
0 0.422000 0.485500 0.018000 0.018000
0 0.146000 0.569500 0.022000 0.020000
0 0.600500 0.247000 0.020000 0.015000
0 0.384500 0.591000 0.036000 0.036000
0 0.614500 0.529500 0.018000 0.024000
0 0.576500 0.501500 0.022000 0.021000
0 0.501500 0.262500 0.022000 0.020000
0 0.271000 0.424500 0.029000 0.025000
0 0.794000 0.593500 0.018000 0.022000
0 0.593500 0.617000 0.017000 0.011000
0 0.909500 0.477500 0.022000 0.018000
0 0.557500 0.346500 0.029000 0.023000
0 0.368000 0.275000 0.020000 0.025000
0 0.676500 0.374500 0.020000 0.020000
0 0.476000 0.499500 0.034000 0.036000
0 0.267500 0.199500 0.014000 0.020000
0 0.453000 0.470500 0.029000 0.034000
0 0.642500 0.806000 0.012000 0.011000
0 0.537000 0.395500 0.020000 0.018000
0 0.472500 0.334500 0.015000 0.013000
0 0.864500 0.476000 0.028000 0.026000
0 0.676500 0.121500 0.014000 0.014000
0 0.562000 0.536000 0.016000 0.013000
0 0.472000 0.282000 0.016000 0.015000
0 0.829000 0.332000 0.029000 0.030000
0 0.874500 0.496500 0.026000 0.019000
0 0.438500 0.127000 0.019000 0.019000
0 0.579500 0.587000 0.029000 0.022000
0 0.462500 0.437500 0.015000 0.014000
0 0.712500 0.411500 0.020000 0.019000
0 0.174000 0.518000 0.015000 0.014000
0 0.296500 0.771500 0.017000 0.018000
0 0.471500 0.554500 0.024000 0.022000
0 0.417000 0.409500 0.023000 0.022000
0 0.734500 0.197500 0.010000 0.009000
0 0.387500 0.523000 0.012000 0.012000
0 0.621000 0.613500 0.022000 0.029000
0 0.592500 0.337500 0.022000 0.026000
0 0.779500 0.457500 0.016000 0.012000
0 0.626000 0.640500 0.010000 0.010000
0 0.427000 0.530500 0.014000 0.017000
0 0.355000 0.564500 0.021000 0.026000
0 0.400500 0.149000 0.017000 0.024000
0 0.614500 0.491500 0.020000 0.019000
0 0.499500 0.161000 0.034000 0.024000
0 0.411000 0.643750 0.009000 0.011500
0 0.570500 0.332500 0.013000 0.016000
0 0.611500 0.871500 0.027000 0.020000
0 0.800000 0.580000 0.017000 0.019000
0 0.702500 0.547000 0.027000 0.022000
0 0.735000 0.598500 0.016000 0.015000
0 0.400500 0.428000 0.014000 0.022000
0 0.186500 0.468500 0.024000 0.019000
0 0.415500 0.676000 0.018000 0.016000
0 0.693500 0.744500 0.024000 0.028000
0 0.543000 0.710000 0.019000 0.021000
0 0.528500 0.395000 0.027000 0.026000
0 0.771000 0.239500 0.014000 0.011000
0 0.481000 0.476000 0.031000 0.030000
0 0.574500 0.288500 0.022000 0.020000
0 0.683500 0.219000 0.017000 0.025000
0 0.118000 0.347500 0.013000 0.011000
0 0.433500 0.551500 0.030000 0.030000
0 0.125000 0.577500 0.022000 0.025000
0 0.404500 0.565000 0.025000 0.021000
0 0.560000 0.292000 0.012000 0.012000
0 0.303500 0.444250 0.016000 0.023500
0 0.457500 0.474500 0.023000 0.021000
0 0.770500 0.377500 0.027000 0.017000
0 0.312500 0.598500 0.012000 0.016000
0 0.519500 0.517000 0.025000 0.020000
0 0.107500 0.441000 0.015000 0.016000
0 0.326000 0.364000 0.021000 0.023000
0 0.526500 0.587500 0.013000 0.013000
0 0.255000 0.474000 0.015000 0.015000
0 0.499000 0.490500 0.016000 0.018000
0 0.678500 0.628500 0.020000 0.026000
0 0.486500 0.525500 0.018000 0.021000
0 0.436500 0.580500 0.029000 0.026000
0 0.339000 0.758000 0.027000 0.021000
0 0.887000 0.512500 0.021000 0.016000
0 0.236500 0.775000 0.018000 0.019000
0 0.908500 0.513500 0.024000 0.017000
0 0.364500 0.678500 0.024000 0.026000
0 0.870500 0.537250 0.015000 0.020500
0 0.519500 0.466000 0.016000 0.012000
0 0.641000 0.693000 0.011000 0.011000
0 0.479000 0.470000 0.020000 0.021000
0 0.494000 0.537500 0.026000 0.027000
0 0.799500 0.643500 0.030000 0.026000
0 0.141500 0.521000 0.023000 0.022000
0 0.387000 0.785500 0.018000 0.023000
0 0.466000 0.478000 0.019000 0.021000
0 0.139500 0.453500 0.016000 0.014000
0 0.548500 0.588000 0.021000 0.021000
0 0.547000 0.417500 0.016000 0.019000
0 0.451000 0.532500 0.025000 0.024000
0 0.261500 0.608500 0.016000 0.017000
0 0.460000 0.533500 0.009000 0.011000
0 0.316500 0.778500 0.021000 0.019000
0 0.580000 0.336500 0.012000 0.010000
0 0.317000 0.258500 0.022000 0.013000
0 0.730500 0.505500 0.024000 0.025000
0 0.122000 0.381000 0.019000 0.020000
0 0.559500 0.570000 0.012000 0.015000
0 0.630500 0.632500 0.016000 0.012000
0 0.617500 0.387500 0.022000 0.023000
0 0.432500 0.498500 0.017000 0.022000
0 0.462500 0.524000 0.032000 0.018000
0 0.588000 0.200500 0.017000 0.025000
0 0.503000 0.244000 0.023000 0.019000
0 0.512000 0.353000 0.018000 0.019000
0 0.498500 0.676000 0.028000 0.022000
0 0.545000 0.624500 0.029000 0.026000
0 0.626500 0.286000 0.020000 0.020000
0 0.408000 0.284000 0.030000 0.032000
0 0.578000 0.385500 0.011000 0.011000
0 0.777000 0.652000 0.013000 0.009000
0 0.434000 0.858500 0.013000 0.010000
0 0.727000 0.794000 0.019000 0.019000
0 0.698500 0.215500 0.016000 0.015000
0 0.763000 0.662000 0.011000 0.012000
0 0.422000 0.518500 0.018000 0.021000
0 0.426000 0.347000 0.012000 0.012000
0 0.214000 0.626000 0.022000 0.026000
0 0.484500 0.454500 0.017000 0.015000
0 0.406000 0.441500 0.025000 0.026000
0 0.347000 0.183000 0.032000 0.022000
0 0.748000 0.478000 0.024000 0.023000
0 0.754000 0.196000 0.013000 0.014000
0 0.374000 0.480000 0.017000 0.017000
0 0.479000 0.779000 0.016000 0.014000
0 0.825500 0.477500 0.011000 0.012000
0 0.815500 0.258000 0.021000 0.019000
0 0.383000 0.370000 0.015000 0.014000
0 0.503000 0.517500 0.011000 0.011000
0 0.408000 0.504000 0.021000 0.017000
0 0.446000 0.567000 0.016000 0.014000
0 0.500500 0.501000 0.024000 0.026000
0 0.457500 0.449000 0.014000 0.014000
0 0.610500 0.323500 0.021000 0.026000
0 0.703500 0.214000 0.028000 0.027000
0 0.267500 0.332000 0.023000 0.021000
0 0.625500 0.462000 0.028000 0.021000
0 0.607000 0.788500 0.017000 0.014000
0 0.612000 0.541500 0.017000 0.017000
0 0.843000 0.632500 0.024000 0.026000
0 0.225500 0.285500 0.018000 0.018000
0 0.520000 0.448500 0.022000 0.021000
0 0.404500 0.494500 0.028000 0.018000
0 0.844000 0.262500 0.012000 0.015000
0 0.468500 0.520500 0.021000 0.023000
0 0.498500 0.621500 0.029000 0.028000
0 0.233000 0.568000 0.015000 0.011000
0 0.748000 0.421500 0.031000 0.029000
0 0.458500 0.354250 0.014000 0.017500
0 0.439000 0.489500 0.016000 0.018000
0 0.411000 0.872000 0.019000 0.021000
0 0.402000 0.635000 0.026000 0.032000
0 0.485500 0.496500 0.011000 0.012000
0 0.875500 0.428000 0.014000 0.009000
0 0.693500 0.611500 0.018000 0.019000
0 0.255000 0.459000 0.018000 0.015000
0 0.684750 0.325750 0.022500 0.022500
0 0.569000 0.728500 0.020000 0.018000
0 0.400000 0.212000 0.018000 0.014000
0 0.506500 0.471500 0.014000 0.014000
0 0.337000 0.646000 0.021000 0.021000
0 0.160500 0.550500 0.024000 0.024000
0 0.399000 0.359500 0.019000 0.020000
0 0.267000 0.660500 0.012000 0.010000
0 0.258500 0.200000 0.024000 0.025000
0 0.341750 0.503000 0.023500 0.018000
0 0.480000 0.755000 0.026000 0.030000
0 0.545500 0.576500 0.030000 0.027000
0 0.715500 0.820500 0.025000 0.026000
0 0.556000 0.701000 0.019000 0.023000
0 0.643500 0.558000 0.013000 0.013000
0 0.436500 0.288000 0.023000 0.023000
0 0.344500 0.339000 0.024000 0.024000
0 0.223000 0.646000 0.022000 0.022000
0 0.770500 0.647500 0.016000 0.019000
0 0.817500 0.274000 0.019000 0.020000
0 0.814000 0.393500 0.017000 0.018000
0 0.140000 0.628500 0.025000 0.029000
0 0.552000 0.473500 0.012000 0.014000
0 0.420500 0.425000 0.017000 0.020000
0 0.273500 0.182500 0.021000 0.021000
0 0.411500 0.363000 0.015000 0.013000
0 0.512500 0.634000 0.022000 0.020000
0 0.435500 0.886000 0.012000 0.012000
0 0.800500 0.620500 0.019000 0.017000
0 0.295000 0.305000 0.015000 0.015000
0 0.449000 0.884500 0.020000 0.023000
0 0.231000 0.240500 0.011000 0.013000
0 0.325250 0.501500 0.014500 0.010000
0 0.690500 0.781000 0.016000 0.017000
0 0.890500 0.415000 0.014000 0.014000
0 0.709500 0.177000 0.031000 0.026000
0 0.507500 0.677000 0.009000 0.010000
0 0.256500 0.513500 0.013000 0.014000
0 0.265000 0.682500 0.015000 0.018000
0 0.224500 0.593000 0.014000 0.012000
0 0.666000 0.739000 0.025000 0.025000
0 0.379000 0.434500 0.023000 0.017000
0 0.617000 0.439000 0.018000 0.018000
0 0.610500 0.624500 0.020000 0.020000
0 0.425500 0.324000 0.017000 0.020000
0 0.500000 0.362500 0.017000 0.023000
0 0.386000 0.742000 0.019000 0.017000
0 0.790000 0.443000 0.021000 0.017000
0 0.850500 0.658000 0.017000 0.017000
0 0.470500 0.915000 0.024000 0.024000
0 0.356000 0.588000 0.029000 0.019000