0 0.501500 0.485500 0.028000 0.025000
0 0.368500 0.366500 0.012000 0.012000
0 0.591000 0.479500 0.019000 0.017000
0 0.539500 0.679500 0.024000 0.023000
0 0.496500 0.496000 0.018000 0.014000
0 0.363000 0.656500 0.022000 0.023000
0 0.467500 0.785000 0.011000 0.010000
0 0.331000 0.758000 0.031000 0.017000
0 0.706000 0.635000 0.009000 0.014000
0 0.720000 0.593000 0.011000 0.012000
0 0.696000 0.673000 0.013000 0.015000
0 0.511500 0.645500 0.012000 0.013000
0 0.593000 0.393500 0.024000 0.019000
0 0.503250 0.527500 0.011500 0.008000
0 0.551500 0.244000 0.011000 0.009000
0 0.519500 0.466000 0.009000 0.010000
0 0.513500 0.832500 0.026000 0.026000
0 0.650500 0.439000 0.031000 0.025000
0 0.546500 0.424500 0.015000 0.015000
0 0.431000 0.257500 0.016000 0.014000
0 0.541500 0.645500 0.014000 0.012000
0 0.252000 0.771000 0.022000 0.022000
0 0.914500 0.505500 0.021000 0.023000
0 0.869500 0.504500 0.011000 0.016000
0 0.085000 0.520000 0.008000 0.010000
0 0.516500 0.738000 0.021000 0.026000
0 0.355500 0.684500 0.036000 0.031000
0 0.452000 0.767000 0.023000 0.020000
0 0.520500 0.525000 0.014000 0.012000
0 0.246000 0.518000 0.021000 0.023000
0 0.445000 0.086000 0.021000 0.021000
0 0.391500 0.420000 0.022000 0.021000
0 0.725500 0.551000 0.027000 0.026000
0 0.632500 0.506500 0.011000 0.015000
0 0.431500 0.667500 0.028000 0.024000
0 0.560500 0.778250 0.024000 0.026500
0 0.441500 0.559000 0.022000 0.026000
0 0.384000 0.410000 0.019000 0.022000
0 0.237000 0.501000 0.025000 0.021000
0 0.558500 0.343750 0.014000 0.014500
0 0.224500 0.368500 0.016000 0.014000
0 0.511750 0.547500 0.023500 0.019000
0 0.742000 0.836500 0.025000 0.018000
0 0.196000 0.655500 0.014000 0.021000
0 0.580500 0.629500 0.017000 0.017000
0 0.504500 0.535000 0.017000 0.017000
0 0.278750 0.399000 0.032500 0.027000
0 0.446500 0.285000 0.013000 0.014000
0 0.628500 0.356500 0.023000 0.023000
0 0.506000 0.499000 0.017000 0.021000
0 0.473500 0.530250 0.019000 0.026500
0 0.523500 0.305000 0.016000 0.015000
0 0.737500 0.638750 0.017000 0.020500
0 0.611000 0.589500 0.018000 0.017000
0 0.710500 0.548500 0.023000 0.026000
0 0.793500 0.626750 0.022000 0.032500
0 0.521000 0.244000 0.013000 0.011000
0 0.628500 0.707000 0.017000 0.019000
0 0.445500 0.449000 0.015000 0.018000
0 0.553000 0.576000 0.016000 0.015000
0 0.392500 0.154500 0.022000 0.025000
0 0.480500 0.688500 0.019000 0.018000
0 0.217500 0.540500 0.020000 0.023000
0 0.515000 0.182500 0.017000 0.020000
0 0.350500 0.742500 0.021000 0.023000
0 0.509500 0.592500 0.020000 0.018000
0 0.463750 0.521500 0.026500 0.018000
0 0.465000 0.269000 0.019000 0.022000
0 0.544000 0.509500 0.013000 0.010000
0 0.380500 0.554500 0.013000 0.013000
0 0.855000 0.461000 0.018000 0.016000
0 0.657000 0.880000 0.021000 0.022000
0 0.494000 0.516000 0.009000 0.010000
0 0.574500 0.418500 0.027000 0.022000
0 0.639500 0.125000 0.020000 0.020000
0 0.621000 0.221500 0.019000 0.020000
0 0.488000 0.246000 0.011000 0.011000
0 0.383500 0.643500 0.020000 0.017000
0 0.888000 0.374000 0.021000 0.021000
0 0.312500 0.396000 0.029000 0.029000
0 0.708000 0.469500 0.012000 0.012000
0 0.234000 0.271000 0.012000 0.017000
0 0.554500 0.155500 0.027000 0.032000
0 0.426500 0.374500 0.018000 0.021000
0 0.468500 0.902500 0.019000 0.022000
0 0.487500 0.240000 0.021000 0.022000
0 0.579000 0.572000 0.016000 0.013000
0 0.822000 0.465000 0.014000 0.013000
0 0.334000 0.391000 0.027000 0.027000
0 0.200000 0.686500 0.015000 0.014000
0 0.870000 0.402500 0.016000 0.021000
0 0.498500 0.499000 0.027000 0.026000
0 0.568000 0.166500 0.024000 0.022000
0 0.248500 0.386000 0.021000 0.023000
0 0.709000 0.338000 0.022000 0.025000
0 0.439500 0.095000 0.025000 0.029000
0 0.659500 0.559500 0.012000 0.011000
0 0.464500 0.355000 0.022000 0.021000
0 0.225500 0.756500 0.011000 0.010000
0 0.273000 0.378500 0.014000 0.018000
0 0.458000 0.375000 0.024000 0.019000
0 0.348500 0.594500 0.019000 0.020000
0 0.175500 0.690500 0.011000 0.015000
0 0.473000 0.570000 0.025000 0.028000
0 0.539500 0.428500 0.015000 0.019000
0 0.555500 0.484500 0.013000 0.012000
0 0.642000 0.401000 0.025000 0.028000
0 0.297500 0.202000 0.025000 0.027000
0 0.532500 0.514000 0.018000 0.020000
0 0.359500 0.640000 0.027000 0.021000
0 0.685000 0.198000 0.024000 0.022000
0 0.476500 0.463500 0.019000 0.021000
0 0.752000 0.564500 0.015000 0.018000
0 0.506500 0.492500 0.028000 0.025000
0 0.576500 0.257000 0.027000 0.025000
0 0.407000 0.156500 0.027000 0.028000
0 0.490000 0.437000 0.018000 0.018000
0 0.557500 0.517500 0.011000 0.013000
0 0.802000 0.520000 0.019000 0.025000
0 0.368000 0.584500 0.019000 0.016000
0 0.304500 0.361000 0.020000 0.021000
0 0.754000 0.375000 0.016000 0.017000
0 0.330500 0.505500 0.016000 0.012000
0 0.492000 0.403500 0.018000 0.019000
0 0.250500 0.494500 0.021000 0.021000
0 0.232500 0.227750 0.022000 0.026500
0 0.413500 0.264500 0.024000 0.024000
0 0.591500 0.375500 0.026000 0.024000
0 0.572500 0.594500 0.023000 0.020000
0 0.650500 0.519500 0.019000 0.013000
0 0.210500 0.529500 0.022000 0.024000
0 0.251000 0.366500 0.026000 0.027000
0 0.719000 0.252500 0.012000 0.013000
0 0.490000 0.108500 0.014000 0.016000
0 0.575000 0.477000 0.035000 0.032000
0 0.493000 0.418500 0.017000 0.019000
0 0.759000 0.494500 0.021000 0.028000
0 0.505500 0.362500 0.028000 0.027000
0 0.792500 0.384000 0.027000 0.026000
0 0.514000 0.435000 0.009000 0.015000
0 0.589000 0.853500 0.021000 0.019000
0 0.545000 0.289500 0.019000 0.031000
0 0.861500 0.409000 0.014000 0.014000
0 0.408500 0.169500 0.017000 0.016000
0 0.407500 0.331000 0.024000 0.030000
0 0.449500 0.629500 0.023000 0.025000
0 0.498500 0.443000 0.015000 0.011000
0 0.736500 0.550500 0.023000 0.024000
0 0.323000 0.488500 0.024000 0.027000
0 0.688500 0.623500 0.025000 0.025000
0 0.705500 0.788000 0.017000 0.018000
0 0.600500 0.674000 0.014000 0.013000
0 0.650500 0.615000 0.019000 0.018000
0 0.770500 0.201000 0.023000 0.024000
0 0.340500 0.295500 0.036000 0.033000
0 0.492000 0.477000 0.014000 0.017000
0 0.384500 0.289500 0.023000 0.018000
0 0.805000 0.756500 0.018000 0.021000
0 0.526500 0.116000 0.012000 0.016000
0 0.628500 0.842000 0.021000 0.021000
0 0.641000 0.538500 0.016000 0.015000
0 0.513000 0.865500 0.022000 0.022000
0 0.548000 0.308500 0.020000 0.023000
0 0.884500 0.604000 0.024000 0.028000
0 0.683500 0.544500 0.013000 0.020000
0 0.541000 0.465500 0.012000 0.015000
0 0.436500 0.584000 0.015000 0.016000
0 0.517000 0.511500 0.033000 0.028000
0 0.448500 0.534500 0.022000 0.022000
0 0.604000 0.661500 0.019000 0.017000
0 0.398000 0.397000 0.022000 0.018000
0 0.903500 0.488000 0.017000 0.016000
0 0.677750 0.878500 0.029500 0.022000
0 0.636000 0.853000 0.017000 0.026000
0 0.436000 0.496500 0.015000 0.016000
0 0.445750 0.578000 0.011500 0.010000
0 0.365500 0.428000 0.024000 0.026000
0 0.472000 0.619000 0.012000 0.011000
0 0.635000 0.293500 0.013000 0.015000
0 0.223500 0.483500 0.016000 0.030000
0 0.580500 0.326000 0.025000 0.026000
0 0.407000 0.478500 0.012000 0.016000
0 0.335500 0.405500 0.010000 0.013000
0 0.683000 0.452000 0.014000 0.015000
0 0.600500 0.711000 0.011000 0.011000
0 0.680500 0.602000 0.013000 0.012000
0 0.666500 0.683500 0.024000 0.021000
0 0.359500 0.800000 0.023000 0.029000
0 0.465500 0.529000 0.023000 0.022000
0 0.316000 0.468000 0.030000 0.030000
0 0.701500 0.275500 0.020000 0.016000
0 0.767000 0.682000 0.023000 0.034000
0 0.286500 0.362000 0.016000 0.016000
0 0.585000 0.671500 0.023000 0.020000
0 0.557000 0.535000 0.015000 0.009000
0 0.558500 0.318000 0.018000 0.018000
0 0.520000 0.560500 0.014000 0.015000
0 0.702500 0.488000 0.013000 0.014000
0 0.412500 0.622500 0.018000 0.017000
0 0.598500 0.318000 0.026000 0.023000
0 0.303000 0.567500 0.017000 0.017000
0 0.369000 0.493500 0.019000 0.021000
0 0.733500 0.446500 0.014000 0.018000
0 0.284000 0.504500 0.016000 0.015000
0 0.321000 0.543000 0.027000 0.028000
0 0.599500 0.755500 0.011000 0.009000
0 0.654000 0.385500 0.020000 0.024000
0 0.406500 0.842500 0.027000 0.027000
0 0.690000 0.465000 0.015000 0.012000
0 0.652500 0.571500 0.012000 0.013000
0 0.343000 0.433000 0.023000 0.024000
0 0.498500 0.471000 0.015000 0.012000
0 0.459750 0.342500 0.029500 0.020000
0 0.481500 0.501000 0.025000 0.021000
0 0.321500 0.523500 0.011000 0.013000
0 0.543500 0.262500 0.020000 0.023000
0 0.365000 0.421000 0.015000 0.018000
0 0.717000 0.633000 0.020000 0.021000
0 0.514000 0.686000 0.017000 0.021000
0 0.451500 0.234000 0.014000 0.014000
0 0.680000 0.485500 0.024000 0.022000
0 0.380500 0.251250 0.011000 0.011500
0 0.443500 0.613000 0.027000 0.020000
0 0.458500 0.618000 0.028000 0.022000
0 0.293500 0.394500 0.013000 0.013000
0 0.595500 0.264500 0.012000 0.014000
0 0.345500 0.601500 0.014000 0.015000
0 0.610000 0.279000 0.032000 0.020000
0 0.197000 0.271500 0.018000 0.018000
0 0.461000 0.573000 0.016000 0.019000
0 0.745000 0.533500 0.012000 0.015000
0 0.694500 0.682500 0.013000 0.013000
0 0.487000 0.862500 0.021000 0.024000
0 0.685500 0.759500 0.015000 0.009000
0 0.348000 0.667500 0.029000 0.019000
0 0.355250 0.615500 0.020500 0.015000
0 0.523500 0.637500 0.010000 0.010000
0 0.361000 0.233500 0.029000 0.027000
0 0.570000 0.348500 0.015000 0.016000
0 0.529000 0.568500 0.019000 0.017000
0 0.404500 0.431500 0.015000 0.013000
0 0.658500 0.873000 0.014000 0.021000
0 0.624000 0.182500 0.021000 0.022000
0 0.533000 0.737500 0.020000 0.023000
0 0.421000 0.446000 0.019000 0.023000
0 0.776500 0.707500 0.028000 0.026000
0 0.883000 0.503000 0.025000 0.025000
0 0.165000 0.647500 0.032000 0.018000
0 0.238500 0.468500 0.018000 0.020000
0 0.641000 0.185000 0.025000 0.022000
0 0.282500 0.179500 0.015000 0.015000
0 0.424500 0.405500 0.016000 0.014000
0 0.563000 0.467000 0.024000 0.021000
0 0.419000 0.372000 0.021000 0.019000
0 0.744000 0.419500 0.018000 0.018000
0 0.531000 0.532500 0.010000 0.013000
0 0.653500 0.359500 0.012000 0.009000
0 0.089500 0.542000 0.025000 0.021000
0 0.201500 0.369000 0.023000 0.019000
0 0.395000 0.569000 0.027000 0.023000
0 0.688500 0.276500 0.021000 0.018000
0 0.440000 0.426000 0.019000 0.019000
0 0.739500 0.346000 0.025000 0.022000
0 0.529000 0.367000 0.018000 0.026000
0 0.476500 0.409000 0.017000 0.017000
0 0.574500 0.113000 0.010000 0.011000
0 0.580000 0.539000 0.024000 0.023000
0 0.446000 0.441000 0.014000 0.016000
0 0.484500 0.716000 0.022000 0.022000
0 0.229500 0.225500 0.011000 0.010000
0 0.760000 0.556500 0.025000 0.021000
0 0.273500 0.193500 0.021000 0.018000
0 0.310000 0.821500 0.015000 0.022000
0 0.481500 0.560500 0.024000 0.019000
0 0.662500 0.481000 0.021000 0.020000
0 0.528000 0.521000 0.021000 0.024000
0 0.333000 0.807000 0.022000 0.020000
0 0.591000 0.510000 0.014000 0.011000
0 0.513000 0.555000 0.029000 0.027000
0 0.390000 0.521000 0.013000 0.010000
0 0.429500 0.336500 0.013000 0.012000
0 0.218500 0.490500 0.019000 0.019000
0 0.427500 0.818500 0.030000 0.025000
0 0.826500 0.618000 0.013000 0.016000
0 0.214000 0.774000 0.019000 0.018000
0 0.566500 0.419500 0.023000 0.022000
0 0.150500 0.327000 0.016000 0.011000
0 0.268000 0.499000 0.020000 0.022000
0 0.426000 0.479500 0.024000 0.021000
0 0.523000 0.702000 0.016000 0.016000
0 0.584000 0.491500 0.025000 0.025000
0 0.466500 0.474500 0.024000 0.014000
0 0.359500 0.527500 0.025000 0.021000
0 0.273500 0.535500 0.025000 0.019000
0 0.341000 0.269500 0.017000 0.019000
0 0.513000 0.630500 0.012000 0.013000
0 0.590500 0.296500 0.020000 0.019000
0 0.595000 0.723000 0.025000 0.017000
0 0.708000 0.396500 0.018000 0.025000
0 0.482500 0.520000 0.021000 0.028000
0 0.300500 0.512500 0.021000 0.020000
0 0.761500 0.475000 0.021000 0.023000
0 0.580500 0.893500 0.029000 0.031000
0 0.503000 0.371500 0.011000 0.015000
0 0.463500 0.461000 0.021000 0.023000
0 0.450500 0.494000 0.012000 0.011000
0 0.554000 0.374000 0.027000 0.031000
0 0.124500 0.545500 0.030000 0.036000
0 0.657000 0.468750 0.012000 0.014500
0 0.418000 0.423000 0.021000 0.022000
0 0.213000 0.508500 0.019000 0.028000
0 0.577500 0.485000 0.023000 0.019000
0 0.658500 0.677000 0.013000 0.013000
0 0.281500 0.459000 0.025000 0.026000
0 0.497500 0.584000 0.025000 0.032000
0 0.521500 0.447000 0.020000 0.024000
0 0.744000 0.552000 0.028000 0.020000
0 0.222000 0.690500 0.015000 0.010000
0 0.435000 0.556000 0.025000 0.024000
0 0.585000 0.595000 0.016000 0.019000
0 0.783000 0.190000 0.026000 0.018000
0 0.144500 0.509000 0.010000 0.010000
0 0.497000 0.217500 0.012000 0.013000
0 0.316000 0.729500 0.014000 0.014000
0 0.181500 0.519000 0.022000 0.031000
0 0.528000 0.517500 0.016000 0.021000
0 0.258000 0.222500 0.022000 0.023000
0 0.134500 0.625500 0.022000 0.016000
0 0.278000 0.840000 0.025000 0.023000
0 0.406500 0.481500 0.021000 0.019000
0 0.543500 0.494000 0.016000 0.012000
0 0.679000 0.473000 0.025000 0.025000
0 0.421000 0.333000 0.014000 0.015000
0 0.456000 0.410000 0.018000 0.013000
0 0.122000 0.581000 0.019000 0.019000
0 0.556000 0.442500 0.016000 0.014000
0 0.544000 0.410500 0.024000 0.024000
0 0.450500 0.208000 0.029000 0.028000
0 0.157500 0.356500 0.027000 0.031000
0 0.481000 0.479000 0.024000 0.020000
0 0.148500 0.401500 0.014000 0.020000
0 0.335000 0.167000 0.024000 0.024000
0 0.534000 0.571500 0.015000 0.019000
0 0.372500 0.459500 0.018000 0.019000
0 0.089500 0.533000 0.016000 0.018000
0 0.489000 0.111500 0.028000 0.029000
0 0.490500 0.538000 0.032000 0.032000
0 0.081500 0.527500 0.027000 0.029000
0 0.191000 0.232500 0.018000 0.017000
0 0.421000 0.528500 0.009000 0.011000
0 0.715000 0.301500 0.013000 0.012000
0 0.306500 0.311500 0.015000 0.014000
0 0.280000 0.513000 0.014000 0.015000
0 0.520500 0.221000 0.022000 0.021000
0 0.406500 0.520750 0.010000 0.014500
0 0.155000 0.669000 0.020000 0.025000
0 0.530500 0.506500 0.018000 0.016000
0 0.881000 0.493750 0.019000 0.026500
0 0.627500 0.715500 0.023000 0.020000
0 0.604000 0.397500 0.024000 0.021000
0 0.500500 0.863000 0.025000 0.022000
0 0.144500 0.608000 0.010000 0.012000
0 0.106500 0.431000 0.033000 0.028000
0 0.254500 0.420500 0.027000 0.032000
0 0.332000 0.755500 0.028000 0.023000
0 0.168500 0.309500 0.014000 0.012000
0 0.679000 0.414500 0.031000 0.022000
0 0.881000 0.442000 0.025000 0.024000
0 0.461000 0.511000 0.013000 0.021000
0 0.694000 0.599500 0.016000 0.017000
0 0.568250 0.752500 0.026500 0.020000
0 0.706500 0.520500 0.018000 0.018000
0 0.519000 0.471000 0.022000 0.018000
0 0.744000 0.525000 0.014000 0.012000
0 0.236000 0.759500 0.015000 0.016000
0 0.379750 0.761500 0.026500 0.020000
0 0.697000 0.206500 0.029000 0.028000
0 0.521500 0.550000 0.017000 0.016000
0 0.481500 0.380500 0.015000 0.013000
0 0.374000 0.504000 0.013000 0.009000
0 0.385500 0.465000 0.019000 0.019000
0 0.246000 0.436000 0.008000 0.008000
0 0.399000 0.170500 0.024000 0.020000
0 0.491000 0.697500 0.023000 0.027000
0 0.699000 0.387000 0.010000 0.011000
0 0.439000 0.570500 0.008000 0.013000
0 0.355500 0.663000 0.022000 0.032000
0 0.315000 0.828500 0.009000 0.012000
0 0.578000 0.600500 0.024000 0.031000
0 0.426000 0.118000 0.024000 0.023000
0 0.483000 0.530500 0.016000 0.016000
0 0.219500 0.329500 0.022000 0.025000
0 0.485250 0.133000 0.020500 0.015000
0 0.461500 0.660000 0.026000 0.027000
0 0.376500 0.355000 0.010000 0.009000
0 0.466000 0.842000 0.021000 0.025000
0 0.721000 0.506500 0.024000 0.021000
0 0.300500 0.540000 0.032000 0.033000
0 0.267500 0.708000 0.034000 0.032000
0 0.316000 0.350500 0.012000 0.012000
0 0.336000 0.783000 0.023000 0.025000
0 0.684500 0.432500 0.013000 0.018000
0 0.586500 0.364000 0.021000 0.022000
0 0.597500 0.623500 0.026000 0.027000
0 0.479500 0.569500 0.025000 0.027000
0 0.166000 0.632500 0.026000 0.028000
0 0.499500 0.408000 0.026000 0.028000
0 0.632000 0.214500 0.026000 0.031000
0 0.668000 0.787000 0.024000 0.019000
0 0.553500 0.130000 0.024000 0.027000
0 0.124000 0.471500 0.030000 0.021000
0 0.592500 0.452500 0.019000 0.018000
0 0.495500 0.396500 0.026000 0.027000
0 0.646000 0.344000 0.027000 0.026000
0 0.531500 0.464000 0.021000 0.026000
0 0.325000 0.278500 0.013000 0.015000
0 0.492500 0.534500 0.014000 0.014000
0 0.792000 0.394000 0.018000 0.017000
0 0.583500 0.769500 0.031000 0.033000
0 0.396500 0.508500 0.020000 0.026000
0 0.302000 0.412000 0.017000 0.017000
0 0.157500 0.302500 0.022000 0.023000
0 0.837000 0.400500 0.011000 0.015000
0 0.517000 0.394500 0.023000 0.019000
0 0.621500 0.448000 0.031000 0.023000
0 0.509500 0.565500 0.030000 0.028000
0 0.557000 0.418500 0.023000 0.026000
0 0.456000 0.604000 0.028000 0.029000
0 0.162000 0.344500 0.009000 0.010000
0 0.473500 0.522000 0.021000 0.014000
0 0.321000 0.416500 0.026000 0.026000
0 0.543000 0.378500 0.020000 0.015000
0 0.467500 0.382000 0.020000 0.026000
0 0.337000 0.565000 0.022000 0.021000
0 0.648000 0.189000 0.016000 0.017000
0 0.682500 0.384500 0.015000 0.015000
0 0.351000 0.211000 0.012000 0.009000
0 0.472000 0.586500 0.018000 0.018000
0 0.537500 0.629000 0.015000 0.011000
0 0.811000 0.487000 0.024000 0.024000
0 0.117000 0.644000 0.023000 0.027000
0 0.096000 0.553500 0.016000 0.016000
0 0.489500 0.344500 0.027000 0.026000
0 0.550500 0.616000 0.022000 0.028000
0 0.324500 0.321500 0.025000 0.025000
0 0.862500 0.703250 0.008000 0.011500