0 0.520000 0.503500 0.020000 0.021000
0 0.442000 0.343000 0.019000 0.022000
0 0.286500 0.347500 0.013000 0.014000
0 0.174500 0.392000 0.017000 0.020000
0 0.116500 0.398000 0.015000 0.020000
0 0.644500 0.262500 0.023000 0.023000
0 0.119000 0.428500 0.014000 0.011000
0 0.340500 0.220000 0.027000 0.026000
0 0.501500 0.513500 0.016000 0.012000
0 0.282500 0.819000 0.019000 0.020000
0 0.530000 0.511000 0.022000 0.022000
0 0.575000 0.338000 0.022000 0.024000
0 0.500500 0.386500 0.022000 0.028000
0 0.242000 0.573500 0.016000 0.019000
0 0.560000 0.463500 0.014000 0.010000
0 0.577500 0.617000 0.020000 0.021000
0 0.699500 0.411000 0.020000 0.022000
0 0.591500 0.587000 0.015000 0.017000
0 0.246500 0.516000 0.024000 0.025000
0 0.206000 0.699500 0.027000 0.025000
0 0.522000 0.580500 0.014000 0.019000
0 0.602500 0.237500 0.025000 0.024000
0 0.566000 0.525500 0.011000 0.009000
0 0.284500 0.703500 0.017000 0.013000
0 0.724000 0.377500 0.030000 0.024000
0 0.331500 0.441000 0.018000 0.021000
0 0.840500 0.491500 0.023000 0.023000
0 0.634000 0.696000 0.020000 0.016000
0 0.637500 0.514500 0.011000 0.010000
0 0.842000 0.268000 0.025000 0.024000
0 0.132000 0.667000 0.016000 0.014000
0 0.632500 0.590500 0.024000 0.030000
0 0.535000 0.397500 0.012000 0.022000
0 0.544500 0.426500 0.014000 0.014000
0 0.613500 0.414000 0.026000 0.022000
0 0.584000 0.236500 0.022000 0.023000
0 0.787000 0.653000 0.029000 0.028000
0 0.153000 0.623500 0.028000 0.034000
0 0.183500 0.469000 0.015000 0.012000
0 0.488500 0.359500 0.027000 0.026000
0 0.353000 0.788500 0.018000 0.018000
0 0.560000 0.712000 0.022000 0.024000
0 0.704500 0.225500 0.010000 0.013000
0 0.469000 0.361500 0.028000 0.026000
0 0.645500 0.382000 0.029000 0.023000
0 0.238500 0.375000 0.016000 0.016000
0 0.348500 0.276000 0.014000 0.013000
0 0.430750 0.543000 0.026500 0.018000
0 0.717000 0.775000 0.011000 0.013000
0 0.467500 0.451500 0.012000 0.013000
0 0.428500 0.256500 0.012000 0.013000
0 0.355500 0.552500 0.020000 0.016000
0 0.435500 0.656500 0.020000 0.020000
0 0.465500 0.251500 0.012000 0.014000
0 0.459000 0.608500 0.016000 0.016000
0 0.746500 0.761500 0.022000 0.019000
0 0.220500 0.358000 0.010000 0.010000
0 0.510500 0.713000 0.021000 0.019000
0 0.185500 0.725000 0.018000 0.017000
0 0.668500 0.387000 0.030000 0.027000
0 0.652500 0.293500 0.032000 0.026000
0 0.840000 0.460500 0.034000 0.027000
0 0.690000 0.181000 0.012000 0.012000
0 0.297500 0.755500 0.020000 0.019000
0 0.246000 0.784500 0.018000 0.017000
0 0.489000 0.549000 0.031000 0.026000
0 0.307000 0.714000 0.011000 0.012000
0 0.291500 0.606500 0.021000 0.019000
0 0.444500 0.623000 0.025000 0.027000
0 0.507000 0.087000 0.026000 0.024000
0 0.408000 0.180000 0.014000 0.014000
0 0.539000 0.672000 0.018000 0.021000
0 0.357000 0.666000 0.024000 0.023000
0 0.526000 0.493000 0.030000 0.021000
0 0.716000 0.553000 0.020000 0.019000
0 0.325000 0.802000 0.026000 0.022000
0 0.628500 0.297000 0.017000 0.018000
0 0.501500 0.490500 0.017000 0.017000
0 0.558500 0.315500 0.010000 0.010000
0 0.672750 0.349000 0.014500 0.011000
0 0.433000 0.517000 0.013000 0.016000
0 0.429000 0.169500 0.018000 0.014000
0 0.505500 0.358500 0.023000 0.023000
0 0.333000 0.240000 0.036000 0.028000
0 0.712500 0.512500 0.016000 0.015000
0 0.409500 0.513500 0.013000 0.013000
0 0.465500 0.789000 0.017000 0.019000
0 0.560000 0.531500 0.024000 0.019000
0 0.426000 0.103000 0.011000 0.012000
0 0.249000 0.331000 0.019000 0.017000
0 0.712500 0.265000 0.028000 0.020000
0 0.097000 0.507500 0.019000 0.013000
0 0.425500 0.634000 0.021000 0.018000
0 0.428500 0.321500 0.016000 0.019000
0 0.511500 0.571000 0.018000 0.017000
0 0.509000 0.520000 0.013000 0.015000
0 0.667500 0.477000 0.022000 0.017000
0 0.665000 0.453500 0.020000 0.031000
0 0.561000 0.232500 0.018000 0.022000
0 0.475500 0.704500 0.013000 0.012000
0 0.667000 0.660000 0.020000 0.020000
0 0.541000 0.346000 0.012000 0.012000
0 0.713500 0.599500 0.022000 0.030000
0 0.574500 0.577500 0.024000 0.024000
0 0.631000 0.890000 0.018000 0.021000
0 0.795500 0.328500 0.016000 0.020000
0 0.451000 0.604500 0.025000 0.026000
0 0.369500 0.225000 0.029000 0.034000
0 0.547500 0.754000 0.024000 0.022000
0 0.417500 0.596500 0.019000 0.020000
0 0.733500 0.426000 0.022000 0.027000
0 0.604000 0.500000 0.025000 0.023000
0 0.343500 0.599500 0.018000 0.016000
0 0.597500 0.549000 0.014000 0.016000
0 0.391000 0.508500 0.030000 0.028000
0 0.821000 0.377500 0.015000 0.017000
0 0.575500 0.456500 0.015000 0.016000
0 0.385000 0.444000 0.016000 0.020000
0 0.693500 0.401500 0.031000 0.027000
0 0.544000 0.575500 0.023000 0.019000
0 0.206000 0.563500 0.014000 0.018000
0 0.878500 0.428000 0.020000 0.017000
0 0.570500 0.640000 0.024000 0.019000
0 0.209000 0.582500 0.030000 0.030000
0 0.342500 0.764500 0.024000 0.023000
0 0.473000 0.534000 0.020000 0.021000
0 0.205000 0.691500 0.026000 0.027000
0 0.739500 0.538500 0.023000 0.023000
0 0.569500 0.348000 0.033000 0.032000
0 0.628000 0.609500 0.019000 0.013000
0 0.384000 0.533000 0.026000 0.022000
0 0.622000 0.775500 0.026000 0.026000
0 0.335500 0.626500 0.019000 0.020000
0 0.556500 0.605500 0.023000 0.019000
0 0.857000 0.583500 0.022000 0.020000
0 0.636500 0.543000 0.011000 0.010000
0 0.593000 0.571500 0.020000 0.021000
0 0.395500 0.752000 0.020000 0.022000
0 0.916000 0.550000 0.015000 0.022000
0 0.526500 0.445000 0.012000 0.012000
0 0.536500 0.813000 0.015000 0.012000
0 0.288000 0.407500 0.017000 0.016000
0 0.375000 0.520500 0.025000 0.017000
0 0.828000 0.372000 0.016000 0.019000
0 0.458000 0.530000 0.013000 0.012000
0 0.443750 0.550250 0.018500 0.018500
0 0.845500 0.506000 0.018000 0.018000
0 0.700000 0.475500 0.009000 0.009000
0 0.384500 0.861750 0.010000 0.014500
0 0.183500 0.363500 0.018000 0.015000
0 0.653000 0.587500 0.023000 0.032000
0 0.234000 0.747000 0.020000 0.020000
0 0.435500 0.489500 0.014000 0.019000
0 0.519500 0.554500 0.013000 0.014000
0 0.288000 0.856000 0.024000 0.029000
0 0.494000 0.422000 0.022000 0.022000
0 0.354000 0.355500 0.022000 0.020000
0 0.715000 0.392500 0.025000 0.023000
0 0.349000 0.371500 0.018000 0.023000
0 0.685500 0.534000 0.034000 0.035000
0 0.500000 0.499500 0.030000 0.031000
0 0.786000 0.235000 0.013000 0.017000
0 0.763500 0.342000 0.028000 0.030000
0 0.170000 0.521000 0.014000 0.020000
0 0.567000 0.845500 0.023000 0.016000
0 0.669000 0.651500 0.015000 0.019000
0 0.361000 0.570500 0.019000 0.014000
0 0.516500 0.561000 0.014000 0.016000
0 0.497500 0.686500 0.013000 0.013000
0 0.330500 0.270500 0.018000 0.019000
0 0.494000 0.162000 0.015000 0.017000
0 0.480500 0.511000 0.015000 0.012000
0 0.331500 0.338000 0.018000 0.018000
0 0.804000 0.452500 0.010000 0.014000
0 0.508000 0.562000 0.011000 0.016000
0 0.775500 0.372000 0.027000 0.028000
0 0.528000 0.401000 0.017000 0.012000
0 0.306000 0.858000 0.022000 0.013000
0 0.377000 0.577500 0.014000 0.015000
0 0.360500 0.268000 0.026000 0.024000
0 0.484000 0.422500 0.021000 0.021000
0 0.469500 0.240500 0.020000 0.021000
0 0.546500 0.491500 0.022000 0.028000
0 0.544000 0.505000 0.028000 0.024000
0 0.328500 0.427000 0.026000 0.026000
0 0.657500 0.348000 0.025000 0.025000
0 0.381500 0.835000 0.024000 0.025000
0 0.694000 0.172500 0.025000 0.024000
0 0.139500 0.664000 0.017000 0.019000
0 0.395000 0.331000 0.025000 0.019000
0 0.403500 0.831000 0.025000 0.025000
0 0.334500 0.166500 0.018000 0.016000
0 0.273500 0.743000 0.016000 0.017000
0 0.485000 0.476500 0.028000 0.025000
0 0.603500 0.324000 0.023000 0.019000
0 0.687000 0.781000 0.018000 0.018000
0 0.733000 0.804000 0.019000 0.018000
0 0.580000 0.701500 0.010000 0.012000
0 0.568250 0.691000 0.026500 0.018000
0 0.353500 0.534500 0.014000 0.015000
0 0.460500 0.491500 0.015000 0.015000
0 0.373000 0.588000 0.018000 0.024000
0 0.643500 0.532500 0.019000 0.017000
0 0.552000 0.571500 0.008000 0.014000
0 0.506500 0.509000 0.016000 0.011000
0 0.503500 0.240000 0.010000 0.009000
0 0.564500 0.306500 0.017000 0.019000
0 0.558000 0.482000 0.019000 0.021000
0 0.750000 0.549000 0.015000 0.015000
0 0.270000 0.560000 0.020000 0.020000
0 0.419500 0.369000 0.029000 0.027000
0 0.792500 0.528500 0.022000 0.031000
0 0.569000 0.558500 0.027000 0.036000
0 0.402000 0.457500 0.025000 0.023000
0 0.587500 0.494000 0.025000 0.019000
0 0.908500 0.539750 0.012000 0.017500
0 0.534000 0.341500 0.020000 0.024000
0 0.824500 0.530000 0.018000 0.019000
0 0.466000 0.402000 0.017000 0.013000
0 0.620500 0.695000 0.029000 0.023000
0 0.655000 0.179000 0.021000 0.025000
0 0.510500 0.707000 0.019000 0.023000
0 0.304000 0.785000 0.017000 0.017000
0 0.502500 0.456000 0.021000 0.018000
0 0.519000 0.652000 0.015000 0.013000
0 0.552500 0.307000 0.015000 0.013000
0 0.497000 0.623500 0.030000 0.028000
0 0.560000 0.766500 0.025000 0.025000
0 0.638500 0.802000 0.021000 0.015000
0 0.590000 0.856000 0.015000 0.015000
0 0.609500 0.591500 0.015000 0.013000
0 0.475500 0.519500 0.015000 0.016000
0 0.619500 0.234000 0.010000 0.011000
0 0.660000 0.513000 0.020000 0.021000
0 0.170000 0.381500 0.029000 0.026000
0 0.704500 0.449500 0.013000 0.013000
0 0.574500 0.473000 0.018000 0.016000
0 0.647500 0.215500 0.023000 0.022000
0 0.316000 0.190000 0.027000 0.025000
0 0.326500 0.369500 0.011000 0.008000
0 0.477500 0.119000 0.019000 0.020000
0 0.136000 0.289500 0.019000 0.015000
0 0.688000 0.344000 0.012000 0.012000
0 0.852000 0.320500 0.017000 0.017000
0 0.513000 0.757000 0.010000 0.009000
0 0.600500 0.640500 0.019000 0.020000
0 0.805500 0.526500 0.031000 0.024000
0 0.369000 0.425500 0.018000 0.015000
0 0.443000 0.532500 0.015000 0.016000
0 0.683000 0.599500 0.029000 0.030000
0 0.322500 0.757500 0.015000 0.017000
0 0.477500 0.569500 0.028000 0.027000
0 0.501000 0.820000 0.024000 0.025000
0 0.587500 0.786500 0.018000 0.020000
0 0.368500 0.580000 0.015000 0.016000
0 0.705500 0.338500 0.022000 0.025000
0 0.446500 0.465500 0.009000 0.010000
0 0.186000 0.619500 0.020000 0.025000
0 0.331500 0.377500 0.016000 0.012000
0 0.209000 0.733500 0.021000 0.024000
0 0.447500 0.456000 0.016000 0.018000
0 0.677000 0.651500 0.023000 0.021000
0 0.419500 0.491500 0.035000 0.028000
0 0.481500 0.492000 0.015000 0.014000
0 0.621500 0.477000 0.016000 0.014000
0 0.634500 0.178000 0.024000 0.022000
0 0.345500 0.704500 0.015000 0.015000
0 0.313500 0.140000 0.026000 0.020000
0 0.580000 0.387000 0.016000 0.016000
0 0.386500 0.585500 0.032000 0.027000
0 0.310000 0.421000 0.026000 0.034000
0 0.674000 0.783500 0.021000 0.024000
0 0.403500 0.138000 0.026000 0.026000
0 0.473000 0.250000 0.022000 0.018000
0 0.731000 0.552000 0.011000 0.011000
0 0.486500 0.439000 0.025000 0.028000
0 0.629000 0.449000 0.028000 0.020000
0 0.673500 0.794000 0.019000 0.019000
0 0.865000 0.594000 0.029000 0.031000
0 0.549500 0.100000 0.011000 0.013000
0 0.542500 0.386000 0.020000 0.028000
0 0.472500 0.492500 0.023000 0.020000
0 0.451500 0.442500 0.021000 0.020000
0 0.330000 0.352500 0.023000 0.026000
0 0.506000 0.425500 0.034000 0.034000
0 0.357000 0.736000 0.014000 0.014000
0 0.442500 0.280000 0.026000 0.034000
0 0.886500 0.612750 0.014000 0.020500
0 0.120500 0.612000 0.015000 0.015000
0 0.493000 0.535000 0.025000 0.024000
0 0.498000 0.524500 0.013000 0.014000
0 0.204000 0.628500 0.009000 0.013000
0 0.605000 0.508000 0.022000 0.018000
0 0.093000 0.446500 0.025000 0.021000
0 0.472500 0.501500 0.010000 0.011000
0 0.509500 0.411000 0.029000 0.029000
0 0.267500 0.505000 0.022000 0.023000
0 0.631000 0.226500 0.024000 0.017000
0 0.277500 0.383500 0.010000 0.010000
0 0.816500 0.349500 0.016000 0.012000
0 0.856000 0.631750 0.014000 0.017500
0 0.850000 0.632500 0.019000 0.016000
0 0.649000 0.439000 0.018000 0.022000
0 0.803500 0.680500 0.014000 0.015000
0 0.295500 0.427000 0.029000 0.030000
0 0.351000 0.421000 0.023000 0.033000
0 0.392000 0.109500 0.016000 0.015000
0 0.879000 0.642500 0.014000 0.016000
0 0.435500 0.727000 0.022000 0.031000
0 0.417000 0.531500 0.016000 0.020000
0 0.784500 0.513000 0.015000 0.020000
0 0.544500 0.588500 0.013000 0.013000
0 0.556000 0.425500 0.019000 0.016000
0 0.715000 0.403500 0.015000 0.015000
0 0.446500 0.598500 0.020000 0.018000
0 0.398500 0.273500 0.009000 0.011000
0 0.537500 0.475000 0.019000 0.029000
0 0.892500 0.459000 0.027000 0.025000
0 0.356500 0.648000 0.022000 0.015000
0 0.570500 0.514500 0.019000 0.015000
0 0.306000 0.666500 0.016000 0.012000
0 0.472500 0.311000 0.029000 0.027000
0 0.409000 0.550500 0.029000 0.029000
0 0.695000 0.660000 0.025000 0.025000
0 0.485000 0.523500 0.018000 0.021000
0 0.409000 0.588000 0.017000 0.017000
0 0.414750 0.542500 0.020500 0.016000
0 0.749000 0.803000 0.025000 0.027000
0 0.482000 0.455000 0.023000 0.026000
0 0.315000 0.647000 0.026000 0.023000
0 0.511000 0.500000 0.024000 0.028000
0 0.464500 0.461500 0.018000 0.019000
0 0.538500 0.227000 0.015000 0.016000
0 0.572500 0.387500 0.015000 0.018000
0 0.425000 0.699500 0.012000 0.013000
0 0.670000 0.262000 0.009000 0.010000
0 0.772500 0.686000 0.018000 0.018000
0 0.643500 0.615000 0.013000 0.014000
0 0.871000 0.419500 0.024000 0.025000
0 0.622500 0.498000 0.028000 0.021000
0 0.301500 0.469000 0.023000 0.022000
0 0.397000 0.514000 0.017000 0.019000
0 0.684000 0.582000 0.012000 0.012000
0 0.619500 0.277500 0.021000 0.022000
0 0.410000 0.562000 0.023000 0.030000
0 0.628500 0.333000 0.014000 0.018000
0 0.644500 0.788500 0.022000 0.021000
0 0.445500 0.492000 0.013000 0.010000
0 0.425500 0.740000 0.016000 0.022000
0 0.679500 0.445500 0.018000 0.014000
0 0.356000 0.336500 0.027000 0.027000
0 0.512500 0.634500 0.009000 0.011000
0 0.841000 0.684000 0.014000 0.015000
0 0.174500 0.498500 0.021000 0.023000
0 0.187000 0.553500 0.022000 0.029000
0 0.739000 0.557000 0.015000 0.015000
0 0.613250 0.537500 0.020500 0.014000
0 0.651500 0.726000 0.018000 0.019000
0 0.611000 0.436000 0.026000 0.023000
0 0.315500 0.623000 0.015000 0.015000
0 0.490000 0.395500 0.022000 0.026000
0 0.388500 0.137500 0.026000 0.030000
0 0.787500 0.694500 0.016000 0.015000
0 0.398500 0.608000 0.021000 0.029000
0 0.714000 0.623000 0.019000 0.018000
0 0.623000 0.398000 0.028000 0.028000
0 0.400000 0.603000 0.027000 0.029000
0 0.092500 0.407000 0.013000 0.015000
0 0.684500 0.525500 0.021000 0.022000
0 0.395500 0.300250 0.021000 0.029500
0 0.646500 0.407000 0.026000 0.029000
0 0.290000 0.578000 0.013000 0.017000
0 0.730500 0.677500 0.027000 0.029000
0 0.512000 0.489500 0.011000 0.011000
0 0.687500 0.450000 0.026000 0.019000
0 0.784000 0.449000 0.011000 0.012000
0 0.364000 0.318500 0.027000 0.026000
0 0.466000 0.482500 0.014000 0.013000
0 0.526500 0.741000 0.022000 0.016000
0 0.530000 0.777500 0.018000 0.021000
0 0.441000 0.289500 0.010000 0.011000
0 0.351000 0.348000 0.013000 0.009000
0 0.550500 0.490000 0.017000 0.017000
0 0.490000 0.563500 0.026000 0.022000
0 0.587000 0.187500 0.024000 0.017000
0 0.531000 0.381500 0.018000 0.018000
0 0.617500 0.762500 0.017000 0.019000
0 0.553000 0.854000 0.020000 0.022000
0 0.474500 0.319500 0.013000 0.014000
0 0.731000 0.159000 0.019000 0.022000
0 0.420000 0.881000 0.022000 0.025000
0 0.402000 0.255000 0.019000 0.015000
0 0.400500 0.564000 0.013000 0.009000
0 0.157500 0.298000 0.015000 0.023000
0 0.352500 0.306500 0.020000 0.028000
0 0.395500 0.548000 0.021000 0.014000
0 0.511500 0.604000 0.024000 0.020000
0 0.908000 0.554000 0.026000 0.030000
0 0.405500 0.351000 0.016000 0.014000
0 0.618000 0.578000 0.017000 0.019000
0 0.498500 0.504500 0.020000 0.021000
0 0.761500 0.389500 0.017000 0.016000
0 0.644500 0.156500 0.028000 0.021000
0 0.267500 0.253500 0.015000 0.014000
0 0.632000 0.166500 0.016000 0.017000
0 0.628500 0.530000 0.019000 0.021000
0 0.206500 0.609500 0.014000 0.017000
0 0.621000 0.616000 0.032000 0.031000
0 0.579500 0.494000 0.031000 0.033000
0 0.387000 0.252000 0.019000 0.026000
0 0.186000 0.558500 0.028000 0.018000
0 0.862500 0.419500 0.022000 0.017000
0 0.504000 0.668000 0.018000 0.012000
0 0.465500 0.440000 0.014000 0.021000
0 0.854000 0.292500 0.017000 0.020000
0 0.812750 0.520000 0.017500 0.015000
0 0.544000 0.535000 0.020000 0.022000
0 0.758500 0.482000 0.014000 0.017000
0 0.421500 0.835000 0.024000 0.018000
0 0.478000 0.469000 0.031000 0.030000
0 0.521000 0.467500 0.024000 0.025000
0 0.263000 0.183000 0.014000 0.013000
0 0.410500 0.392500 0.016000 0.013000
0 0.597500 0.386500 0.011000 0.011000
0 0.621000 0.846500 0.013000 0.018000
0 0.524000 0.511000 0.028000 0.030000
0 0.491000 0.583500 0.027000 0.026000
0 0.669000 0.514000 0.026000 0.026000
0 0.657000 0.114000 0.013000 0.015000
0 0.242500 0.509000 0.022000 0.016000
0 0.649500 0.196500 0.017000 0.015000
0 0.214000 0.540000 0.020000 0.023000
0 0.707000 0.149000 0.021000 0.028000
0 0.747500 0.776500 0.025000 0.024000
0 0.657000 0.548250 0.018000 0.020500
0 0.536000 0.619500 0.021000 0.020000
0 0.506000 0.639000 0.013000 0.012000
0 0.771000 0.302000 0.010000 0.010000
0 0.549500 0.571000 0.017000 0.013000
0 0.305000 0.216500 0.024000 0.028000
0 0.699000 0.444500 0.023000 0.028000
0 0.542500 0.280500 0.026000 0.026000
0 0.456000 0.583500 0.025000 0.027000
0 0.553000 0.376000 0.022000 0.022000
0 0.611000 0.572000 0.021000 0.016000
0 0.414500 0.281000 0.015000 0.017000
0 0.091500 0.492000 0.031000 0.027000
0 0.555000 0.447000 0.017000 0.022000
0 0.802000 0.652500 0.026000 0.018000
0 0.263500 0.679000 0.012000 0.013000
0 0.361000 0.374500 0.013000 0.011000
0 0.538000 0.391000 0.011000 0.011000
0 0.571000 0.905000 0.020000 0.017000
0 0.364500 0.321500 0.020000 0.022000
0 0.386500 0.293000 0.025000 0.036000
0 0.644500 0.372000 0.015000 0.012000
0 0.630500 0.585000 0.018000 0.017000
0 0.582500 0.582500 0.011000 0.009000
0 0.845000 0.429500 0.026000 0.027000
0 0.526000 0.485000 0.020000 0.022000
0 0.545000 0.599500 0.014000 0.014000
0 0.610000 0.803500 0.019000 0.016000
0 0.336500 0.281000 0.020000 0.023000
0 0.850500 0.415500 0.030000 0.030000
0 0.486000 0.301000 0.023000 0.024000
0 0.473750 0.409500 0.020500 0.016000
0 0.724000 0.492500 0.021000 0.021000
0 0.235000 0.676500 0.016000 0.018000
0 0.531000 0.428500 0.011000 0.012000
0 0.810000 0.597000 0.018000 0.020000
0 0.339000 0.694500 0.019000 0.025000
0 0.325000 0.627000 0.015000 0.017000
0 0.463000 0.598000 0.017000 0.018000
0 0.353000 0.542500 0.021000 0.020000
0 0.448500 0.650500 0.014000 0.022000
0 0.535500 0.466000 0.018000 0.020000
0 0.728000 0.451500 0.028000 0.029000
0 0.659500 0.164000 0.013000 0.013000
0 0.301000 0.597000 0.018000 0.018000
0 0.355000 0.198500 0.022000 0.015000
0 0.702500 0.390500 0.028000 0.028000
0 0.319500 0.242500 0.018000 0.016000
0 0.269500 0.535500 0.027000 0.026000
0 0.633500 0.621000 0.014000 0.013000
0 0.453000 0.372500 0.018000 0.019000
0 0.484000 0.500500 0.020000 0.028000
0 0.117000 0.505000 0.016000 0.016000
0 0.124500 0.446000 0.012000 0.011000
0 0.449000 0.381500 0.016000 0.016000
0 0.263000 0.587000 0.026000 0.026000
0 0.140000 0.630000 0.013000 0.015000
0 0.415500 0.314500 0.013000 0.014000
0 0.329000 0.829500 0.030000 0.028000
0 0.600000 0.706500 0.015000 0.016000
0 0.371500 0.531000 0.017000 0.020000
0 0.564500 0.786000 0.015000 0.015000
0 0.535000 0.414500 0.027000 0.019000
0 0.713500 0.402000 0.015000 0.014000
0 0.429000 0.559500 0.024000 0.025000
0 0.458500 0.296000 0.013000 0.010000
0 0.499500 0.410750 0.020000 0.029500
0 0.532000 0.541000 0.015000 0.016000
0 0.259000 0.202000 0.020000 0.018000
0 0.615000 0.749500 0.017000 0.015000
0 0.758000 0.413500 0.027000 0.022000
0 0.883500 0.470000 0.012000 0.012000
0 0.413500 0.611500 0.012000 0.015000
0 0.438500 0.447500 0.015000 0.019000
0 0.465000 0.539500 0.025000 0.024000
0 0.566000 0.537000 0.033000 0.032000
0 0.402500 0.396000 0.019000 0.017000
0 0.903000 0.591500 0.019000 0.027000
0 0.185500 0.504000 0.018000 0.018000
0 0.492500 0.500000 0.014000 0.013000
0 0.384500 0.617500 0.016000 0.015000
0 0.555000 0.137000 0.025000 0.024000
0 0.783000 0.602500 0.014000 0.013000
0 0.477500 0.433000 0.030000 0.031000
0 0.639750 0.684500 0.014500 0.010000
0 0.263000 0.512000 0.023000 0.023000
0 0.700000 0.217000 0.023000 0.025000
0 0.335000 0.147000 0.014000 0.015000
0 0.161500 0.733000 0.012000 0.010000
0 0.671500 0.817500 0.012000 0.015000
0 0.499000 0.341500 0.022000 0.021000
0 0.763000 0.525500 0.015000 0.015000
0 0.502000 0.484000 0.023000 0.017000
0 0.284000 0.606000 0.017000 0.017000
0 0.503000 0.126500 0.013000 0.012000
0 0.375250 0.294500 0.011500 0.010000
0 0.579500 0.548500 0.021000 0.020000
0 0.702500 0.827500 0.024000 0.020000
0 0.533750 0.692500 0.026500 0.018000
0 0.323500 0.856500 0.022000 0.022000
0 0.537500 0.511000 0.018000 0.021000
0 0.281000 0.450500 0.020000 0.021000
0 0.475000 0.611500 0.013000 0.010000
0 0.525000 0.478500 0.013000 0.017000
0 0.490500 0.135000 0.020000 0.022000
0 0.269000 0.475500 0.017000 0.022000
0 0.708500 0.714000 0.014000 0.017000
0 0.315000 0.519500 0.015000 0.014000
0 0.479500 0.270000 0.026000 0.028000
0 0.383500 0.646500 0.012000 0.014000
0 0.395500 0.633500 0.014000 0.011000
0 0.504000 0.131000 0.011000 0.016000
0 0.426000 0.630750 0.009000 0.011500
0 0.439000 0.095500 0.021000 0.024000
0 0.782500 0.322000 0.025000 0.028000
0 0.489000 0.498500 0.018000 0.010000
0 0.584000 0.905000 0.015000 0.015000
0 0.275000 0.824500 0.015000 0.014000
0 0.577000 0.167500 0.022000 0.018000
0 0.511000 0.736500 0.009000 0.013000
0 0.650500 0.473000 0.030000 0.034000
0 0.759500 0.725000 0.010000 0.010000
0 0.497500 0.667000 0.018000 0.017000
0 0.611500 0.374000 0.023000 0.022000
0 0.489000 0.198000 0.022000 0.021000
0 0.681500 0.740500 0.027000 0.018000
0 0.245500 0.279500 0.018000 0.015000
0 0.299000 0.735250 0.010000 0.014500
0 0.289000 0.634000 0.024000 0.020000
0 0.592500 0.448500 0.018000 0.015000
0 0.526500 0.096500 0.026000 0.026000
0 0.149000 0.527000 0.019000 0.020000
0 0.351500 0.264000 0.020000 0.021000
0 0.287000 0.390500 0.022000 0.023000
0 0.397500 0.842000 0.027000 0.023000
0 0.713500 0.811500 0.010000 0.010000
0 0.826500 0.557500 0.021000 0.020000
0 0.525000 0.094500 0.022000 0.023000
0 0.547000 0.448000 0.028000 0.034000
0 0.367500 0.405500 0.019000 0.025000
0 0.590500 0.144500 0.022000 0.017000
0 0.631500 0.315000 0.012000 0.010000
0 0.370000 0.185000 0.022000 0.022000
0 0.603000 0.200500 0.019000 0.015000
0 0.842000 0.517000 0.021000 0.018000
0 0.474000 0.487500 0.020000 0.024000
0 0.516000 0.439500 0.032000 0.022000
0 0.395500 0.493500 0.017000 0.024000
0 0.283000 0.591000 0.022000 0.012000
0 0.484000 0.570500 0.022000 0.031000
0 0.312000 0.302500 0.018000 0.020000
0 0.616000 0.460500 0.020000 0.022000
0 0.486000 0.505000 0.030000 0.031000
0 0.451000 0.283000 0.021000 0.016000
0 0.487500 0.400500 0.027000 0.023000
0 0.726500 0.361000 0.030000 0.032000
0 0.351000 0.322500 0.014000 0.014000
0 0.240500 0.748500 0.012000 0.013000
0 0.695000 0.683500 0.025000 0.023000
0 0.305000 0.441500 0.022000 0.019000
0 0.531000 0.237000 0.020000 0.025000
0 0.282500 0.515000 0.013000 0.015000
0 0.268500 0.440750 0.015000 0.014500
0 0.578500 0.377500 0.016000 0.016000
0 0.585000 0.560000 0.022000 0.021000
0 0.493000 0.435000 0.021000 0.019000
0 0.666500 0.431500 0.012000 0.014000
0 0.569000 0.480000 0.018000 0.016000
0 0.160500 0.333000 0.021000 0.018000
0 0.398500 0.712000 0.010000 0.012000
0 0.648500 0.602500 0.026000 0.022000
0 0.504000 0.504000 0.030000 0.035000
0 0.500500 0.508500 0.022000 0.023000
0 0.469000 0.544000 0.027000 0.019000
0 0.186500 0.735000 0.022000 0.020000
0 0.210000 0.439000 0.022000 0.024000
0 0.149000 0.463500 0.022000 0.017000
0 0.510000 0.480000 0.016000 0.020000
0 0.443000 0.541500 0.014000 0.013000
0 0.400000 0.484000 0.011000 0.013000
0 0.356500 0.453500 0.020000 0.013000
0 0.870000 0.643500 0.017000 0.011000
0 0.500000 0.444000 0.028000 0.028000
0 0.264000 0.596000 0.022000 0.018000
0 0.260000 0.354500 0.024000 0.027000
0 0.442000 0.628500 0.018000 0.018000
0 0.127000 0.505500 0.024000 0.023000
0 0.525500 0.356000 0.010000 0.010000
0 0.667500 0.531000 0.032000 0.030000
0 0.221500 0.335000 0.017000 0.016000
0 0.707000 0.641000 0.030000 0.024000
0 0.483000 0.262000 0.022000 0.030000
0 0.563000 0.635000 0.015000 0.018000
0 0.110500 0.522000 0.023000 0.027000
0 0.598500 0.316000 0.010000 0.010000
0 0.544000 0.607000 0.027000 0.026000
0 0.503000 0.718500 0.019000 0.026000
0 0.189000 0.418500 0.025000 0.023000
0 0.422000 0.606500 0.024000 0.015000
0 0.556500 0.405500 0.023000 0.023000
0 0.579000 0.694000 0.020000 0.021000
0 0.252500 0.710500 0.019000 0.030000
0 0.505500 0.495000 0.019000 0.020000
0 0.339500 0.848500 0.022000 0.024000
0 0.779500 0.704500 0.035000 0.028000
0 0.800500 0.604000 0.013000 0.012000
0 0.535500 0.723500 0.028000 0.028000
0 0.849000 0.447000 0.019000 0.023000
0 0.573500 0.298500 0.021000 0.020000
0 0.836000 0.355000 0.027000 0.022000
0 0.714500 0.172000 0.019000 0.024000
0 0.787500 0.536500 0.013000 0.017000
0 0.768500 0.649000 0.016000 0.021000
0 0.855500 0.483000 0.014000 0.016000
0 0.449500 0.640000 0.021000 0.019000
0 0.375500 0.492000 0.032000 0.028000
0 0.778500 0.616500 0.030000 0.024000
0 0.741000 0.332000 0.016000 0.019000
0 0.442000 0.413000 0.013000 0.013000
0 0.243000 0.633500 0.011000 0.011000
0 0.478500 0.368000 0.019000 0.020000
0 0.794000 0.402500 0.015000 0.013000
0 0.587500 0.635500 0.025000 0.026000
0 0.529500 0.567000 0.022000 0.022000
0 0.584500 0.717000 0.020000 0.025000
0 0.784500 0.370500 0.019000 0.020000
0 0.557500 0.172000 0.013000 0.009000
0 0.414500 0.865500 0.022000 0.020000
0 0.154500 0.282500 0.017000 0.015000
0 0.703500 0.351500 0.012000 0.013000
0 0.391000 0.375000 0.025000 0.024000
0 0.319500 0.291000 0.035000 0.030000
0 0.423000 0.406500 0.025000 0.023000
0 0.717000 0.337000 0.019000 0.027000
0 0.532000 0.487500 0.021000 0.019000
0 0.617500 0.602000 0.021000 0.028000
0 0.371500 0.728000 0.028000 0.028000
0 0.737500 0.369000 0.021000 0.022000
0 0.564000 0.110500 0.030000 0.027000
0 0.495000 0.594000 0.020000 0.020000
0 0.162000 0.509000 0.026000 0.020000
0 0.646500 0.523500 0.013000 0.012000
0 0.510500 0.462000 0.014000 0.018000
0 0.508500 0.550000 0.017000 0.023000
0 0.530500 0.302000 0.025000 0.026000
0 0.404500 0.819500 0.017000 0.014000
0 0.349500 0.676500 0.030000 0.035000
0 0.345500 0.513000 0.030000 0.025000
0 0.198500 0.469500 0.034000 0.033000
0 0.548000 0.892000 0.013000 0.016000
0 0.426500 0.565000 0.013000 0.013000
0 0.449500 0.509500 0.021000 0.017000
0 0.382500 0.440500 0.021000 0.021000
0 0.551500 0.696500 0.014000 0.017000
0 0.380500 0.324500 0.013000 0.016000
0 0.496500 0.229500 0.011000 0.016000
0 0.366500 0.172000 0.016000 0.017000
0 0.870000 0.584500 0.031000 0.028000
0 0.401000 0.337500 0.020000 0.022000
0 0.611500 0.366000 0.022000 0.029000
0 0.794000 0.613500 0.023000 0.031000
0 0.364500 0.106500 0.030000 0.030000
0 0.327000 0.160000 0.013000 0.015000
0 0.416000 0.352500 0.019000 0.021000
0 0.592000 0.533000 0.014000 0.017000
0 0.322500 0.535000 0.017000 0.015000
0 0.601000 0.449500 0.016000 0.015000
0 0.314500 0.688000 0.020000 0.034000
0 0.534500 0.898000 0.028000 0.025000
0 0.889500 0.413500 0.019000 0.019000
0 0.751500 0.673500 0.029000 0.032000
0 0.423000 0.769000 0.013000 0.010000
0 0.518500 0.550000 0.023000 0.022000
0 0.580500 0.425500 0.019000 0.018000
0 0.471500 0.345500 0.025000 0.028000
0 0.506500 0.400500 0.016000 0.014000
0 0.237000 0.435250 0.021000 0.029500
0 0.770000 0.405500 0.026000 0.026000
0 0.554000 0.429500 0.032000 0.031000
0 0.700500 0.503000 0.028000 0.020000
0 0.367000 0.615500 0.014000 0.020000
0 0.713500 0.408500 0.020000 0.015000
0 0.369000 0.687000 0.013000 0.014000
0 0.477000 0.109500 0.024000 0.018000
0 0.665500 0.638000 0.016000 0.016000
0 0.419500 0.744500 0.027000 0.024000
0 0.190000 0.694000 0.025000 0.023000
0 0.515000 0.472500 0.020000 0.021000
0 0.515250 0.517750 0.023500 0.023500
0 0.181500 0.275500 0.014000 0.015000
0 0.378000 0.677000 0.029000 0.023000
0 0.295000 0.477000 0.021000 0.020000