0 0.458500 0.488000 0.015000 0.022000
0 0.493000 0.650000 0.015000 0.010000
0 0.180500 0.636000 0.019000 0.020000
0 0.110000 0.388000 0.018000 0.016000
0 0.266000 0.401000 0.021000 0.025000
0 0.130500 0.697500 0.026000 0.026000
0 0.573000 0.572500 0.017000 0.018000
0 0.880000 0.649500 0.021000 0.024000
0 0.501500 0.370500 0.026000 0.032000
0 0.452500 0.421500 0.022000 0.020000
0 0.831000 0.704000 0.014000 0.016000
0 0.419000 0.896000 0.020000 0.019000
0 0.282000 0.585000 0.027000 0.027000
0 0.172000 0.240500 0.030000 0.029000
0 0.134500 0.450500 0.024000 0.023000
0 0.486500 0.662000 0.017000 0.023000
0 0.630000 0.513000 0.019000 0.024000
0 0.188500 0.345000 0.021000 0.021000
0 0.755000 0.194500 0.017000 0.021000
0 0.236500 0.297500 0.016000 0.022000
0 0.634000 0.740500 0.022000 0.019000
0 0.713000 0.610500 0.015000 0.015000
0 0.346000 0.438500 0.034000 0.026000
0 0.576000 0.284000 0.016000 0.014000
0 0.545500 0.537500 0.010000 0.016000
0 0.429000 0.458000 0.028000 0.035000
0 0.525000 0.556250 0.008000 0.011500
0 0.517000 0.531000 0.017000 0.013000
0 0.129750 0.409000 0.029500 0.020000
0 0.275000 0.642000 0.025000 0.026000
0 0.387500 0.778000 0.022000 0.028000
0 0.421500 0.672000 0.016000 0.013000
0 0.204500 0.490000 0.028000 0.031000
0 0.226500 0.467500 0.014000 0.019000
0 0.435000 0.231000 0.024000 0.024000
0 0.338500 0.853000 0.022000 0.016000
0 0.584000 0.876500 0.033000 0.033000
0 0.841000 0.421500 0.025000 0.019000
0 0.466000 0.451500 0.029000 0.022000
0 0.155500 0.691500 0.017000 0.015000
0 0.305000 0.264250 0.015000 0.020500
0 0.383500 0.748500 0.030000 0.029000
0 0.733500 0.270000 0.020000 0.017000
0 0.522500 0.485000 0.015000 0.015000
0 0.280000 0.330000 0.017000 0.012000
0 0.479000 0.338000 0.017000 0.010000
0 0.859000 0.396500 0.018000 0.017000
0 0.356500 0.478000 0.014000 0.017000
0 0.571500 0.913000 0.028000 0.025000
0 0.533000 0.476000 0.016000 0.016000
0 0.340000 0.425500 0.023000 0.023000
0 0.162000 0.469000 0.032000 0.023000
0 0.582000 0.484500 0.025000 0.020000
0 0.589500 0.897500 0.019000 0.021000
0 0.256000 0.292000 0.022000 0.017000
0 0.744500 0.185500 0.018000 0.014000
0 0.448500 0.446500 0.022000 0.024000
0 0.631000 0.396500 0.023000 0.022000
0 0.587000 0.322500 0.015000 0.011000
0 0.847000 0.429500 0.013000 0.014000
0 0.442000 0.435500 0.015000 0.013000
0 0.509000 0.489500 0.014000 0.015000
0 0.542500 0.512500 0.016000 0.019000
0 0.204000 0.649000 0.013000 0.013000
0 0.643500 0.116000 0.021000 0.021000
0 0.495000 0.502000 0.024000 0.028000
0 0.261500 0.588500 0.015000 0.018000
0 0.785500 0.706500 0.020000 0.020000
0 0.385500 0.358500 0.027000 0.024000
0 0.619000 0.857500 0.017000 0.016000
0 0.350000 0.266000 0.028000 0.033000
0 0.228500 0.732000 0.012000 0.011000
0 0.761000 0.711500 0.016000 0.013000
0 0.572250 0.887000 0.029500 0.020000
0 0.761000 0.229000 0.026000 0.019000
0 0.699000 0.459000 0.012000 0.017000
0 0.405500 0.491250 0.013000 0.014500
0 0.299000 0.783000 0.016000 0.015000
0 0.152500 0.458500 0.018000 0.029000
0 0.284500 0.291000 0.015000 0.015000
0 0.396000 0.640500 0.014000 0.011000
0 0.303500 0.133500 0.024000 0.026000
0 0.479500 0.537000 0.012000 0.011000
0 0.481500 0.504000 0.027000 0.028000
0 0.619000 0.105500 0.026000 0.017000
0 0.532500 0.250000 0.026000 0.025000
0 0.575000 0.430000 0.016000 0.019000
0 0.597500 0.301500 0.020000 0.015000
0 0.435000 0.305000 0.018000 0.015000
0 0.855000 0.524500 0.022000 0.029000
0 0.482500 0.122250 0.015000 0.020500
0 0.524000 0.435000 0.019000 0.019000
0 0.539500 0.878500 0.028000 0.028000
0 0.744000 0.280500 0.015000 0.016000
0 0.498000 0.495000 0.024000 0.024000
0 0.858000 0.311500 0.020000 0.020000
0 0.603000 0.669500 0.015000 0.010000
0 0.638500 0.232000 0.017000 0.032000
0 0.213000 0.567000 0.019000 0.020000
0 0.440000 0.558000 0.013000 0.016000
0 0.464000 0.675500 0.021000 0.019000
0 0.164000 0.726500 0.023000 0.029000
0 0.561000 0.212000 0.030000 0.026000
0 0.622500 0.486500 0.024000 0.028000
0 0.631000 0.450500 0.013000 0.016000
0 0.296000 0.750500 0.022000 0.021000
0 0.221500 0.442000 0.024000 0.022000
0 0.477750 0.437750 0.027500 0.028500
0 0.653500 0.583000 0.024000 0.025000
0 0.528000 0.524000 0.008000 0.015000
0 0.872000 0.481000 0.013000 0.016000
0 0.665500 0.696000 0.023000 0.025000
0 0.709500 0.526000 0.016000 0.013000
0 0.783000 0.633500 0.029000 0.028000
0 0.484500 0.440500 0.030000 0.035000
0 0.496500 0.506500 0.013000 0.018000
0 0.863500 0.367500 0.023000 0.018000
0 0.369500 0.427500 0.010000 0.012000
0 0.500500 0.575000 0.018000 0.020000
0 0.871500 0.515500 0.024000 0.021000
0 0.454000 0.462500 0.012000 0.014000
0 0.692000 0.703000 0.029000 0.028000
0 0.123500 0.666000 0.018000 0.025000
0 0.396000 0.505000 0.012000 0.010000
0 0.477500 0.672000 0.013000 0.011000
0 0.792500 0.488000 0.017000 0.017000
0 0.293500 0.205000 0.015000 0.019000
0 0.266500 0.362000 0.019000 0.021000
0 0.745000 0.790500 0.024000 0.023000
0 0.476000 0.523000 0.018000 0.016000
0 0.576500 0.646500 0.016000 0.016000
0 0.591500 0.153000 0.015000 0.015000
0 0.784500 0.678000 0.023000 0.032000
0 0.286000 0.411500 0.017000 0.016000
0 0.457500 0.603000 0.010000 0.012000
0 0.190500 0.536000 0.019000 0.019000
0 0.576500 0.743000 0.016000 0.018000
0 0.535500 0.624250 0.021000 0.026500
0 0.757500 0.335000 0.020000 0.022000
0 0.506000 0.809500 0.020000 0.018000
0 0.505000 0.500000 0.031000 0.028000
0 0.685500 0.578000 0.016000 0.016000
0 0.242000 0.732500 0.025000 0.031000
0 0.884500 0.628000 0.029000 0.029000
0 0.492000 0.478000 0.014000 0.012000
0 0.523500 0.535500 0.031000 0.029000
0 0.464500 0.394500 0.016000 0.017000
0 0.504500 0.469500 0.018000 0.015000
0 0.523000 0.413000 0.015000 0.016000
0 0.080500 0.487500 0.015000 0.015000
0 0.273000 0.210500 0.022000 0.020000
0 0.521000 0.723500 0.027000 0.023000
0 0.550000 0.522000 0.016000 0.010000
0 0.341500 0.645500 0.020000 0.014000
0 0.769500 0.550500 0.011000 0.014000
0 0.389500 0.416500 0.022000 0.021000
0 0.331500 0.235000 0.024000 0.020000
0 0.234500 0.661500 0.021000 0.019000
0 0.169000 0.667000 0.028000 0.029000
0 0.355500 0.415000 0.020000 0.022000
0 0.383000 0.643000 0.014000 0.017000
0 0.431000 0.719500 0.013000 0.015000
0 0.479500 0.491500 0.017000 0.021000
0 0.307000 0.601500 0.030000 0.030000
0 0.719000 0.357000 0.029000 0.029000
0 0.428000 0.249500 0.026000 0.025000
0 0.490500 0.746000 0.026000 0.023000
0 0.555000 0.452000 0.026000 0.029000
0 0.308500 0.311500 0.021000 0.020000
0 0.522500 0.379500 0.013000 0.013000
0 0.160500 0.349500 0.013000 0.015000
0 0.603000 0.800500 0.019000 0.032000
0 0.222000 0.311500 0.033000 0.032000
0 0.877500 0.678500 0.015000 0.016000
0 0.518000 0.426000 0.029000 0.024000
0 0.473500 0.763000 0.019000 0.027000
0 0.684000 0.699000 0.010000 0.009000
0 0.291000 0.766000 0.025000 0.016000
0 0.509500 0.761500 0.023000 0.031000
0 0.219500 0.424500 0.022000 0.025000
0 0.463000 0.375500 0.016000 0.018000
0 0.327500 0.639000 0.016000 0.014000
0 0.748500 0.615000 0.019000 0.017000
0 0.274000 0.510000 0.015000 0.014000
0 0.449000 0.251500 0.013000 0.012000
0 0.485000 0.524500 0.022000 0.030000
0 0.492000 0.579000 0.024000 0.024000
0 0.246000 0.594000 0.027000 0.027000
0 0.593250 0.410000 0.017500 0.012000
0 0.790500 0.283500 0.014000 0.012000
0 0.545000 0.463500 0.020000 0.019000
0 0.544000 0.529000 0.019000 0.017000
0 0.110500 0.348000 0.013000 0.011000
0 0.445000 0.449000 0.022000 0.020000
0 0.463000 0.507000 0.010000 0.013000
0 0.598000 0.707000 0.017000 0.016000
0 0.232500 0.451500 0.018000 0.018000
0 0.417500 0.559000 0.013000 0.013000
0 0.431000 0.444500 0.014000 0.016000
0 0.195500 0.305000 0.021000 0.020000
0 0.682500 0.522000 0.020000 0.018000
0 0.575500 0.421500 0.016000 0.014000
0 0.490000 0.425000 0.014000 0.013000
0 0.474000 0.376500 0.027000 0.020000
0 0.496000 0.459500 0.020000 0.021000
0 0.181000 0.422000 0.016000 0.015000
0 0.484000 0.484000 0.019000 0.015000
0 0.351000 0.593500 0.025000 0.023000
0 0.549500 0.136000 0.026000 0.026000
0 0.479000 0.604500 0.024000 0.026000
0 0.455000 0.651500 0.015000 0.020000
0 0.330500 0.398500 0.025000 0.025000
0 0.115000 0.582500 0.019000 0.020000
0 0.565000 0.471500 0.016000 0.013000
0 0.495000 0.484500 0.019000 0.015000
0 0.295500 0.527500 0.013000 0.009000
0 0.571000 0.458500 0.017000 0.018000
0 0.385500 0.559500 0.019000 0.033000
0 0.611000 0.186000 0.013000 0.012000
0 0.114000 0.454000 0.018000 0.017000
0 0.858000 0.359000 0.029000 0.027000
0 0.227000 0.785500 0.015000 0.013000
0 0.742500 0.315000 0.024000 0.024000
0 0.298000 0.351500 0.022000 0.023000
0 0.807000 0.501500 0.025000 0.021000
0 0.766500 0.375000 0.016000 0.012000
0 0.527500 0.544000 0.019000 0.016000
0 0.655500 0.316000 0.012000 0.013000
0 0.672000 0.580500 0.018000 0.012000
0 0.875000 0.433500 0.016000 0.013000
0 0.518000 0.351000 0.022000 0.021000
0 0.505500 0.448500 0.016000 0.016000
0 0.158000 0.387000 0.021000 0.021000
0 0.785500 0.438000 0.017000 0.012000
0 0.554000 0.493000 0.013000 0.011000
0 0.684500 0.663500 0.011000 0.010000
0 0.456500 0.683000 0.018000 0.033000
0 0.254500 0.627000 0.012000 0.019000
0 0.532000 0.485500 0.018000 0.012000
0 0.301000 0.397500 0.013000 0.011000
0 0.585000 0.514500 0.015000 0.013000
0 0.734500 0.734000 0.023000 0.021000
0 0.487500 0.453500 0.019000 0.021000
0 0.505000 0.525500 0.011000 0.012000
0 0.562000 0.521000 0.010000 0.010000
0 0.489500 0.497250 0.017000 0.023500
0 0.577500 0.516000 0.030000 0.032000
0 0.177000 0.737500 0.013000 0.011000
0 0.226000 0.550000 0.016000 0.014000
0 0.680000 0.744000 0.018000 0.021000
0 0.579500 0.374000 0.017000 0.021000
0 0.741000 0.467000 0.018000 0.023000
0 0.525000 0.620500 0.023000 0.028000
0 0.319500 0.417000 0.017000 0.011000
0 0.604000 0.678500 0.015000 0.013000
0 0.424000 0.317500 0.016000 0.015000
0 0.341500 0.730000 0.025000 0.017000
0 0.144000 0.570500 0.015000 0.016000
0 0.544500 0.694500 0.029000 0.027000
0 0.259000 0.719250 0.021000 0.029500
0 0.209500 0.525500 0.019000 0.018000
0 0.425000 0.453000 0.022000 0.024000
0 0.408500 0.480750 0.012000 0.017500
0 0.303000 0.322500 0.024000 0.021000
0 0.787000 0.696500 0.011000 0.010000
0 0.577000 0.551500 0.012000 0.014000
0 0.422000 0.446500 0.015000 0.016000
0 0.559500 0.456500 0.024000 0.024000
0 0.535000 0.681500 0.023000 0.022000
0 0.731000 0.742500 0.019000 0.019000
0 0.538500 0.509500 0.015000 0.022000
0 0.531000 0.587000 0.027000 0.020000
0 0.363000 0.144000 0.013000 0.010000
0 0.604000 0.579500 0.020000 0.026000
0 0.405500 0.508000 0.020000 0.020000
0 0.472500 0.501000 0.026000 0.023000
0 0.500000 0.518000 0.021000 0.021000
0 0.564000 0.432500 0.023000 0.018000
0 0.527000 0.565500 0.010000 0.012000
0 0.671500 0.253500 0.017000 0.016000
0 0.792500 0.509500 0.028000 0.031000
0 0.499000 0.313000 0.015000 0.023000
0 0.330250 0.574000 0.029500 0.020000
0 0.556500 0.674000 0.013000 0.015000
0 0.536000 0.484500 0.021000 0.025000
0 0.532000 0.360000 0.024000 0.020000
0 0.514000 0.497500 0.022000 0.021000
0 0.693000 0.363000 0.012000 0.012000
0 0.651500 0.590000 0.015000 0.015000
0 0.577500 0.688000 0.019000 0.023000
0 0.338500 0.617500 0.012000 0.012000
0 0.392000 0.300500 0.023000 0.024000
0 0.385500 0.266000 0.027000 0.020000
0 0.586500 0.598500 0.021000 0.013000
0 0.493000 0.532500 0.018000 0.020000
0 0.141500 0.528000 0.020000 0.036000
0 0.549500 0.127500 0.013000 0.018000
0 0.575500 0.714500 0.019000 0.023000
0 0.261000 0.472500 0.018000 0.025000
0 0.592000 0.545000 0.016000 0.012000
0 0.407500 0.329000 0.019000 0.020000
0 0.539000 0.254500 0.010000 0.011000
0 0.532000 0.657500 0.025000 0.029000
0 0.520500 0.257000 0.020000 0.022000
0 0.569000 0.450000 0.010000 0.011000
0 0.563500 0.172500 0.018000 0.012000
0 0.359500 0.507500 0.028000 0.030000
0 0.531000 0.500500 0.015000 0.017000
0 0.895500 0.456500 0.012000 0.014000
0 0.111500 0.464500 0.030000 0.030000
0 0.347000 0.507500 0.010000 0.010000
0 0.311500 0.701500 0.030000 0.016000
0 0.435500 0.651500 0.016000 0.020000
0 0.478500 0.477000 0.024000 0.021000
0 0.607000 0.548500 0.015000 0.020000
0 0.395000 0.156500 0.014000 0.013000
0 0.217500 0.652500 0.020000 0.020000
0 0.456500 0.366500 0.026000 0.024000
0 0.333500 0.870500 0.020000 0.025000
0 0.149500 0.551500 0.015000 0.013000
0 0.625000 0.533500 0.011000 0.010000
0 0.409000 0.362000 0.013000 0.014000
0 0.775000 0.252500 0.011000 0.014000
0 0.656250 0.821000 0.011500 0.008000
0 0.645500 0.358000 0.020000 0.024000
0 0.177500 0.646000 0.013000 0.014000
0 0.470500 0.413000 0.019000 0.020000
0 0.534500 0.609500 0.027000 0.030000
0 0.303500 0.161000 0.020000 0.018000
0 0.354000 0.308000 0.017000 0.016000
0 0.257500 0.426500 0.026000 0.022000
0 0.686500 0.375750 0.014000 0.020500
0 0.318000 0.806000 0.013000 0.017000
0 0.643000 0.432000 0.017000 0.014000
0 0.510000 0.622000 0.012000 0.012000
0 0.454000 0.540000 0.022000 0.024000
0 0.533500 0.232500 0.036000 0.036000
0 0.708500 0.201500 0.014000 0.016000
0 0.789500 0.555500 0.025000 0.024000
0 0.441000 0.155000 0.022000 0.029000
0 0.336500 0.550500 0.010000 0.009000
0 0.702000 0.312500 0.030000 0.033000
0 0.411500 0.251500 0.020000 0.020000
0 0.604000 0.713000 0.021000 0.021000
0 0.550000 0.302500 0.022000 0.017000
0 0.550500 0.518500 0.019000 0.019000
0 0.493500 0.760500 0.020000 0.019000
0 0.598000 0.422000 0.034000 0.027000
0 0.592500 0.358500 0.020000 0.023000
0 0.552500 0.177500 0.014000 0.013000
0 0.367000 0.600500 0.014000 0.018000
0 0.372500 0.845500 0.013000 0.014000
0 0.499000 0.501500 0.018000 0.020000
0 0.500500 0.530000 0.035000 0.035000
0 0.457000 0.624500 0.019000 0.015000
0 0.568500 0.509000 0.024000 0.026000
0 0.778500 0.386000 0.016000 0.011000
0 0.577000 0.493000 0.016000 0.015000
0 0.588000 0.617000 0.022000 0.022000
0 0.389000 0.577500 0.018000 0.017000
0 0.215000 0.674500 0.020000 0.016000
0 0.672500 0.227500 0.019000 0.017000
0 0.509000 0.708000 0.017000 0.020000
0 0.392000 0.634000 0.020000 0.025000
0 0.503000 0.511000 0.012000 0.011000
0 0.296500 0.666000 0.022000 0.029000
0 0.285000 0.474500 0.012000 0.011000
0 0.231500 0.333000 0.017000 0.021000
0 0.248500 0.618000 0.019000 0.016000
0 0.184750 0.375500 0.017500 0.014000
0 0.481500 0.458000 0.017000 0.018000
0 0.564000 0.405000 0.022000 0.020000
0 0.268000 0.298000 0.017000 0.010000
0 0.650500 0.442000 0.014000 0.018000
0 0.637500 0.478500 0.033000 0.031000
0 0.350000 0.332500 0.023000 0.024000
0 0.428500 0.595000 0.017000 0.018000
0 0.500500 0.564500 0.018000 0.016000
0 0.853000 0.333500 0.024000 0.024000
0 0.563000 0.893000 0.011000 0.016000
0 0.365500 0.671000 0.010000 0.011000
0 0.463000 0.185000 0.019000 0.019000
0 0.261000 0.330000 0.013000 0.013000
0 0.434500 0.378000 0.015000 0.012000
0 0.531500 0.424000 0.014000 0.024000
0 0.454500 0.266000 0.017000 0.021000
0 0.440500 0.467000 0.030000 0.022000
0 0.216000 0.467500 0.027000 0.021000
0 0.723500 0.646500 0.010000 0.011000
0 0.781500 0.541500 0.032000 0.033000
0 0.725500 0.276000 0.020000 0.023000
0 0.531500 0.523500 0.017000 0.015000
0 0.401500 0.820000 0.017000 0.017000
0 0.757500 0.667500 0.024000 0.024000
0 0.790500 0.772500 0.016000 0.028000
0 0.467000 0.878500 0.032000 0.032000
0 0.394000 0.523000 0.025000 0.035000
0 0.492000 0.546500 0.025000 0.022000
0 0.640000 0.411000 0.013000 0.013000
0 0.560000 0.533500 0.019000 0.025000
0 0.419000 0.409500 0.011000 0.012000
0 0.501500 0.703000 0.013000 0.014000
0 0.471000 0.510500 0.021000 0.016000
0 0.171500 0.676500 0.021000 0.023000
0 0.676500 0.511000 0.022000 0.021000
0 0.444500 0.407500 0.021000 0.020000
0 0.382500 0.424500 0.012000 0.013000
0 0.492000 0.508500 0.010000 0.009000
0 0.548500 0.399000 0.019000 0.017000
0 0.308000 0.216000 0.023000 0.022000
0 0.486500 0.356500 0.019000 0.016000
0 0.476000 0.356500 0.024000 0.024000
0 0.510500 0.390000 0.017000 0.010000
0 0.722000 0.699000 0.033000 0.032000
0 0.296500 0.701500 0.027000 0.025000
0 0.589000 0.833500 0.032000 0.019000
0 0.406500 0.598000 0.019000 0.016000
0 0.662500 0.402000 0.018000 0.024000
0 0.457000 0.474000 0.017000 0.018000
0 0.252500 0.488250 0.012000 0.014500
0 0.361000 0.344500 0.020000 0.016000
0 0.549500 0.203000 0.026000 0.022000
0 0.665500 0.568500 0.014000 0.012000
0 0.631000 0.290500 0.021000 0.020000
0 0.219500 0.602500 0.016000 0.016000
0 0.534500 0.905000 0.020000 0.019000
0 0.584000 0.231000 0.021000 0.019000
0 0.503500 0.145500 0.015000 0.017000
0 0.824500 0.363500 0.014000 0.015000
0 0.677000 0.387500 0.020000 0.032000
0 0.556000 0.568000 0.027000 0.033000
0 0.512000 0.559500 0.015000 0.020000
0 0.614500 0.488500 0.018000 0.020000
0 0.726000 0.473500 0.012000 0.011000
0 0.757000 0.177500 0.030000 0.029000
0 0.788500 0.760750 0.015000 0.020500
0 0.417500 0.467000 0.013000 0.012000
0 0.840000 0.279500 0.017000 0.016000
0 0.602000 0.499000 0.017000 0.015000
0 0.569000 0.097500 0.029000 0.031000
0 0.352000 0.773000 0.034000 0.023000
0 0.602500 0.419000 0.022000 0.018000
0 0.142500 0.626500 0.017000 0.015000
0 0.813500 0.592000 0.026000 0.029000
0 0.840500 0.493500 0.019000 0.028000
0 0.766000 0.418500 0.027000 0.023000
0 0.884500 0.555000 0.011000 0.012000
0 0.384500 0.434000 0.013000 0.013000
0 0.584500 0.528500 0.019000 0.019000
0 0.675500 0.735750 0.011000 0.014500
0 0.657500 0.390000 0.018000 0.017000
0 0.528000 0.646000 0.027000 0.028000
0 0.758000 0.751000 0.017000 0.017000
0 0.581000 0.240500 0.016000 0.015000
0 0.597000 0.451000 0.018000 0.017000
0 0.370000 0.237000 0.015000 0.014000
0 0.464000 0.533000 0.009000 0.016000
0 0.365000 0.589500 0.012000 0.013000
0 0.660000 0.464000 0.029000 0.028000
0 0.392500 0.456000 0.022000 0.018000
0 0.684000 0.301500 0.024000 0.019000
0 0.606000 0.436500 0.011000 0.010000
0 0.900000 0.410500 0.014000 0.012000
0 0.356500 0.746500 0.013000 0.010000
0 0.379000 0.474500 0.009000 0.010000
0 0.154000 0.379000 0.023000 0.032000
0 0.542500 0.112000 0.032000 0.025000
0 0.298000 0.477000 0.025000 0.023000
0 0.347000 0.376000 0.016000 0.019000
0 0.402500 0.543500 0.024000 0.030000
0 0.521500 0.505500 0.028000 0.027000
0 0.641500 0.292000 0.015000 0.012000
0 0.399000 0.242000 0.014000 0.020000
0 0.266500 0.345500 0.027000 0.028000
0 0.836500 0.355000 0.031000 0.026000
0 0.629500 0.791500 0.025000 0.025000
0 0.199500 0.313000 0.019000 0.028000
0 0.486500 0.607000 0.013000 0.009000
0 0.596000 0.762500 0.019000 0.016000
0 0.158500 0.708000 0.024000 0.015000
0 0.590000 0.677500 0.012000 0.014000
0 0.361500 0.365500 0.021000 0.018000
0 0.189500 0.711000 0.022000 0.023000
0 0.811000 0.746000 0.027000 0.025000
0 0.124500 0.437500 0.032000 0.022000
0 0.758000 0.447000 0.009000 0.009000
0 0.572500 0.467500 0.014000 0.014000
0 0.743000 0.327500 0.011000 0.010000
0 0.440000 0.207500 0.019000 0.017000
0 0.562000 0.505000 0.011000 0.011000
0 0.466500 0.479500 0.021000 0.021000
0 0.518500 0.488000 0.025000 0.022000
0 0.718000 0.481000 0.020000 0.016000
0 0.609000 0.484500 0.028000 0.030000
0 0.385500 0.818000 0.018000 0.025000
0 0.466000 0.198000 0.022000 0.027000
0 0.468000 0.793000 0.016000 0.021000
0 0.740000 0.482500 0.024000 0.026000
0 0.540500 0.511000 0.018000 0.019000
0 0.773500 0.725000 0.011000 0.012000
0 0.372500 0.448500 0.013000 0.011000
0 0.373000 0.882000 0.013000 0.012000
0 0.547500 0.217000 0.019000 0.013000
0 0.781500 0.231500 0.019000 0.019000
0 0.341000 0.459500 0.019000 0.021000
0 0.533000 0.144500 0.014000 0.014000
0 0.558500 0.377500 0.024000 0.023000
0 0.587000 0.392000 0.025000 0.018000
0 0.865500 0.661500 0.023000 0.020000
0 0.481000 0.752500 0.033000 0.024000
0 0.355000 0.851500 0.030000 0.030000
0 0.799000 0.424500 0.020000 0.026000
0 0.667500 0.794000 0.020000 0.016000
0 0.416500 0.747000 0.011000 0.012000
0 0.809000 0.565000 0.015000 0.014000
0 0.538000 0.542500 0.024000 0.023000
0 0.548000 0.242500 0.010000 0.009000
0 0.337500 0.860500 0.020000 0.022000
0 0.216000 0.371000 0.027000 0.028000
0 0.636000 0.868000 0.026000 0.021000
0 0.383500 0.104250 0.016000 0.023500
0 0.769000 0.444000 0.034000 0.027000
0 0.440000 0.644000 0.024000 0.028000
0 0.709500 0.543500 0.030000 0.029000
0 0.508500 0.341500 0.023000 0.024000
0 0.398500 0.530000 0.011000 0.010000
0 0.258000 0.578000 0.017000 0.019000
0 0.197000 0.586000 0.018000 0.020000
0 0.875000 0.387500 0.026000 0.024000
0 0.553000 0.730000 0.023000 0.018000
0 0.419500 0.241500 0.018000 0.020000
0 0.468000 0.308500 0.021000 0.020000
0 0.093000 0.454500 0.020000 0.026000
0 0.680500 0.811000 0.033000 0.033000
0 0.864000 0.624000 0.012000 0.016000
0 0.564000 0.440500 0.023000 0.017000
0 0.308000 0.799500 0.020000 0.022000
0 0.643000 0.396500 0.014000 0.015000
0 0.756500 0.460500 0.019000 0.021000
0 0.543500 0.591000 0.021000 0.018000
0 0.376500 0.874000 0.018000 0.022000
0 0.406000 0.264500 0.019000 0.019000
0 0.509000 0.506000 0.008000 0.010000
0 0.594500 0.653000 0.014000 0.015000
0 0.696000 0.791000 0.013000 0.011000
0 0.511000 0.553000 0.017000 0.019000
0 0.539500 0.579500 0.010000 0.013000
0 0.542500 0.604500 0.023000 0.019000
0 0.439500 0.517500 0.018000 0.020000
0 0.384500 0.200500 0.010000 0.010000
0 0.502500 0.458000 0.011000 0.010000
0 0.636500 0.766000 0.030000 0.031000
0 0.562000 0.316000 0.012000 0.013000
0 0.697500 0.241000 0.017000 0.019000
0 0.558500 0.387500 0.018000 0.019000
0 0.736500 0.436000 0.027000 0.030000
0 0.409000 0.451500 0.022000 0.020000
0 0.612500 0.457000 0.012000 0.012000
0 0.687500 0.633500 0.014000 0.014000
0 0.464000 0.570000 0.032000 0.035000
0 0.552500 0.637000 0.024000 0.022000
0 0.399000 0.673000 0.019000 0.018000
0 0.558000 0.905500 0.028000 0.026000
0 0.375000 0.401500 0.021000 0.021000
0 0.647000 0.852500 0.026000 0.026000
0 0.302500 0.185500 0.021000 0.017000
0 0.627500 0.409250 0.023000 0.029500
0 0.434500 0.332000 0.023000 0.026000
0 0.137000 0.679000 0.013000 0.017000
0 0.577500 0.693000 0.014000 0.008000
0 0.388000 0.702500 0.020000 0.016000
0 0.446500 0.157500 0.022000 0.022000
0 0.685500 0.541000 0.029000 0.023000
0 0.727500 0.838500 0.009000 0.015000
0 0.506000 0.101000 0.024000 0.025000
0 0.573500 0.168000 0.017000 0.016000
0 0.446000 0.483000 0.012000 0.016000
0 0.410500 0.109500 0.013000 0.019000
0 0.821000 0.600500 0.018000 0.019000
0 0.834000 0.636000 0.022000 0.020000
0 0.320500 0.193750 0.020000 0.029500
0 0.423000 0.338750 0.018000 0.026500
0 0.337000 0.338000 0.025000 0.019000
0 0.347000 0.790500 0.011000 0.012000
0 0.258500 0.460500 0.019000 0.017000
0 0.750000 0.361000 0.013000 0.014000
0 0.231500 0.323500 0.025000 0.028000
0 0.509500 0.431500 0.023000 0.021000
0 0.768000 0.714500 0.032000 0.026000
0 0.573500 0.580000 0.032000 0.032000
0 0.358750 0.454500 0.023500 0.016000
0 0.384500 0.305000 0.021000 0.019000
0 0.287500 0.538250 0.011000 0.011500
0 0.332000 0.654500 0.011000 0.013000
0 0.400000 0.463000 0.017000 0.020000
0 0.476500 0.400500 0.028000 0.024000
0 0.545000 0.717000 0.020000 0.019000
0 0.758000 0.701500 0.020000 0.018000
0 0.454500 0.467500 0.014000 0.012000
0 0.404000 0.342500 0.031000 0.031000
0 0.512500 0.469000 0.013000 0.019000
0 0.232000 0.543500 0.016000 0.015000
0 0.497500 0.600500 0.021000 0.022000
0 0.510000 0.541000 0.033000 0.026000
0 0.660000 0.174000 0.020000 0.025000
0 0.187500 0.729000 0.018000 0.017000
0 0.380500 0.379000 0.015000 0.020000
0 0.444000 0.535500 0.008000 0.009000
0 0.892500 0.434000 0.016000 0.016000
0 0.402000 0.760000 0.030000 0.019000
0 0.357500 0.655500 0.015000 0.008000
0 0.565000 0.553500 0.018000 0.018000
0 0.483500 0.820500 0.015000 0.016000
0 0.530500 0.538000 0.018000 0.018000
0 0.192500 0.519500 0.029000 0.022000
0 0.834000 0.672500 0.020000 0.019000
0 0.505500 0.424500 0.018000 0.017000
0 0.512500 0.291500 0.024000 0.024000
0 0.653000 0.513000 0.026000 0.025000
0 0.438500 0.656500 0.032000 0.028000
0 0.410000 0.810000 0.016000 0.019000
0 0.294500 0.656500 0.030000 0.027000
0 0.642000 0.449000 0.012000 0.013000
0 0.554000 0.463500 0.011000 0.012000
0 0.475000 0.387500 0.009000 0.011000
0 0.443000 0.585500 0.027000 0.023000
0 0.505500 0.358000 0.016000 0.018000
0 0.698500 0.759500 0.014000 0.012000
0 0.462000 0.418500 0.016000 0.018000
0 0.320000 0.344500 0.017000 0.021000
0 0.157500 0.304000 0.009000 0.009000
0 0.604000 0.869000 0.021000 0.031000
0 0.579000 0.538500 0.014000 0.013000
0 0.835000 0.716000 0.018000 0.017000
0 0.502500 0.658000 0.014000 0.016000
0 0.401000 0.305000 0.025000 0.025000
0 0.527500 0.327500 0.010000 0.012000
0 0.329500 0.456500 0.030000 0.029000
0 0.345000 0.542000 0.027000 0.028000
0 0.117000 0.485500 0.030000 0.027000
0 0.865500 0.595500 0.017000 0.018000
0 0.558500 0.601500 0.032000 0.023000
0 0.461000 0.815500 0.029000 0.031000
0 0.308500 0.866500 0.016000 0.021000
0 0.538000 0.819000 0.022000 0.018000
0 0.465500 0.545500 0.031000 0.029000
0 0.529000 0.149000 0.019000 0.018000
0 0.596500 0.524500 0.020000 0.021000
0 0.320500 0.786500 0.014000 0.011000
0 0.445000 0.557500 0.021000 0.025000
0 0.330500 0.279000 0.025000 0.020000
0 0.475500 0.495500 0.014000 0.018000
0 0.246500 0.699000 0.025000 0.024000
0 0.585000 0.471000 0.019000 0.019000
0 0.531000 0.735000 0.015000 0.016000
0 0.322500 0.680500 0.017000 0.018000
0 0.304500 0.814500 0.014000 0.017000
0 0.575500 0.440500 0.026000 0.020000
0 0.386500 0.593000 0.014000 0.015000
0 0.222000 0.267000 0.024000 0.017000