0 0.858000 0.305500 0.019000 0.027000
0 0.370500 0.784000 0.017000 0.018000
0 0.461500 0.113500 0.029000 0.030000
0 0.368500 0.300000 0.028000 0.029000
0 0.716000 0.395000 0.019000 0.019000
0 0.668500 0.549500 0.023000 0.020000
0 0.411000 0.159500 0.016000 0.016000
0 0.505000 0.327000 0.020000 0.022000
0 0.634000 0.375000 0.020000 0.017000
0 0.430000 0.280500 0.026000 0.026000
0 0.603000 0.697500 0.021000 0.016000
0 0.508000 0.496500 0.029000 0.033000
0 0.320500 0.543500 0.022000 0.023000
0 0.423000 0.397500 0.031000 0.025000
0 0.406500 0.295500 0.012000 0.012000
0 0.608000 0.395500 0.016000 0.018000
0 0.498000 0.555000 0.022000 0.027000
0 0.603000 0.739500 0.026000 0.030000
0 0.249000 0.211500 0.013000 0.014000
0 0.618500 0.264000 0.028000 0.028000
0 0.440000 0.241500 0.010000 0.009000
0 0.482500 0.448500 0.013000 0.013000
0 0.609000 0.147500 0.013000 0.014000
0 0.478000 0.351500 0.016000 0.018000
0 0.483500 0.512000 0.021000 0.016000
0 0.249500 0.429500 0.018000 0.018000
0 0.364500 0.526500 0.019000 0.021000
0 0.774500 0.672500 0.018000 0.025000
0 0.891500 0.622500 0.023000 0.024000
0 0.639500 0.819000 0.015000 0.008000
0 0.741000 0.464500 0.027000 0.028000
0 0.291500 0.479500 0.023000 0.025000
0 0.799500 0.318000 0.027000 0.019000
0 0.519000 0.347500 0.024000 0.025000
0 0.390000 0.796000 0.015000 0.015000
0 0.705000 0.558500 0.017000 0.016000
0 0.228500 0.561000 0.031000 0.029000
0 0.400000 0.415500 0.027000 0.026000
0 0.517500 0.501000 0.024000 0.021000
0 0.361000 0.626000 0.015000 0.014000
0 0.482000 0.638000 0.014000 0.017000
0 0.578000 0.198500 0.027000 0.026000
0 0.625500 0.417000 0.016000 0.011000
0 0.648500 0.843500 0.021000 0.024000
0 0.487500 0.476000 0.025000 0.024000
0 0.625500 0.657500 0.027000 0.020000
0 0.575500 0.509000 0.019000 0.020000
0 0.844500 0.722500 0.028000 0.025000
0 0.895500 0.510500 0.015000 0.014000
0 0.679500 0.342000 0.016000 0.015000
0 0.432000 0.654500 0.015000 0.015000
0 0.608500 0.702000 0.020000 0.018000
0 0.264000 0.682500 0.014000 0.016000
0 0.479000 0.472500 0.031000 0.030000
0 0.374000 0.385000 0.012000 0.012000
0 0.836000 0.483500 0.036000 0.026000
0 0.491500 0.238000 0.014000 0.011000
0 0.500500 0.499000 0.024000 0.024000
0 0.489000 0.502000 0.016000 0.015000
0 0.572000 0.783500 0.015000 0.013000
0 0.387000 0.665500 0.020000 0.033000
0 0.483000 0.463000 0.015000 0.014000
0 0.210500 0.638500 0.023000 0.026000
0 0.385000 0.706000 0.010000 0.010000
0 0.666500 0.855000 0.024000 0.024000
0 0.442500 0.775500 0.015000 0.013000
0 0.444500 0.597000 0.025000 0.023000
0 0.456500 0.785500 0.022000 0.022000
0 0.622500 0.152500 0.018000 0.023000
0 0.575000 0.634000 0.012000 0.011000
0 0.872000 0.349000 0.014000 0.020000
0 0.301500 0.524500 0.025000 0.020000
0 0.233500 0.460000 0.028000 0.025000
0 0.865500 0.366500 0.015000 0.019000
0 0.487500 0.483500 0.021000 0.018000
0 0.349000 0.499000 0.033000 0.028000
0 0.412500 0.755500 0.021000 0.021000
0 0.575500 0.471500 0.014000 0.012000
0 0.433000 0.547500 0.023000 0.023000
0 0.425500 0.118000 0.019000 0.018000
0 0.805500 0.448000 0.014000 0.011000
0 0.566500 0.292000 0.012000 0.012000
0 0.529000 0.320000 0.022000 0.026000
0 0.807000 0.344500 0.014000 0.017000
0 0.539500 0.431500 0.025000 0.030000
0 0.641000 0.459000 0.027000 0.028000
0 0.366500 0.629500 0.020000 0.020000
0 0.423500 0.453000 0.015000 0.015000
0 0.167500 0.574500 0.028000 0.029000
0 0.122000 0.491500 0.020000 0.019000
0 0.092500 0.481500 0.023000 0.025000
0 0.598500 0.622000 0.022000 0.020000
0 0.464750 0.489500 0.017500 0.012000
0 0.535000 0.514500 0.023000 0.024000
0 0.295000 0.789500 0.014000 0.015000
0 0.806000 0.581500 0.022000 0.020000
0 0.578000 0.420000 0.023000 0.022000
0 0.546000 0.915500 0.012000 0.014000
0 0.395000 0.295500 0.015000 0.015000
0 0.448500 0.142000 0.020000 0.021000
0 0.656500 0.604000 0.018000 0.016000
0 0.553500 0.670000 0.009000 0.011000
0 0.563000 0.215000 0.014000 0.018000
0 0.716500 0.411500 0.020000 0.020000
0 0.727500 0.495500 0.012000 0.013000
0 0.321000 0.590000 0.016000 0.013000
0 0.588500 0.158500 0.012000 0.019000
0 0.626000 0.328000 0.021000 0.017000
0 0.753000 0.806000 0.012000 0.016000
0 0.710000 0.572000 0.014000 0.012000
0 0.727000 0.527000 0.018000 0.015000
0 0.370500 0.658500 0.031000 0.031000
0 0.558000 0.876500 0.017000 0.022000
0 0.620000 0.766000 0.024000 0.020000
0 0.639500 0.368000 0.016000 0.013000
0 0.451000 0.483500 0.023000 0.022000
0 0.412000 0.535500 0.030000 0.028000
0 0.538500 0.203000 0.019000 0.019000
0 0.729000 0.787500 0.014000 0.012000
0 0.126000 0.570500 0.013000 0.011000
0 0.750500 0.344500 0.015000 0.013000
0 0.473000 0.497000 0.020000 0.022000
0 0.151500 0.572500 0.015000 0.014000
0 0.426000 0.514000 0.027000 0.026000
0 0.102000 0.455500 0.013000 0.012000
0 0.348000 0.853500 0.013000 0.019000
0 0.483000 0.540000 0.019000 0.016000
0 0.221000 0.700500 0.028000 0.026000
0 0.219500 0.296000 0.014000 0.016000
0 0.544000 0.610500 0.029000 0.025000
0 0.329000 0.679000 0.014000 0.015000
0 0.323500 0.183000 0.019000 0.016000
0 0.285000 0.515000 0.019000 0.015000
0 0.518500 0.361000 0.013000 0.014000
0 0.584000 0.343500 0.021000 0.019000
0 0.240500 0.541000 0.014000 0.015000
0 0.690000 0.397000 0.012000 0.012000
0 0.589500 0.264500 0.018000 0.023000
0 0.696000 0.340000 0.029000 0.025000
0 0.591500 0.214500 0.009000 0.009000
0 0.550000 0.383000 0.022000 0.021000
0 0.501500 0.618500 0.028000 0.018000
0 0.269000 0.635500 0.009000 0.012000
0 0.537500 0.532500 0.030000 0.027000
0 0.575000 0.221000 0.015000 0.017000
0 0.433500 0.633000 0.026000 0.023000
0 0.438000 0.116000 0.020000 0.020000
0 0.741500 0.419000 0.019000 0.023000
0 0.435000 0.201000 0.020000 0.023000
0 0.777500 0.240000 0.016000 0.016000
0 0.220000 0.468000 0.029000 0.022000
0 0.519500 0.475000 0.010000 0.010000
0 0.495500 0.484000 0.019000 0.019000
0 0.299500 0.482000 0.016000 0.019000
0 0.453500 0.507500 0.026000 0.028000
0 0.457000 0.800000 0.015000 0.014000
0 0.314000 0.433000 0.031000 0.033000
0 0.321500 0.564000 0.030000 0.026000
0 0.339000 0.661500 0.014000 0.014000
0 0.617500 0.795000 0.019000 0.024000
0 0.755500 0.325500 0.016000 0.013000
0 0.551000 0.453000 0.017000 0.013000
0 0.779500 0.462000 0.018000 0.014000
0 0.591500 0.441000 0.017000 0.016000
0 0.500000 0.399000 0.021000 0.019000
0 0.174000 0.412500 0.019000 0.020000
0 0.453500 0.414500 0.025000 0.027000
0 0.610750 0.801500 0.014500 0.011000
0 0.381000 0.432500 0.019000 0.011000
0 0.573500 0.523000 0.016000 0.017000
0 0.610000 0.434000 0.017000 0.020000
0 0.413500 0.371500 0.024000 0.023000
0 0.297500 0.442000 0.016000 0.012000
0 0.788000 0.414500 0.017000 0.015000
0 0.767750 0.795250 0.028500 0.029500
0 0.392500 0.402500 0.014000 0.022000
0 0.478500 0.631500 0.024000 0.026000
0 0.588000 0.193500 0.023000 0.028000
0 0.447000 0.267000 0.028000 0.029000
0 0.413500 0.797000 0.024000 0.021000
0 0.253500 0.507000 0.009000 0.011000
0 0.547000 0.691000 0.009000 0.012000
0 0.507000 0.575500 0.013000 0.013000
0 0.488000 0.508000 0.025000 0.022000
0 0.446500 0.624500 0.019000 0.016000
0 0.235500 0.606000 0.020000 0.014000
0 0.280000 0.641500 0.011000 0.010000
0 0.527500 0.485000 0.016000 0.013000
0 0.515000 0.517500 0.024000 0.027000
0 0.466750 0.212000 0.020500 0.014000
0 0.600500 0.804500 0.020000 0.019000
0 0.552000 0.474000 0.024000 0.016000
0 0.368000 0.719500 0.018000 0.019000
0 0.596000 0.271000 0.012000 0.016000
0 0.522500 0.530000 0.021000 0.016000
0 0.822000 0.356500 0.013000 0.011000
0 0.711000 0.462500 0.014000 0.014000
0 0.796500 0.470000 0.022000 0.022000
0 0.531500 0.454000 0.021000 0.022000
0 0.345500 0.260500 0.012000 0.012000
0 0.763500 0.283500 0.017000 0.016000
0 0.280500 0.447500 0.013000 0.015000
0 0.698000 0.509500 0.025000 0.024000
0 0.436000 0.713000 0.017000 0.016000
0 0.501000 0.299000 0.025000 0.022000
0 0.302000 0.728500 0.013000 0.012000
0 0.535000 0.440000 0.020000 0.021000
0 0.603500 0.601500 0.016000 0.011000
0 0.560000 0.401500 0.015000 0.019000
0 0.625500 0.523000 0.015000 0.015000
0 0.327500 0.603000 0.028000 0.027000
0 0.847000 0.619000 0.022000 0.026000
0 0.279000 0.404000 0.021000 0.017000
0 0.354500 0.681000 0.027000 0.026000
0 0.470000 0.382500 0.022000 0.018000
0 0.283500 0.149000 0.015000 0.018000
0 0.211500 0.666500 0.019000 0.026000
0 0.427500 0.357500 0.022000 0.024000
0 0.886000 0.572500 0.025000 0.028000
0 0.793000 0.362500 0.014000 0.010000
0 0.416000 0.449500 0.022000 0.014000
0 0.494000 0.604500 0.012000 0.015000
0 0.214000 0.427000 0.011000 0.012000
0 0.388500 0.481500 0.013000 0.013000
0 0.384000 0.749250 0.009000 0.011500
0 0.171000 0.338000 0.028000 0.024000
0 0.265000 0.290000 0.021000 0.015000
0 0.508500 0.505000 0.028000 0.027000
0 0.539500 0.477500 0.012000 0.012000
0 0.263500 0.209250 0.019000 0.026500
0 0.512500 0.596000 0.033000 0.025000
0 0.294250 0.519500 0.020500 0.017000
0 0.754000 0.575500 0.014000 0.014000
0 0.239000 0.294000 0.028000 0.027000
0 0.434000 0.576000 0.025000 0.023000
0 0.481000 0.520000 0.018000 0.015000
0 0.348750 0.650000 0.014500 0.011000
0 0.666500 0.363000 0.016000 0.025000
0 0.209000 0.608500 0.021000 0.021000
0 0.741000 0.627500 0.019000 0.021000
0 0.525000 0.572000 0.017000 0.014000
0 0.329000 0.506500 0.025000 0.026000
0 0.274500 0.357500 0.017000 0.015000
0 0.388500 0.784000 0.023000 0.026000
0 0.647500 0.737000 0.011000 0.013000
0 0.383000 0.472000 0.021000 0.019000
0 0.534000 0.127000 0.024000 0.029000
0 0.633500 0.456500 0.024000 0.023000
0 0.310500 0.560500 0.021000 0.022000
0 0.652500 0.302000 0.012000 0.012000
0 0.501500 0.335000 0.019000 0.016000
0 0.662000 0.865500 0.018000 0.018000
0 0.509500 0.442500 0.016000 0.014000
0 0.320500 0.368000 0.024000 0.024000
0 0.423000 0.493000 0.026000 0.027000
0 0.267000 0.644500 0.016000 0.018000
0 0.612500 0.500500 0.030000 0.022000
0 0.433000 0.846500 0.018000 0.019000
0 0.617500 0.447500 0.025000 0.026000
0 0.426000 0.613500 0.016000 0.010000
0 0.492500 0.229500 0.015000 0.016000
0 0.352000 0.490000 0.012000 0.012000
0 0.836000 0.362000 0.023000 0.018000
0 0.762000 0.461500 0.022000 0.022000
0 0.404000 0.548500 0.032000 0.031000
0 0.433500 0.815000 0.014000 0.018000
0 0.466500 0.643500 0.018000 0.022000
0 0.675500 0.265500 0.025000 0.026000
0 0.408000 0.650500 0.019000 0.024000
0 0.173000 0.495000 0.026000 0.021000
0 0.508500 0.706000 0.021000 0.016000
0 0.693000 0.232000 0.010000 0.011000
0 0.583000 0.752000 0.030000 0.026000
0 0.338000 0.503000 0.018000 0.017000
0 0.408500 0.669000 0.016000 0.019000
0 0.446000 0.608000 0.020000 0.020000
0 0.515000 0.686000 0.018000 0.017000
0 0.852000 0.298000 0.012000 0.013000
0 0.291000 0.613500 0.011000 0.011000
0 0.468500 0.466500 0.018000 0.014000
0 0.207500 0.379000 0.014000 0.017000
0 0.916000 0.513500 0.030000 0.034000
0 0.569500 0.602000 0.012000 0.013000
0 0.680000 0.481000 0.026000 0.023000
0 0.455500 0.527000 0.017000 0.022000
0 0.392750 0.724000 0.023500 0.018000
0 0.660500 0.537500 0.014000 0.014000
0 0.693500 0.707000 0.031000 0.024000
0 0.546000 0.577000 0.023000 0.024000
0 0.739000 0.601000 0.017000 0.025000
0 0.460500 0.432500 0.016000 0.015000
0 0.764000 0.398500 0.020000 0.021000
0 0.654000 0.452000 0.015000 0.015000
0 0.307000 0.497000 0.018000 0.021000
0 0.555000 0.496000 0.026000 0.033000
0 0.549500 0.536000 0.029000 0.026000
0 0.372500 0.457500 0.022000 0.021000
0 0.476500 0.293000 0.013000 0.016000
0 0.316500 0.357500 0.019000 0.019000
0 0.440500 0.571500 0.028000 0.029000
0 0.396500 0.381500 0.013000 0.019000
0 0.578000 0.209000 0.023000 0.023000
0 0.642000 0.628000 0.015000 0.011000
0 0.398000 0.546500 0.017000 0.016000
0 0.614000 0.461000 0.019000 0.020000
0 0.287500 0.533000 0.020000 0.018000
0 0.474000 0.646000 0.015000 0.015000
0 0.210000 0.692000 0.032000 0.024000
0 0.598500 0.481500 0.015000 0.016000
0 0.523000 0.198500 0.019000 0.022000
0 0.648500 0.829000 0.022000 0.024000
0 0.517500 0.442500 0.012000 0.013000
0 0.458000 0.907000 0.026000 0.027000
0 0.640500 0.772000 0.031000 0.031000
0 0.869500 0.624500 0.010000 0.012000
0 0.461000 0.567000 0.015000 0.016000
0 0.464500 0.147000 0.027000 0.028000
0 0.485500 0.851500 0.013000 0.017000
0 0.462500 0.200000 0.028000 0.020000
0 0.258000 0.367500 0.012000 0.019000
0 0.603500 0.321000 0.027000 0.031000
0 0.193500 0.750000 0.021000 0.029000
0 0.435000 0.296750 0.014000 0.014500
0 0.574500 0.656500 0.032000 0.030000
0 0.472500 0.357250 0.011000 0.014500
0 0.181000 0.559500 0.014000 0.011000
0 0.575000 0.539500 0.019000 0.022000
0 0.589500 0.507000 0.011000 0.011000
0 0.742500 0.248500 0.009000 0.009000
0 0.396000 0.803000 0.023000 0.025000
0 0.257000 0.163000 0.013000 0.013000
0 0.498500 0.452500 0.027000 0.029000
0 0.608000 0.336000 0.019000 0.022000
0 0.638000 0.493000 0.020000 0.019000
0 0.519000 0.546000 0.010000 0.012000
0 0.406500 0.446750 0.017000 0.023500
0 0.729500 0.772000 0.019000 0.020000
0 0.550500 0.517500 0.021000 0.023000
0 0.174000 0.758000 0.013000 0.012000
0 0.560000 0.176500 0.012000 0.013000
0 0.485000 0.663500 0.018000 0.022000
0 0.574000 0.313500 0.015000 0.014000
0 0.231500 0.614750 0.010000 0.014500
0 0.525000 0.474000 0.019000 0.019000
0 0.358500 0.639000 0.027000 0.024000
0 0.477000 0.501000 0.021000 0.022000
0 0.495500 0.576500 0.016000 0.019000
0 0.251500 0.560000 0.013000 0.009000
0 0.223000 0.537000 0.022000 0.019000
0 0.369500 0.803500 0.019000 0.025000
0 0.094000 0.604000 0.030000 0.026000
0 0.711500 0.186000 0.022000 0.021000
0 0.551000 0.438500 0.024000 0.020000
0 0.527750 0.586500 0.020500 0.014000
0 0.349000 0.410500 0.025000 0.027000
0 0.306000 0.627000 0.013000 0.011000
0 0.144500 0.611500 0.009000 0.013000
0 0.470000 0.517500 0.033000 0.031000
0 0.763500 0.581000 0.018000 0.022000
0 0.363000 0.164000 0.020000 0.021000
0 0.411500 0.819500 0.016000 0.020000
0 0.307500 0.316000 0.014000 0.013000
0 0.593500 0.612000 0.023000 0.021000
0 0.686000 0.585000 0.023000 0.022000
0 0.533500 0.467500 0.014000 0.014000
0 0.575500 0.485000 0.026000 0.024000
0 0.582000 0.434000 0.018000 0.022000
0 0.472500 0.225000 0.018000 0.028000
0 0.570000 0.447000 0.033000 0.026000
0 0.576500 0.430000 0.023000 0.020000
0 0.527500 0.714500 0.020000 0.019000
0 0.346000 0.657000 0.020000 0.023000
0 0.436000 0.514500 0.026000 0.026000
0 0.542500 0.560250 0.012000 0.017500
0 0.616500 0.209500 0.015000 0.016000
0 0.778500 0.453000 0.028000 0.034000
0 0.490500 0.804500 0.011000 0.011000
0 0.746500 0.407000 0.010000 0.013000
0 0.514000 0.206500 0.030000 0.029000
0 0.529000 0.536500 0.028000 0.023000
0 0.761500 0.748000 0.009000 0.012000
0 0.240500 0.306500 0.020000 0.022000
0 0.291500 0.329500 0.016000 0.011000
0 0.450500 0.517000 0.014000 0.014000
0 0.519000 0.484000 0.018000 0.016000
0 0.385000 0.551500 0.025000 0.025000
0 0.575500 0.251000 0.022000 0.019000
0 0.436000 0.427500 0.023000 0.020000
0 0.409000 0.444500 0.021000 0.021000
0 0.425000 0.770000 0.021000 0.020000
0 0.363000 0.461500 0.014000 0.018000
0 0.490500 0.336500 0.015000 0.015000
0 0.246500 0.291500 0.009000 0.010000
0 0.728000 0.185500 0.010000 0.010000
0 0.414000 0.472500 0.012000 0.021000
0 0.624500 0.505500 0.014000 0.013000
0 0.361000 0.442000 0.019000 0.016000
0 0.383500 0.598000 0.032000 0.023000
0 0.404000 0.540000 0.025000 0.025000
0 0.388500 0.595500 0.016000 0.018000
0 0.332000 0.468000 0.034000 0.029000
0 0.625000 0.334500 0.022000 0.015000
0 0.488000 0.718500 0.021000 0.018000
0 0.300500 0.363000 0.011000 0.012000
0 0.410000 0.596000 0.017000 0.013000
0 0.357000 0.770500 0.011000 0.012000
0 0.398500 0.396000 0.016000 0.021000
0 0.305500 0.422500 0.014000 0.014000
0 0.561000 0.519000 0.019000 0.016000
0 0.499500 0.518000 0.012000 0.012000
0 0.294500 0.726500 0.019000 0.020000
0 0.523000 0.626000 0.024000 0.023000
0 0.342000 0.290000 0.014000 0.019000
0 0.592500 0.897000 0.029000 0.022000
0 0.562000 0.850000 0.010000 0.013000
0 0.198000 0.620500 0.018000 0.015000
0 0.529000 0.841500 0.020000 0.023000
0 0.248500 0.252000 0.017000 0.016000
0 0.461000 0.520500 0.022000 0.022000
0 0.595500 0.303000 0.014000 0.014000
0 0.326500 0.148500 0.019000 0.018000
0 0.297000 0.211500 0.025000 0.021000
0 0.469500 0.431500 0.009000 0.010000
0 0.550000 0.504000 0.020000 0.017000
0 0.784000 0.733000 0.018000 0.028000
0 0.650000 0.323500 0.017000 0.016000
0 0.763500 0.242000 0.009000 0.009000
0 0.543500 0.792000 0.019000 0.019000
0 0.439000 0.789500 0.023000 0.023000
0 0.412000 0.516500 0.014000 0.020000
0 0.243500 0.515000 0.020000 0.020000
0 0.522000 0.543000 0.021000 0.022000
0 0.452250 0.556000 0.023500 0.018000
0 0.339000 0.702500 0.025000 0.033000
0 0.376000 0.246000 0.018000 0.020000
0 0.717500 0.190500 0.021000 0.021000
0 0.487500 0.589500 0.013000 0.015000
0 0.505500 0.485500 0.015000 0.016000
0 0.754500 0.794500 0.015000 0.017000
0 0.597000 0.550000 0.026000 0.027000
0 0.330000 0.708000 0.020000 0.016000
0 0.677500 0.504500 0.021000 0.020000
0 0.707000 0.318000 0.024000 0.029000
0 0.321500 0.385000 0.026000 0.024000
0 0.634500 0.669000 0.024000 0.023000
0 0.510000 0.865500 0.017000 0.016000
0 0.515000 0.461500 0.010000 0.010000
0 0.369000 0.676000 0.028000 0.032000
0 0.616000 0.717500 0.028000 0.026000
0 0.692500 0.378500 0.030000 0.023000
0 0.421000 0.552500 0.016000 0.020000
0 0.463000 0.250000 0.020000 0.025000
0 0.538500 0.628000 0.015000 0.017000
0 0.758000 0.436000 0.020000 0.022000
0 0.624500 0.442500 0.011000 0.010000
0 0.555500 0.683500 0.019000 0.026000
0 0.321500 0.670500 0.020000 0.019000
0 0.400500 0.461000 0.018000 0.020000
0 0.650500 0.547000 0.016000 0.015000
0 0.798000 0.499000 0.022000 0.021000
0 0.657500 0.524000 0.017000 0.017000
0 0.338500 0.349000 0.017000 0.014000
0 0.461000 0.525500 0.016000 0.016000
0 0.264500 0.529000 0.014000 0.018000
0 0.470000 0.535000 0.027000 0.027000
0 0.611000 0.484000 0.020000 0.019000
0 0.552500 0.571500 0.013000 0.013000
0 0.231000 0.345500 0.021000 0.020000
0 0.257000 0.694000 0.017000 0.015000
0 0.403500 0.531000 0.029000 0.024000
0 0.567000 0.423500 0.015000 0.015000
0 0.582000 0.853000 0.018000 0.017000
0 0.698500 0.174000 0.021000 0.017000
0 0.847000 0.539500 0.021000 0.025000
0 0.550500 0.109500 0.015000 0.016000
0 0.215000 0.595000 0.017000 0.017000
0 0.668500 0.691000 0.012000 0.012000
0 0.682500 0.379000 0.023000 0.024000
0 0.608500 0.624000 0.012000 0.014000
0 0.728000 0.608500 0.022000 0.023000
0 0.423500 0.482000 0.016000 0.017000
0 0.491000 0.526000 0.025000 0.026000
0 0.599500 0.475000 0.025000 0.020000
0 0.299500 0.411000 0.018000 0.032000
0 0.491000 0.530000 0.024000 0.034000
0 0.436500 0.534750 0.018000 0.017500
0 0.498500 0.160500 0.021000 0.024000
0 0.665250 0.183250 0.029500 0.030500
0 0.376500 0.142500 0.015000 0.014000
0 0.120500 0.529000 0.014000 0.016000
0 0.472500 0.486500 0.026000 0.021000
0 0.721500 0.564500 0.024000 0.021000
0 0.723500 0.382000 0.020000 0.015000
0 0.408500 0.451000 0.027000 0.025000
0 0.493500 0.466000 0.012000 0.019000
0 0.542000 0.697500 0.014000 0.015000
0 0.439500 0.474000 0.024000 0.026000
0 0.642500 0.542000 0.033000 0.021000
0 0.420500 0.537500 0.018000 0.019000
0 0.508500 0.571000 0.021000 0.021000
0 0.674000 0.271500 0.018000 0.019000
0 0.499500 0.528000 0.017000 0.015000
0 0.559500 0.510500 0.034000 0.024000
0 0.350500 0.511500 0.012000 0.014000
0 0.775500 0.347500 0.022000 0.023000
0 0.537500 0.415000 0.022000 0.022000
0 0.480000 0.304000 0.014000 0.013000
0 0.434000 0.398500 0.020000 0.022000
0 0.733000 0.807500 0.027000 0.027000
0 0.369500 0.230500 0.022000 0.021000
0 0.690500 0.412000 0.026000 0.027000
0 0.454500 0.647000 0.010000 0.011000
0 0.562000 0.500000 0.023000 0.024000
0 0.590500 0.285000 0.017000 0.015000
0 0.370000 0.369500 0.030000 0.030000
0 0.682000 0.332000 0.017000 0.020000
0 0.397000 0.556000 0.018000 0.018000
0 0.427500 0.375500 0.024000 0.026000
0 0.381000 0.352000 0.019000 0.028000
0 0.637500 0.314500 0.021000 0.024000
0 0.599500 0.862500 0.020000 0.020000
0 0.618000 0.423500 0.022000 0.027000
0 0.828000 0.405000 0.020000 0.021000
0 0.352000 0.405000 0.033000 0.025000
0 0.502500 0.543000 0.025000 0.032000
0 0.392000 0.653000 0.019000 0.019000
0 0.624500 0.368000 0.020000 0.018000
0 0.721500 0.654000 0.017000 0.019000
0 0.472500 0.238500 0.010000 0.009000
0 0.705500 0.308000 0.028000 0.020000
0 0.598000 0.412500 0.022000 0.020000
0 0.889000 0.360000 0.015000 0.014000
0 0.237000 0.236000 0.017000 0.015000
0 0.540000 0.900500 0.016000 0.016000
0 0.873500 0.681500 0.026000 0.026000
0 0.422000 0.762500 0.020000 0.021000
0 0.474000 0.526500 0.018000 0.018000
0 0.124000 0.618000 0.018000 0.019000
0 0.444500 0.403000 0.023000 0.026000
0 0.583500 0.785000 0.011000 0.012000
0 0.238500 0.771500 0.022000 0.017000
0 0.564000 0.573500 0.023000 0.027000
0 0.133000 0.578500 0.028000 0.028000
0 0.386500 0.501500 0.012000 0.011000
0 0.435500 0.482000 0.013000 0.017000
0 0.490000 0.546000 0.019000 0.021000
0 0.433000 0.622500 0.009000 0.008000
0 0.550000 0.750000 0.031000 0.020000
0 0.583000 0.766000 0.026000 0.025000
0 0.387000 0.105500 0.017000 0.017000
0 0.846000 0.498000 0.017000 0.019000
0 0.701000 0.426000 0.019000 0.015000
0 0.586000 0.464000 0.022000 0.026000
0 0.224000 0.384000 0.023000 0.025000
0 0.530500 0.237000 0.013000 0.013000
0 0.361500 0.281000 0.014000 0.015000
0 0.562000 0.378500 0.028000 0.021000
0 0.370500 0.432000 0.013000 0.015000
0 0.131500 0.457500 0.024000 0.028000
0 0.214500 0.648500 0.019000 0.015000
0 0.437000 0.161000 0.010000 0.015000
0 0.428500 0.588000 0.022000 0.029000
0 0.635000 0.771000 0.021000 0.019000
0 0.258000 0.285000 0.017000 0.024000
0 0.343500 0.539000 0.019000 0.026000
0 0.598500 0.773000 0.020000 0.022000
0 0.601000 0.845500 0.022000 0.028000
0 0.217500 0.397500 0.021000 0.014000
0 0.502500 0.524000 0.013000 0.018000
0 0.614000 0.867000 0.021000 0.029000
0 0.421000 0.455500 0.017000 0.018000
0 0.378500 0.582000 0.027000 0.028000
0 0.483500 0.758500 0.028000 0.020000
0 0.669000 0.752000 0.028000 0.020000
0 0.115000 0.588500 0.020000 0.019000
0 0.555000 0.386500 0.015000 0.019000
0 0.123500 0.394000 0.020000 0.026000
0 0.768000 0.708500 0.020000 0.027000
0 0.650500 0.429500 0.027000 0.030000
0 0.551000 0.465000 0.013000 0.012000
0 0.843000 0.395500 0.015000 0.019000
0 0.587500 0.368000 0.018000 0.024000
0 0.538750 0.300000 0.014500 0.010000
0 0.395000 0.422750 0.014000 0.020500
0 0.361500 0.855500 0.021000 0.022000
0 0.682000 0.361000 0.023000 0.017000
0 0.540500 0.441000 0.017000 0.016000
0 0.521000 0.782500 0.024000 0.035000
0 0.559000 0.146000 0.019000 0.013000
0 0.339500 0.409500 0.017000 0.017000
0 0.231500 0.812000 0.028000 0.029000
0 0.239000 0.651000 0.020000 0.018000
0 0.100250 0.442000 0.020500 0.020000
0 0.537500 0.369500 0.021000 0.020000
0 0.685000 0.866000 0.028000 0.021000
0 0.554500 0.539500 0.015000 0.017000
0 0.338000 0.373500 0.018000 0.018000
0 0.241000 0.684500 0.030000 0.022000
0 0.497500 0.269500 0.013000 0.017000
0 0.596000 0.124000 0.018000 0.019000
0 0.694000 0.824000 0.014000 0.015000
0 0.461000 0.307500 0.023000 0.018000
0 0.477500 0.341000 0.016000 0.018000
0 0.309000 0.257000 0.021000 0.026000
0 0.299500 0.149500 0.021000 0.020000
0 0.673500 0.864500 0.017000 0.018000
0 0.357500 0.557000 0.031000 0.027000
0 0.272500 0.665000 0.014000 0.014000
0 0.543000 0.451500 0.015000 0.022000
0 0.175500 0.264500 0.024000 0.014000
0 0.412500 0.257000 0.019000 0.015000
0 0.179000 0.284500 0.022000 0.023000
0 0.674000 0.652500 0.023000 0.023000
0 0.322000 0.725500 0.016000 0.017000
0 0.113000 0.445000 0.021000 0.016000
0 0.647000 0.401500 0.022000 0.021000
0 0.466750 0.475000 0.032500 0.022000
0 0.599500 0.716500 0.013000 0.014000
0 0.479500 0.505500 0.017000 0.021000
0 0.386000 0.253000 0.020000 0.022000
0 0.712500 0.691000 0.027000 0.027000
0 0.508000 0.410000 0.033000 0.033000
0 0.553500 0.743000 0.023000 0.020000
0 0.233500 0.599000 0.012000 0.013000
0 0.234000 0.181500 0.025000 0.027000
0 0.541000 0.644500 0.023000 0.016000
0 0.489500 0.349500 0.025000 0.030000
0 0.448250 0.313500 0.017500 0.013000
0 0.480000 0.493000 0.024000 0.023000
0 0.613500 0.195500 0.014000 0.014000
0 0.558000 0.857000 0.030000 0.029000
0 0.472500 0.089500 0.022000 0.023000
0 0.766500 0.561500 0.011000 0.011000
0 0.813000 0.237000 0.017000 0.019000
0 0.312000 0.407500 0.012000 0.014000
0 0.388000 0.607500 0.019000 0.023000
0 0.560500 0.415000 0.017000 0.014000
0 0.441500 0.583500 0.011000 0.015000
0 0.483500 0.607500 0.011000 0.011000
0 0.611500 0.619500 0.012000 0.013000
0 0.442000 0.406000 0.029000 0.024000
0 0.780000 0.753500 0.011000 0.008000
0 0.590500 0.651000 0.020000 0.016000
0 0.422500 0.211000 0.016000 0.016000
0 0.528000 0.679500 0.008000 0.008000
0 0.186000 0.718000 0.027000 0.019000
0 0.634000 0.570000 0.021000 0.018000
0 0.388500 0.495000 0.027000 0.028000
0 0.511500 0.474000 0.011000 0.014000
0 0.110500 0.642500 0.026000 0.027000
0 0.349500 0.333000 0.012000 0.010000
0 0.359000 0.668000 0.018000 0.020000
0 0.680000 0.144250 0.017000 0.023500
0 0.255750 0.780500 0.011500 0.008000
0 0.283000 0.295000 0.014000 0.016000
0 0.153000 0.340000 0.022000 0.030000
0 0.411500 0.419000 0.015000 0.017000
0 0.427500 0.450000 0.022000 0.015000
0 0.475500 0.674000 0.021000 0.018000
0 0.791000 0.644500 0.029000 0.021000
0 0.528500 0.493500 0.029000 0.021000
0 0.320500 0.770000 0.027000 0.021000
0 0.488500 0.430500 0.015000 0.013000
0 0.778000 0.290500 0.020000 0.022000
0 0.508500 0.369000 0.011000 0.013000
0 0.756500 0.681000 0.033000 0.033000
0 0.540500 0.492000 0.015000 0.022000
0 0.542000 0.816500 0.011000 0.012000
0 0.276500 0.379250 0.026000 0.029500
0 0.514500 0.855000 0.013000 0.013000
0 0.468000 0.404500 0.025000 0.019000
0 0.479500 0.363000 0.036000 0.029000
0 0.397500 0.288500 0.014000 0.016000
0 0.238000 0.467000 0.027000 0.026000
0 0.654500 0.267000 0.015000 0.012000
0 0.510500 0.187000 0.025000 0.017000
0 0.201500 0.406500 0.022000 0.021000
0 0.357000 0.780250 0.014000 0.017500
0 0.236500 0.669500 0.017000 0.015000
0 0.690500 0.870000 0.017000 0.020000
0 0.673000 0.330000 0.024000 0.018000
0 0.445500 0.414000 0.026000 0.024000
0 0.305000 0.517000 0.021000 0.034000
0 0.521500 0.452000 0.025000 0.022000
0 0.713500 0.650500 0.018000 0.016000
0 0.188000 0.491000 0.028000 0.028000
0 0.613250 0.895500 0.026500 0.021000
0 0.443000 0.486000 0.018000 0.018000
0 0.387000 0.698750 0.017000 0.023500
0 0.321000 0.662500 0.013000 0.011000
0 0.782000 0.250500 0.024000 0.023000
0 0.308000 0.607000 0.019000 0.015000
0 0.633500 0.384500 0.021000 0.029000
0 0.590000 0.180500 0.012000 0.011000
0 0.682500 0.441500 0.035000 0.036000
0 0.178000 0.547500 0.017000 0.016000
0 0.816500 0.382500 0.031000 0.026000
0 0.410000 0.340000 0.015000 0.016000
0 0.656500 0.678000 0.021000 0.021000
0 0.700500 0.816500 0.014000 0.019000
0 0.386000 0.575000 0.012000 0.017000
0 0.314500 0.550000 0.025000 0.021000
0 0.172500 0.437500 0.015000 0.016000
0 0.665500 0.349000 0.020000 0.019000
0 0.229000 0.371000 0.029000 0.029000
0 0.838000 0.370500 0.015000 0.015000
0 0.606500 0.771500 0.023000 0.024000
0 0.876500 0.488500 0.026000 0.026000
0 0.747000 0.618000 0.015000 0.013000
0 0.810000 0.458000 0.021000 0.022000
0 0.495500 0.515500 0.015000 0.012000
0 0.708500 0.291000 0.014000 0.014000
0 0.270000 0.163500 0.023000 0.017000
0 0.686500 0.570000 0.022000 0.015000
0 0.527000 0.527000 0.031000 0.026000
0 0.703000 0.662500 0.023000 0.020000
0 0.567500 0.442000 0.008000 0.010000
0 0.450500 0.394000 0.013000 0.014000
0 0.769000 0.521500 0.014000 0.012000
0 0.630000 0.784000 0.020000 0.021000
0 0.282000 0.325500 0.019000 0.014000
0 0.765500 0.782500 0.018000 0.018000
0 0.476500 0.781250 0.017000 0.023500
0 0.541000 0.584000 0.013000 0.019000
0 0.542000 0.716000 0.018000 0.024000
0 0.392500 0.274000 0.013000 0.019000
0 0.765500 0.376500 0.017000 0.017000
0 0.179000 0.311000 0.012000 0.014000
0 0.528000 0.350000 0.013000 0.014000
0 0.430000 0.425000 0.017000 0.017000
0 0.437500 0.232500 0.011000 0.012000
0 0.554500 0.708000 0.027000 0.021000
0 0.716000 0.415500 0.016000 0.011000
0 0.768000 0.770000 0.017000 0.023000
0 0.604500 0.226000 0.020000 0.021000