0 0.539000 0.499000 0.022000 0.015000
0 0.499000 0.501000 0.010000 0.012000
0 0.774500 0.666500 0.015000 0.015000
0 0.859000 0.500500 0.023000 0.022000
0 0.519500 0.741000 0.016000 0.019000
0 0.656000 0.287000 0.010000 0.010000
0 0.689500 0.569500 0.016000 0.013000
0 0.490500 0.495000 0.024000 0.026000
0 0.612000 0.326000 0.023000 0.020000
0 0.621500 0.777500 0.022000 0.016000
0 0.254000 0.261000 0.012000 0.013000
0 0.551500 0.395000 0.020000 0.027000
0 0.552000 0.555500 0.021000 0.015000
0 0.615500 0.599000 0.026000 0.030000
0 0.266000 0.747500 0.034000 0.027000
0 0.260500 0.483000 0.020000 0.022000
0 0.573000 0.649000 0.010000 0.010000
0 0.349000 0.733500 0.012000 0.012000
0 0.427000 0.532000 0.021000 0.025000
0 0.859000 0.304500 0.018000 0.011000
0 0.375500 0.272000 0.026000 0.026000
0 0.669000 0.450000 0.023000 0.023000
0 0.553000 0.559000 0.020000 0.019000
0 0.872000 0.679000 0.020000 0.021000
0 0.839500 0.407000 0.017000 0.025000
0 0.683500 0.543500 0.011000 0.011000
0 0.254000 0.835000 0.024000 0.026000
0 0.689500 0.379500 0.030000 0.027000
0 0.344500 0.307500 0.033000 0.035000
0 0.454000 0.257000 0.022000 0.023000
0 0.285000 0.312500 0.023000 0.022000
0 0.548500 0.710500 0.011000 0.013000
0 0.597500 0.353000 0.016000 0.014000
0 0.556000 0.521000 0.022000 0.026000
0 0.490500 0.458000 0.017000 0.018000
0 0.836500 0.545500 0.009000 0.009000
0 0.506500 0.175000 0.011000 0.012000
0 0.507000 0.483000 0.017000 0.019000
0 0.413000 0.817500 0.030000 0.017000
0 0.384500 0.467500 0.025000 0.023000
0 0.708750 0.297750 0.020500 0.021500
0 0.566500 0.710000 0.019000 0.019000
0 0.353000 0.806000 0.021000 0.021000
0 0.483500 0.553000 0.028000 0.028000
0 0.798500 0.562500 0.026000 0.022000
0 0.370500 0.544500 0.011000 0.015000
0 0.134000 0.599000 0.009000 0.011000
0 0.822500 0.319500 0.011000 0.010000
0 0.529000 0.541500 0.015000 0.015000
0 0.311000 0.454000 0.018000 0.020000
0 0.377500 0.376500 0.017000 0.020000
0 0.735500 0.713500 0.028000 0.028000
0 0.206500 0.745500 0.019000 0.016000
0 0.453500 0.444000 0.022000 0.019000
0 0.507750 0.626500 0.014500 0.011000
0 0.852000 0.298000 0.016000 0.020000
0 0.821000 0.607500 0.017000 0.012000
0 0.529000 0.474500 0.025000 0.022000
0 0.848500 0.705500 0.015000 0.019000
0 0.640000 0.428000 0.020000 0.024000
0 0.832500 0.526500 0.033000 0.027000
0 0.665000 0.829000 0.012000 0.012000
0 0.515500 0.583500 0.011000 0.011000
0 0.513750 0.618500 0.014500 0.010000
0 0.564500 0.474500 0.011000 0.012000
0 0.760000 0.265000 0.019000 0.018000
0 0.451500 0.590500 0.011000 0.013000
0 0.268500 0.388500 0.025000 0.030000
0 0.809500 0.436500 0.018000 0.020000
0 0.251000 0.492000 0.032000 0.030000
0 0.112500 0.540000 0.012000 0.013000
0 0.540000 0.291000 0.018000 0.019000
0 0.581500 0.659500 0.015000 0.017000
0 0.814000 0.663500 0.016000 0.018000
0 0.430000 0.437000 0.017000 0.018000
0 0.448500 0.236000 0.033000 0.033000
0 0.385500 0.546500 0.027000 0.023000
0 0.651000 0.300000 0.023000 0.024000
0 0.795000 0.541500 0.019000 0.017000
0 0.461500 0.437000 0.022000 0.023000
0 0.475500 0.421500 0.016000 0.017000
0 0.526000 0.460000 0.022000 0.024000
0 0.698500 0.746500 0.012000 0.013000
0 0.897000 0.431000 0.018000 0.022000
0 0.545500 0.452500 0.021000 0.017000
0 0.481500 0.463000 0.020000 0.017000
0 0.644500 0.326000 0.028000 0.025000
0 0.336000 0.465000 0.023000 0.024000
0 0.230500 0.398000 0.010000 0.011000
0 0.565000 0.537000 0.014000 0.019000
0 0.314000 0.311500 0.018000 0.016000
0 0.425000 0.613500 0.015000 0.011000
0 0.431500 0.667500 0.032000 0.033000
0 0.205000 0.402000 0.027000 0.022000
0 0.549000 0.648500 0.017000 0.022000
0 0.261500 0.312500 0.030000 0.030000
0 0.432500 0.345000 0.029000 0.024000
0 0.807000 0.738000 0.013000 0.015000
0 0.642500 0.108000 0.028000 0.029000
0 0.469500 0.238500 0.023000 0.019000
0 0.742000 0.251500 0.016000 0.015000
0 0.445500 0.601000 0.016000 0.020000
0 0.441000 0.315500 0.012000 0.013000
0 0.387500 0.353000 0.030000 0.023000
0 0.469500 0.482000 0.018000 0.023000
0 0.133000 0.415500 0.026000 0.026000
0 0.559500 0.367500 0.017000 0.022000
0 0.261500 0.609000 0.031000 0.026000
0 0.373000 0.460500 0.011000 0.010000
0 0.427000 0.426000 0.015000 0.013000
0 0.511500 0.459000 0.015000 0.010000
0 0.393500 0.417500 0.022000 0.021000
0 0.456500 0.134500 0.018000 0.015000
0 0.454000 0.474500 0.020000 0.012000
0 0.667500 0.268500 0.025000 0.029000
0 0.528500 0.498500 0.022000 0.017000
0 0.316000 0.652500 0.010000 0.009000
0 0.176500 0.611500 0.016000 0.015000
0 0.622000 0.716000 0.020000 0.023000
0 0.476000 0.501000 0.023000 0.028000
0 0.418000 0.461000 0.035000 0.028000
0 0.211500 0.480500 0.019000 0.011000
0 0.365000 0.498000 0.028000 0.034000
0 0.181500 0.490000 0.017000 0.019000
0 0.267500 0.769000 0.027000 0.023000
0 0.269500 0.342000 0.028000 0.019000
0 0.478500 0.529000 0.020000 0.017000
0 0.712500 0.469500 0.019000 0.018000
0 0.461500 0.845500 0.023000 0.025000
0 0.493500 0.576500 0.029000 0.028000
0 0.561000 0.492000 0.023000 0.028000
0 0.683000 0.516000 0.011000 0.011000
0 0.394500 0.579000 0.012000 0.011000
0 0.496000 0.500500 0.011000 0.010000
0 0.332500 0.385500 0.036000 0.026000
0 0.480000 0.443500 0.016000 0.015000
0 0.596000 0.630000 0.021000 0.021000
0 0.838500 0.503500 0.014000 0.013000
0 0.560500 0.316000 0.026000 0.033000
0 0.504500 0.464000 0.029000 0.024000
0 0.287000 0.374000 0.016000 0.022000
0 0.419500 0.509000 0.028000 0.030000
0 0.419500 0.442500 0.020000 0.022000
0 0.657000 0.425500 0.021000 0.022000
0 0.396000 0.618500 0.027000 0.025000
0 0.500500 0.508000 0.014000 0.018000
0 0.301000 0.764500 0.011000 0.013000
0 0.302500 0.395500 0.024000 0.027000
0 0.424500 0.735000 0.013000 0.014000
0 0.575500 0.392000 0.023000 0.021000
0 0.328000 0.425500 0.031000 0.022000
0 0.495500 0.514500 0.013000 0.018000
0 0.642000 0.306000 0.026000 0.027000
0 0.547500 0.611000 0.010000 0.012000
0 0.389500 0.493500 0.029000 0.020000
0 0.643000 0.655500 0.031000 0.030000
0 0.511000 0.268000 0.015000 0.020000
0 0.137000 0.555000 0.017000 0.015000
0 0.407000 0.754500 0.020000 0.022000
0 0.354000 0.659000 0.015000 0.022000
0 0.544500 0.523500 0.015000 0.014000
0 0.499500 0.455000 0.014000 0.014000
0 0.592000 0.100000 0.014000 0.012000
0 0.560000 0.547000 0.023000 0.024000
0 0.448500 0.431500 0.021000 0.023000
0 0.507500 0.455000 0.020000 0.018000
0 0.543000 0.491000 0.008000 0.008000
0 0.548500 0.460000 0.017000 0.013000
0 0.615000 0.429000 0.026000 0.022000
0 0.790000 0.470000 0.029000 0.026000
0 0.534000 0.398000 0.022000 0.025000
0 0.405500 0.540500 0.014000 0.016000
0 0.739500 0.404500 0.021000 0.022000
0 0.400000 0.147000 0.025000 0.021000
0 0.875500 0.320000 0.021000 0.020000
0 0.428000 0.338000 0.016000 0.016000
0 0.701500 0.537000 0.009000 0.012000
0 0.411000 0.650000 0.014000 0.013000
0 0.554000 0.528000 0.027000 0.027000
0 0.461500 0.501000 0.010000 0.016000
0 0.695000 0.165000 0.012000 0.013000
0 0.742000 0.479000 0.010000 0.015000
0 0.279000 0.549000 0.024000 0.023000
0 0.614500 0.667500 0.017000 0.019000
0 0.572500 0.109500 0.023000 0.021000
0 0.393500 0.365000 0.027000 0.023000
0 0.623000 0.226500 0.013000 0.014000
0 0.807000 0.635500 0.025000 0.021000
0 0.601000 0.456750 0.010000 0.014500
0 0.354000 0.764000 0.020000 0.015000
0 0.391500 0.135500 0.024000 0.022000
0 0.198000 0.328000 0.023000 0.028000
0 0.114500 0.520000 0.025000 0.024000
0 0.338000 0.415500 0.027000 0.029000
0 0.302000 0.768000 0.021000 0.024000
0 0.307000 0.499500 0.020000 0.017000
0 0.605500 0.463000 0.027000 0.030000
0 0.433000 0.550000 0.009000 0.010000
0 0.378000 0.333000 0.022000 0.027000
0 0.142000 0.345500 0.025000 0.029000
0 0.551000 0.247000 0.022000 0.022000
0 0.788500 0.512500 0.019000 0.025000
0 0.631500 0.733000 0.009000 0.009000
0 0.328000 0.647500 0.022000 0.020000
0 0.848750 0.470750 0.015500 0.015500
0 0.591500 0.500500 0.023000 0.023000
0 0.579000 0.561000 0.026000 0.025000
0 0.676000 0.317000 0.018000 0.020000
0 0.209000 0.567500 0.010000 0.011000
0 0.662000 0.498000 0.023000 0.023000
0 0.708000 0.556500 0.028000 0.028000
0 0.703500 0.256000 0.018000 0.022000
0 0.171250 0.751000 0.026500 0.023000
0 0.481500 0.457000 0.024000 0.028000
0 0.358000 0.756000 0.013000 0.015000
0 0.459500 0.565000 0.020000 0.025000
0 0.362000 0.303000 0.025000 0.028000
0 0.258500 0.802500 0.021000 0.023000
0 0.759500 0.365000 0.022000 0.031000
0 0.427000 0.662500 0.020000 0.015000
0 0.103000 0.517500 0.031000 0.023000
0 0.487500 0.531500 0.022000 0.026000
0 0.312000 0.476000 0.025000 0.024000
0 0.535500 0.247500 0.023000 0.020000
0 0.618500 0.585000 0.026000 0.023000
0 0.397000 0.402500 0.025000 0.017000
0 0.551000 0.515000 0.036000 0.036000
0 0.356000 0.513500 0.015000 0.022000
0 0.433000 0.877500 0.024000 0.029000
0 0.618000 0.373000 0.022000 0.024000
0 0.502000 0.696000 0.021000 0.021000
0 0.361000 0.267000 0.027000 0.020000
0 0.479500 0.514500 0.026000 0.028000
0 0.496500 0.527000 0.022000 0.019000
0 0.499000 0.413500 0.021000 0.018000
0 0.641500 0.373500 0.013000 0.015000
0 0.326500 0.751500 0.021000 0.018000
0 0.843500 0.372750 0.021000 0.026500
0 0.281000 0.430500 0.022000 0.027000
0 0.501500 0.517500 0.019000 0.017000
0 0.383000 0.575000 0.015000 0.015000
0 0.471500 0.518500 0.027000 0.026000
0 0.401500 0.636500 0.015000 0.015000
0 0.563500 0.856500 0.014000 0.016000
0 0.170500 0.729000 0.013000 0.013000
0 0.615500 0.527000 0.022000 0.020000
0 0.786500 0.392500 0.013000 0.013000
0 0.814000 0.493000 0.023000 0.024000
0 0.349500 0.560000 0.022000 0.021000
0 0.407000 0.772000 0.026000 0.026000
0 0.307000 0.720000 0.019000 0.024000
0 0.496500 0.680000 0.013000 0.014000
0 0.460500 0.414000 0.021000 0.016000
0 0.911500 0.457500 0.015000 0.016000
0 0.535000 0.598500 0.027000 0.025000
0 0.537500 0.572000 0.021000 0.023000
0 0.560500 0.663000 0.033000 0.024000
0 0.326500 0.411000 0.030000 0.033000
0 0.573500 0.173500 0.019000 0.025000
0 0.511000 0.540000 0.021000 0.021000
0 0.870500 0.536500 0.011000 0.011000
0 0.754000 0.448500 0.013000 0.017000
0 0.257000 0.461500 0.017000 0.018000
0 0.813000 0.765500 0.014000 0.013000
0 0.714500 0.355500 0.026000 0.022000
0 0.298500 0.691500 0.015000 0.015000
0 0.343500 0.557000 0.024000 0.026000
0 0.195000 0.623000 0.019000 0.024000
0 0.624000 0.584000 0.016000 0.018000
0 0.203500 0.726500 0.013000 0.016000
0 0.395500 0.525500 0.019000 0.019000
0 0.657500 0.483500 0.021000 0.020000
0 0.627000 0.173000 0.034000 0.032000
0 0.297500 0.564000 0.012000 0.012000
0 0.701000 0.483500 0.016000 0.020000
0 0.468500 0.540500 0.025000 0.017000
0 0.735000 0.604500 0.014000 0.019000
0 0.552000 0.441500 0.027000 0.025000
0 0.225000 0.527500 0.014000 0.015000
0 0.561000 0.219500 0.017000 0.016000
0 0.560500 0.429000 0.011000 0.016000
0 0.525000 0.750000 0.015000 0.013000
0 0.487000 0.246500 0.020000 0.024000
0 0.526000 0.165000 0.020000 0.019000
0 0.874000 0.390500 0.017000 0.017000
0 0.333500 0.701500 0.027000 0.023000
0 0.530500 0.674000 0.024000 0.025000
0 0.316000 0.605000 0.024000 0.021000
0 0.538000 0.321000 0.014000 0.015000
0 0.647500 0.672000 0.012000 0.017000
0 0.748500 0.735000 0.011000 0.012000
0 0.513000 0.670500 0.027000 0.024000
0 0.381500 0.687000 0.015000 0.020000
0 0.795500 0.696000 0.010000 0.017000
0 0.476500 0.332000 0.014000 0.013000
0 0.628500 0.375500 0.018000 0.018000
0 0.459500 0.510000 0.011000 0.013000
0 0.729500 0.591500 0.020000 0.019000
0 0.406500 0.184000 0.018000 0.011000
0 0.400000 0.421000 0.029000 0.025000
0 0.342000 0.377000 0.031000 0.026000
0 0.453500 0.863000 0.018000 0.021000
0 0.481500 0.495000 0.021000 0.015000
0 0.584500 0.709000 0.013000 0.014000
0 0.463000 0.587000 0.013000 0.016000
0 0.631000 0.509000 0.027000 0.027000
0 0.761000 0.571500 0.023000 0.024000
0 0.524500 0.260000 0.010000 0.008000
0 0.519500 0.196000 0.034000 0.028000
0 0.474500 0.417500 0.011000 0.012000
0 0.528000 0.559500 0.010000 0.012000
0 0.410500 0.604000 0.019000 0.013000
0 0.528000 0.647000 0.027000 0.024000
0 0.689250 0.190500 0.017500 0.013000
0 0.518000 0.288500 0.013000 0.013000
0 0.486500 0.212000 0.020000 0.019000
0 0.172500 0.261000 0.023000 0.020000
0 0.374500 0.264500 0.017000 0.018000
0 0.660000 0.576000 0.022000 0.022000
0 0.425500 0.413000 0.018000 0.022000
0 0.365500 0.722250 0.020000 0.020500
0 0.698000 0.304500 0.028000 0.030000
0 0.622000 0.380500 0.023000 0.020000
0 0.311000 0.271500 0.024000 0.025000
0 0.354500 0.415500 0.024000 0.027000
0 0.474000 0.178000 0.014000 0.016000
0 0.738500 0.187000 0.029000 0.027000
0 0.465000 0.610000 0.012000 0.010000
0 0.729000 0.163500 0.028000 0.022000
0 0.408500 0.326500 0.029000 0.020000
0 0.531000 0.514000 0.013000 0.012000
0 0.409500 0.293000 0.019000 0.023000
0 0.232000 0.540500 0.022000 0.018000
0 0.605500 0.365000 0.014000 0.012000
0 0.171000 0.477000 0.020000 0.021000
0 0.231500 0.366500 0.013000 0.009000
0 0.673000 0.159000 0.013000 0.015000
0 0.102500 0.632500 0.027000 0.028000
0 0.550500 0.860500 0.015000 0.017000
0 0.412000 0.117000 0.019000 0.020000
0 0.202000 0.719000 0.028000 0.033000
0 0.339500 0.157000 0.021000 0.018000
0 0.496000 0.187500 0.017000 0.022000
0 0.514000 0.565000 0.021000 0.024000
0 0.504000 0.214500 0.018000 0.015000
0 0.802000 0.661500 0.017000 0.019000
0 0.715500 0.178500 0.023000 0.025000
0 0.502500 0.305000 0.010000 0.012000
0 0.524500 0.509500 0.018000 0.014000
0 0.495000 0.491000 0.016000 0.018000
0 0.270500 0.218500 0.016000 0.013000
0 0.295000 0.225000 0.027000 0.025000
0 0.415500 0.504000 0.026000 0.019000
0 0.724000 0.813500 0.017000 0.017000
0 0.510500 0.532500 0.011000 0.009000
0 0.363000 0.214500 0.013000 0.016000
0 0.358000 0.294500 0.024000 0.033000
0 0.618500 0.198500 0.014000 0.016000
0 0.546000 0.511000 0.026000 0.021000
0 0.429000 0.596500 0.024000 0.026000
0 0.614000 0.168500 0.013000 0.018000
0 0.620500 0.752500 0.012000 0.015000
0 0.836000 0.459500 0.008000 0.009000
0 0.432000 0.470000 0.017000 0.019000
0 0.438500 0.201500 0.022000 0.018000
0 0.183500 0.677500 0.019000 0.021000
0 0.573500 0.258000 0.020000 0.020000
0 0.467000 0.379000 0.015000 0.014000
0 0.465500 0.645500 0.033000 0.021000
0 0.252000 0.665000 0.017000 0.021000
0 0.623500 0.541000 0.016000 0.015000
0 0.449500 0.415000 0.025000 0.024000
0 0.386250 0.619250 0.025500 0.024500
0 0.230500 0.603500 0.017000 0.022000
0 0.501500 0.264250 0.016000 0.020500
0 0.684000 0.360000 0.017000 0.015000
0 0.615500 0.501500 0.014000 0.015000
0 0.356500 0.491000 0.020000 0.025000
0 0.544500 0.626000 0.024000 0.025000
0 0.436500 0.577000 0.029000 0.032000
0 0.632000 0.164000 0.022000 0.022000
0 0.562000 0.910000 0.010000 0.011000
0 0.485500 0.322750 0.012000 0.017500
0 0.563000 0.330500 0.020000 0.016000
0 0.272500 0.366500 0.010000 0.011000
0 0.556000 0.602500 0.025000 0.022000
0 0.593000 0.678000 0.021000 0.023000
0 0.342000 0.477000 0.030000 0.019000
0 0.431500 0.224000 0.021000 0.026000
0 0.269000 0.763000 0.024000 0.023000
0 0.421000 0.544500 0.023000 0.019000
0 0.299500 0.321500 0.021000 0.027000
0 0.661500 0.366000 0.023000 0.023000
0 0.662500 0.339000 0.015000 0.017000
0 0.363000 0.434500 0.012000 0.011000
0 0.487500 0.676500 0.028000 0.027000
0 0.690500 0.452000 0.022000 0.021000
0 0.629000 0.676500 0.028000 0.028000
0 0.527000 0.485000 0.022000 0.014000
0 0.286000 0.209000 0.020000 0.015000
0 0.242000 0.293000 0.019000 0.019000
0 0.644500 0.523500 0.015000 0.014000
0 0.427000 0.101500 0.027000 0.018000
0 0.788500 0.500500 0.022000 0.017000
0 0.515500 0.299500 0.013000 0.012000
0 0.609500 0.479000 0.025000 0.026000
0 0.761500 0.383500 0.028000 0.027000
0 0.800500 0.626000 0.017000 0.017000
0 0.564000 0.563500 0.032000 0.032000
0 0.541000 0.115500 0.016000 0.012000
0 0.502500 0.472000 0.024000 0.019000
0 0.295250 0.798500 0.017500 0.018000
0 0.372000 0.749000 0.018000 0.022000
0 0.582000 0.354500 0.013000 0.015000
0 0.554000 0.740500 0.030000 0.028000
0 0.490500 0.509500 0.028000 0.031000
0 0.234000 0.325000 0.011000 0.009000
0 0.408250 0.628500 0.011500 0.008000
0 0.559000 0.656000 0.017000 0.023000
0 0.347500 0.712000 0.022000 0.019000
0 0.497500 0.623000 0.012000 0.012000
0 0.753000 0.813000 0.026000 0.031000
0 0.158000 0.527000 0.017000 0.018000
0 0.609000 0.557000 0.014000 0.012000
0 0.582500 0.434500 0.019000 0.024000
0 0.520000 0.446000 0.014000 0.013000
0 0.607000 0.103000 0.015000 0.012000
0 0.404500 0.302000 0.020000 0.021000
0 0.701000 0.376500 0.020000 0.020000
0 0.428000 0.647000 0.016000 0.018000
0 0.607000 0.777500 0.028000 0.029000
0 0.582500 0.536000 0.018000 0.025000
0 0.564500 0.828000 0.014000 0.011000
0 0.443000 0.418000 0.011000 0.014000
0 0.567000 0.675500 0.032000 0.029000
0 0.504000 0.551500 0.018000 0.019000
0 0.490500 0.362500 0.020000 0.024000
0 0.726500 0.659000 0.025000 0.019000
0 0.274500 0.288500 0.024000 0.022000
0 0.374000 0.529000 0.020000 0.022000
0 0.865000 0.651000 0.019000 0.019000
0 0.353000 0.427000 0.015000 0.015000
0 0.268500 0.281500 0.019000 0.021000
0 0.594500 0.726500 0.022000 0.019000
0 0.533000 0.632000 0.016000 0.016000
0 0.489000 0.755000 0.015000 0.020000
0 0.475000 0.615500 0.028000 0.022000
0 0.382500 0.674000 0.013000 0.013000
0 0.718000 0.705500 0.016000 0.017000
0 0.316000 0.199000 0.025000 0.020000
0 0.477000 0.141000 0.011000 0.009000
0 0.403000 0.892000 0.021000 0.024000
0 0.487500 0.086000 0.029000 0.035000
0 0.519000 0.516500 0.022000 0.022000
0 0.630500 0.529000 0.015000 0.013000
0 0.469500 0.431500 0.022000 0.020000
0 0.309500 0.765000 0.016000 0.012000
0 0.758000 0.273000 0.029000 0.029000
0 0.713500 0.770000 0.010000 0.011000
0 0.568000 0.314500 0.012000 0.012000
0 0.458000 0.466500 0.017000 0.017000
0 0.526500 0.553000 0.012000 0.008000
0 0.225500 0.709500 0.018000 0.017000
0 0.524000 0.339500 0.012000 0.012000
0 0.830500 0.580000 0.027000 0.021000
0 0.415500 0.486000 0.016000 0.015000
0 0.887500 0.369000 0.017000 0.017000
0 0.321000 0.316500 0.013000 0.015000
0 0.396500 0.511500 0.014000 0.017000
0 0.575250 0.550500 0.020500 0.016000
0 0.544500 0.656500 0.026000 0.024000
0 0.414500 0.735500 0.013000 0.011000
0 0.518000 0.827000 0.023000 0.017000
0 0.478500 0.405500 0.021000 0.022000
0 0.530000 0.374500 0.020000 0.022000
0 0.528500 0.527500 0.010000 0.012000
0 0.404000 0.587500 0.035000 0.030000
0 0.811000 0.372500 0.014000 0.019000
0 0.327000 0.366500 0.013000 0.018000
0 0.577500 0.634000 0.014000 0.014000
0 0.582000 0.491500 0.016000 0.017000
0 0.599500 0.683500 0.019000 0.013000
0 0.547500 0.311000 0.012000 0.013000
0 0.538500 0.082500 0.023000 0.025000
0 0.802500 0.650000 0.015000 0.014000
0 0.584500 0.766500 0.017000 0.018000
0 0.359500 0.279000 0.019000 0.021000
0 0.621000 0.692000 0.031000 0.028000
0 0.596000 0.843000 0.017000 0.014000
0 0.339750 0.481000 0.026500 0.020000
0 0.513500 0.273000 0.015000 0.013000
0 0.550000 0.549750 0.008000 0.011500
0 0.292500 0.640500 0.010000 0.013000
0 0.383500 0.270000 0.017000 0.017000
0 0.786500 0.322000 0.024000 0.020000
0 0.625000 0.596000 0.017000 0.016000
0 0.567500 0.446500 0.020000 0.019000
0 0.605000 0.348500 0.014000 0.013000
0 0.373500 0.489500 0.029000 0.023000
0 0.727500 0.542000 0.013000 0.012000
0 0.801500 0.381500 0.008000 0.011000
0 0.506500 0.253000 0.014000 0.015000
0 0.688000 0.495500 0.016000 0.015000
0 0.832500 0.364500 0.013000 0.013000
0 0.596000 0.634000 0.013000 0.011000
0 0.401000 0.764500 0.031000 0.024000
0 0.343000 0.299000 0.033000 0.027000
0 0.630500 0.213500 0.017000 0.017000
0 0.745500 0.442000 0.017000 0.017000
0 0.673000 0.238000 0.017000 0.016000
0 0.564500 0.462500 0.018000 0.018000
0 0.397500 0.548000 0.018000 0.016000
0 0.388000 0.210500 0.018000 0.011000
0 0.513000 0.257000 0.013000 0.010000
0 0.619500 0.865500 0.014000 0.018000
0 0.341000 0.581000 0.027000 0.027000
0 0.657000 0.516000 0.036000 0.033000
0 0.610500 0.125000 0.023000 0.021000
0 0.596000 0.379000 0.026000 0.028000
0 0.752000 0.666500 0.019000 0.018000
0 0.768000 0.354500 0.024000 0.024000