0 0.562500 0.316000 0.026000 0.021000
0 0.447000 0.581000 0.012000 0.016000
0 0.742500 0.605000 0.026000 0.025000
0 0.386000 0.750500 0.011000 0.012000
0 0.505500 0.507000 0.029000 0.031000
0 0.486500 0.300000 0.022000 0.017000
0 0.619000 0.539000 0.011000 0.013000
0 0.744500 0.528500 0.020000 0.022000
0 0.360000 0.746500 0.015000 0.014000
0 0.508000 0.475500 0.022000 0.024000
0 0.322000 0.829500 0.015000 0.013000
0 0.367500 0.769500 0.020000 0.021000
0 0.231000 0.563500 0.031000 0.027000
0 0.265000 0.270500 0.017000 0.015000
0 0.107500 0.562000 0.018000 0.021000
0 0.650750 0.611750 0.025500 0.024500
0 0.850000 0.450000 0.027000 0.029000
0 0.506000 0.485500 0.018000 0.021000
0 0.561500 0.405000 0.021000 0.023000
0 0.848000 0.678000 0.019000 0.021000
0 0.548500 0.615000 0.022000 0.030000
0 0.174000 0.629500 0.009000 0.009000
0 0.661000 0.404500 0.021000 0.024000
0 0.541500 0.160000 0.011000 0.013000
0 0.767000 0.334000 0.016000 0.022000
0 0.501000 0.592000 0.011000 0.013000
0 0.180500 0.679000 0.026000 0.022000
0 0.490000 0.532000 0.027000 0.020000
0 0.469500 0.233500 0.014000 0.018000
0 0.577000 0.432000 0.024000 0.025000
0 0.271500 0.235500 0.015000 0.015000
0 0.675000 0.599500 0.026000 0.028000
0 0.549000 0.881000 0.026000 0.024000
0 0.655500 0.521000 0.018000 0.017000
0 0.515000 0.621000 0.026000 0.031000
0 0.644500 0.119000 0.025000 0.025000
0 0.505500 0.685500 0.023000 0.018000
0 0.351000 0.447500 0.016000 0.018000
0 0.473000 0.621000 0.021000 0.019000
0 0.400000 0.536000 0.017000 0.017000
0 0.498500 0.500500 0.018000 0.013000
0 0.766500 0.608500 0.024000 0.023000
0 0.204500 0.414500 0.019000 0.028000
0 0.318500 0.497000 0.017000 0.019000
0 0.658000 0.727500 0.020000 0.015000
0 0.516500 0.708500 0.013000 0.013000
0 0.562000 0.220500 0.035000 0.026000
0 0.476000 0.525500 0.019000 0.019000
0 0.410500 0.864500 0.029000 0.029000
0 0.341500 0.360000 0.018000 0.020000
0 0.490000 0.564000 0.013000 0.016000
0 0.449500 0.598000 0.034000 0.029000
0 0.389000 0.361000 0.020000 0.022000
0 0.803000 0.558000 0.010000 0.009000
0 0.680000 0.252500 0.012000 0.013000
0 0.450000 0.748000 0.025000 0.021000
0 0.375000 0.568750 0.015000 0.020500
0 0.492000 0.488000 0.025000 0.023000
0 0.609500 0.526500 0.014000 0.014000
0 0.781000 0.487000 0.010000 0.017000
0 0.100000 0.415000 0.022000 0.017000
0 0.592500 0.552500 0.020000 0.016000
0 0.485750 0.497500 0.023500 0.016000
0 0.575000 0.290500 0.029000 0.024000
0 0.630000 0.451750 0.023000 0.029500
0 0.511000 0.820000 0.015000 0.016000
0 0.491000 0.391500 0.025000 0.022000
0 0.582000 0.816500 0.021000 0.020000
0 0.577000 0.476500 0.017000 0.018000
0 0.443000 0.557500 0.035000 0.031000
0 0.560500 0.725000 0.027000 0.030000
0 0.411000 0.564500 0.012000 0.012000
0 0.144000 0.351000 0.026000 0.028000
0 0.122500 0.326000 0.013000 0.013000
0 0.596000 0.512500 0.020000 0.020000
0 0.597500 0.537000 0.025000 0.026000
0 0.591000 0.574000 0.014000 0.012000
0 0.475000 0.608000 0.015000 0.014000
0 0.612000 0.371500 0.020000 0.019000
0 0.489500 0.761500 0.014000 0.013000
0 0.388500 0.701500 0.018000 0.019000
0 0.472500 0.252500 0.020000 0.019000
0 0.157000 0.340000 0.015000 0.015000
0 0.803000 0.348500 0.014000 0.016000
0 0.125000 0.381000 0.032000 0.032000
0 0.478000 0.430500 0.029000 0.024000
0 0.600500 0.430000 0.013000 0.015000
0 0.495500 0.508500 0.024000 0.021000
0 0.276000 0.632000 0.020000 0.023000
0 0.482000 0.362500 0.012000 0.012000
0 0.333000 0.158000 0.022000 0.024000
0 0.745000 0.273000 0.026000 0.029000
0 0.463000 0.379500 0.025000 0.029000
0 0.385000 0.412500 0.021000 0.028000
0 0.728000 0.376500 0.023000 0.022000
0 0.403500 0.488500 0.024000 0.020000
0 0.336000 0.324000 0.016000 0.016000
0 0.305500 0.529000 0.021000 0.022000
0 0.549000 0.452500 0.016000 0.013000
0 0.503000 0.438000 0.015000 0.012000
0 0.495000 0.419000 0.014000 0.019000
0 0.504500 0.618500 0.014000 0.018000
0 0.556000 0.504000 0.015000 0.017000
0 0.370500 0.515000 0.017000 0.020000
0 0.639500 0.528500 0.030000 0.026000
0 0.425750 0.841000 0.011500 0.008000
0 0.625500 0.552000 0.021000 0.020000
0 0.552000 0.589500 0.009000 0.010000
0 0.517500 0.518000 0.014000 0.012000
0 0.359500 0.528000 0.013000 0.013000
0 0.638000 0.318000 0.022000 0.023000
0 0.414250 0.475500 0.017500 0.013000
0 0.558000 0.785000 0.018000 0.014000
0 0.368000 0.414500 0.026000 0.023000
0 0.879500 0.587000 0.017000 0.015000
0 0.697500 0.678000 0.020000 0.015000
0 0.745000 0.479000 0.023000 0.022000
0 0.479500 0.482500 0.013000 0.019000
0 0.498000 0.492750 0.019000 0.026500
0 0.386000 0.372000 0.025000 0.022000
0 0.430500 0.492000 0.021000 0.020000
0 0.403000 0.569000 0.033000 0.035000
0 0.467000 0.760000 0.016000 0.015000
0 0.300000 0.375500 0.028000 0.018000
0 0.624750 0.158500 0.011500 0.009000
0 0.507000 0.541500 0.024000 0.019000
0 0.606000 0.457500 0.017000 0.019000
0 0.682500 0.620000 0.019000 0.015000
0 0.424500 0.805000 0.019000 0.018000
0 0.649500 0.788000 0.019000 0.016000
0 0.186000 0.531500 0.015000 0.011000
0 0.695000 0.781500 0.012000 0.018000
0 0.785000 0.344500 0.031000 0.033000
0 0.515000 0.495000 0.022000 0.022000
0 0.818000 0.665000 0.016000 0.024000
0 0.632000 0.207000 0.023000 0.023000
0 0.278750 0.776000 0.026500 0.021000
0 0.684000 0.272500 0.012000 0.017000
0 0.393000 0.434000 0.011000 0.010000
0 0.485000 0.418000 0.021000 0.020000
0 0.652500 0.397500 0.018000 0.017000
0 0.245500 0.678500 0.019000 0.016000
0 0.779000 0.621500 0.009000 0.014000
0 0.778000 0.747000 0.017000 0.017000
0 0.539000 0.458500 0.024000 0.024000
0 0.478000 0.472000 0.012000 0.012000
0 0.441500 0.511500 0.023000 0.020000
0 0.600500 0.401000 0.013000 0.016000
0 0.572000 0.415500 0.010000 0.011000
0 0.758500 0.331500 0.020000 0.019000
0 0.753000 0.201500 0.009000 0.012000
0 0.480000 0.543000 0.023000 0.023000
0 0.838000 0.704500 0.021000 0.022000
0 0.466500 0.363500 0.014000 0.010000
0 0.550000 0.807000 0.010000 0.011000
0 0.495500 0.479000 0.021000 0.021000
0 0.376000 0.846000 0.021000 0.023000
0 0.804000 0.287500 0.021000 0.017000
0 0.439000 0.381750 0.012000 0.014500
0 0.618000 0.853000 0.017000 0.018000
0 0.571000 0.387500 0.027000 0.028000
0 0.618000 0.511500 0.009000 0.011000
0 0.436000 0.366500 0.018000 0.026000
0 0.343000 0.427000 0.024000 0.022000
0 0.235000 0.590000 0.016000 0.016000
0 0.469500 0.730500 0.025000 0.018000
0 0.524500 0.533500 0.036000 0.030000
0 0.531000 0.453000 0.016000 0.015000
0 0.205500 0.621000 0.011000 0.013000
0 0.222000 0.597500 0.020000 0.023000
0 0.459500 0.493500 0.021000 0.026000
0 0.504000 0.088500 0.022000 0.023000
0 0.830000 0.426000 0.026000 0.025000
0 0.754500 0.325000 0.011000 0.012000
0 0.313000 0.800000 0.029000 0.021000
0 0.632000 0.266500 0.034000 0.023000
0 0.267000 0.620000 0.021000 0.025000
0 0.448000 0.557500 0.017000 0.018000
0 0.493000 0.461500 0.010000 0.009000
0 0.479500 0.466000 0.026000 0.025000
0 0.146500 0.491000 0.013000 0.014000
0 0.433500 0.813500 0.011000 0.010000
0 0.647000 0.478500 0.021000 0.021000
0 0.619000 0.169000 0.022000 0.021000
0 0.150500 0.327000 0.025000 0.027000
0 0.623000 0.628500 0.020000 0.015000
0 0.403000 0.256000 0.015000 0.015000
0 0.401000 0.472500 0.025000 0.022000
0 0.566500 0.239000 0.013000 0.011000
0 0.210750 0.686500 0.014500 0.011000
0 0.523000 0.492000 0.020000 0.016000
0 0.544500 0.501000 0.010000 0.010000
0 0.568500 0.520000 0.020000 0.019000
0 0.752500 0.377500 0.016000 0.023000
0 0.775000 0.217500 0.017000 0.015000
0 0.226000 0.194500 0.009000 0.009000
0 0.341000 0.478500 0.013000 0.012000
0 0.437500 0.754000 0.014000 0.019000
0 0.499500 0.709000 0.019000 0.016000
0 0.264000 0.801500 0.016000 0.024000
0 0.557500 0.171000 0.018000 0.018000
0 0.520500 0.188500 0.016000 0.016000
0 0.730500 0.416000 0.015000 0.014000
0 0.117000 0.579000 0.020000 0.028000
0 0.466000 0.569500 0.016000 0.017000
0 0.344000 0.255000 0.014000 0.015000
0 0.481000 0.218000 0.014000 0.013000
0 0.417500 0.199500 0.018000 0.016000
0 0.148500 0.708000 0.030000 0.029000
0 0.292500 0.693000 0.022000 0.013000
0 0.838000 0.521500 0.027000 0.027000
0 0.674000 0.428000 0.028000 0.035000
0 0.672000 0.472500 0.022000 0.021000
0 0.251500 0.810000 0.013000 0.017000
0 0.608000 0.281000 0.028000 0.029000
0 0.692500 0.605000 0.024000 0.024000
0 0.620000 0.454500 0.027000 0.017000
0 0.614500 0.321500 0.012000 0.011000
0 0.531500 0.336500 0.019000 0.021000
0 0.301500 0.471500 0.027000 0.024000
0 0.513000 0.337500 0.013000 0.017000
0 0.449500 0.685000 0.029000 0.028000
0 0.671500 0.259000 0.019000 0.020000
0 0.170500 0.583500 0.017000 0.027000
0 0.358000 0.701000 0.014000 0.020000
0 0.891000 0.375500 0.025000 0.030000
0 0.427000 0.580500 0.031000 0.028000
0 0.399000 0.650500 0.020000 0.023000
0 0.678500 0.397500 0.020000 0.017000
0 0.700000 0.348500 0.019000 0.024000
0 0.657500 0.451500 0.027000 0.031000
0 0.685000 0.568000 0.010000 0.013000
0 0.389500 0.585500 0.020000 0.019000
0 0.282500 0.502000 0.029000 0.035000
0 0.515000 0.569000 0.021000 0.025000
0 0.369500 0.877500 0.022000 0.019000
0 0.423500 0.370000 0.028000 0.028000
0 0.234500 0.613500 0.019000 0.025000
0 0.396000 0.299500 0.024000 0.024000
0 0.677500 0.693000 0.015000 0.015000
0 0.702500 0.218500 0.020000 0.019000
0 0.530500 0.398500 0.031000 0.031000
0 0.238000 0.400500 0.019000 0.015000
0 0.491000 0.224000 0.031000 0.033000
0 0.599000 0.770500 0.026000 0.026000
0 0.127000 0.633000 0.018000 0.016000
0 0.545000 0.577000 0.011000 0.012000
0 0.181500 0.457500 0.023000 0.021000
0 0.371500 0.553000 0.022000 0.021000
0 0.454500 0.441500 0.011000 0.013000
0 0.388000 0.129000 0.018000 0.014000
0 0.255500 0.686500 0.017000 0.013000
0 0.338500 0.443000 0.013000 0.022000
0 0.814000 0.714000 0.016000 0.016000
0 0.390500 0.719500 0.024000 0.021000
0 0.551000 0.399000 0.019000 0.019000
0 0.531500 0.419500 0.019000 0.022000
0 0.283500 0.375500 0.015000 0.016000
0 0.803500 0.459500 0.034000 0.023000
0 0.394500 0.816500 0.018000 0.015000
0 0.411500 0.302000 0.026000 0.024000
0 0.577000 0.591500 0.019000 0.018000
0 0.339000 0.804500 0.019000 0.021000
0 0.736500 0.620000 0.022000 0.026000
0 0.705000 0.772500 0.020000 0.024000
0 0.429000 0.764500 0.031000 0.025000
0 0.528000 0.299000 0.010000 0.015000
0 0.288500 0.638500 0.018000 0.019000
0 0.382000 0.237500 0.018000 0.016000
0 0.554000 0.667500 0.023000 0.025000
0 0.388500 0.608500 0.018000 0.018000
0 0.431500 0.383000 0.013000 0.015000
0 0.528500 0.503000 0.022000 0.023000
0 0.529500 0.679500 0.020000 0.021000
0 0.583000 0.088000 0.016000 0.016000
0 0.320500 0.260500 0.027000 0.032000
0 0.200500 0.368000 0.030000 0.031000
0 0.772500 0.561500 0.020000 0.018000
0 0.559000 0.688000 0.021000 0.032000
0 0.280500 0.559500 0.020000 0.019000
0 0.375500 0.466000 0.030000 0.029000
0 0.415000 0.468000 0.026000 0.021000
0 0.325500 0.644500 0.025000 0.019000
0 0.481000 0.132500 0.023000 0.018000
0 0.597000 0.195000 0.016000 0.011000
0 0.504500 0.354000 0.017000 0.011000
0 0.434000 0.484500 0.015000 0.013000
0 0.512000 0.478500 0.023000 0.023000
0 0.509500 0.552500 0.022000 0.019000
0 0.674000 0.770500 0.033000 0.021000
0 0.445500 0.534500 0.012000 0.019000
0 0.504000 0.517000 0.012000 0.016000
0 0.483500 0.493750 0.021000 0.026500
0 0.468500 0.500000 0.024000 0.022000
0 0.754000 0.469500 0.024000 0.023000
0 0.517500 0.193000 0.021000 0.013000
0 0.485000 0.642000 0.017000 0.017000
0 0.456250 0.618000 0.029500 0.020000
0 0.732000 0.245000 0.026000 0.026000
0 0.661500 0.553500 0.016000 0.029000
0 0.425500 0.557500 0.019000 0.019000
0 0.540500 0.512000 0.026000 0.028000
0 0.387000 0.519500 0.018000 0.015000
0 0.418500 0.319000 0.020000 0.019000
0 0.222000 0.615000 0.016000 0.017000
0 0.347500 0.728500 0.034000 0.033000
0 0.537500 0.314500 0.021000 0.020000
0 0.399000 0.514000 0.010000 0.009000
0 0.201000 0.345500 0.021000 0.012000
0 0.226000 0.745000 0.021000 0.025000
0 0.472000 0.488500 0.019000 0.024000
0 0.502500 0.294500 0.027000 0.024000
0 0.612000 0.458000 0.014000 0.012000
0 0.475500 0.422500 0.012000 0.011000
0 0.519500 0.733000 0.024000 0.022000
0 0.359500 0.391000 0.023000 0.018000
0 0.302000 0.264500 0.014000 0.014000
0 0.435000 0.506000 0.013000 0.010000
0 0.781000 0.779000 0.024000 0.023000
0 0.673500 0.344500 0.020000 0.020000
0 0.341500 0.235000 0.014000 0.014000
0 0.486500 0.808250 0.018000 0.026500
0 0.697000 0.309000 0.014000 0.018000
0 0.736750 0.193250 0.019500 0.019500
0 0.457000 0.175500 0.016000 0.016000
0 0.563500 0.698000 0.015000 0.013000
0 0.499500 0.547500 0.016000 0.015000
0 0.539500 0.137000 0.018000 0.017000
0 0.241000 0.725000 0.022000 0.023000
0 0.403500 0.498000 0.021000 0.023000
0 0.447500 0.493000 0.019000 0.013000
0 0.564000 0.307500 0.029000 0.030000
0 0.662500 0.245000 0.025000 0.030000
0 0.594000 0.472250 0.015000 0.017500
0 0.155500 0.682500 0.016000 0.016000
0 0.828500 0.696000 0.015000 0.014000
0 0.273500 0.286000 0.022000 0.020000
0 0.378500 0.558500 0.012000 0.014000
0 0.520000 0.407500 0.022000 0.022000
0 0.233000 0.255500 0.017000 0.023000
0 0.795500 0.209000 0.019000 0.020000
0 0.723000 0.577000 0.021000 0.025000
0 0.804000 0.579500 0.022000 0.022000
0 0.420500 0.524500 0.017000 0.013000
0 0.517500 0.583500 0.011000 0.013000
0 0.318500 0.423500 0.022000 0.028000
0 0.357000 0.124500 0.026000 0.031000
0 0.320500 0.145500 0.016000 0.015000
0 0.595500 0.337000 0.018000 0.022000
0 0.487000 0.508500 0.030000 0.025000
0 0.774000 0.632000 0.015000 0.016000
0 0.506500 0.744000 0.012000 0.012000
0 0.615000 0.570500 0.020000 0.022000
0 0.498000 0.243500 0.016000 0.018000
0 0.255500 0.486000 0.019000 0.020000
0 0.879500 0.384500 0.027000 0.028000
0 0.196000 0.552500 0.031000 0.025000
0 0.417000 0.894000 0.019000 0.021000
0 0.598500 0.373000 0.013000 0.009000
0 0.574500 0.380000 0.017000 0.017000
0 0.195500 0.778000 0.025000 0.025000
0 0.350500 0.414000 0.024000 0.025000
0 0.387000 0.449000 0.012000 0.011000
0 0.161500 0.371000 0.031000 0.030000
0 0.496500 0.102000 0.012000 0.012000
0 0.650500 0.440000 0.015000 0.013000
0 0.678000 0.636500 0.015000 0.015000
0 0.500000 0.478000 0.010000 0.010000
0 0.555000 0.419500 0.016000 0.012000
0 0.472000 0.450000 0.016000 0.014000
0 0.382500 0.532000 0.030000 0.021000
0 0.415000 0.507000 0.030000 0.030000
0 0.506000 0.491500 0.030000 0.029000
0 0.257000 0.519000 0.009000 0.012000
0 0.352000 0.427000 0.013000 0.010000
0 0.180500 0.495750 0.018000 0.023500
0 0.555500 0.554000 0.019000 0.022000
0 0.585000 0.819500 0.025000 0.027000
0 0.657500 0.422000 0.024000 0.035000
0 0.487000 0.249500 0.015000 0.019000
0 0.638000 0.772000 0.016000 0.015000
0 0.694500 0.573500 0.012000 0.015000
0 0.410500 0.583500 0.022000 0.021000
0 0.723000 0.628500 0.021000 0.021000
0 0.738000 0.711500 0.020000 0.022000
0 0.342000 0.581500 0.018000 0.018000
0 0.678500 0.511000 0.027000 0.026000
0 0.720000 0.526000 0.022000 0.022000
0 0.721500 0.766500 0.032000 0.032000
0 0.320500 0.132000 0.021000 0.021000
0 0.545500 0.550000 0.022000 0.021000
0 0.750000 0.414500 0.024000 0.020000
0 0.564500 0.553500 0.021000 0.018000
0 0.624000 0.199500 0.014000 0.013000
0 0.764000 0.666500 0.020000 0.021000
0 0.834500 0.299000 0.016000 0.011000
0 0.395500 0.782500 0.017000 0.022000
0 0.482500 0.781500 0.020000 0.023000
0 0.378500 0.683500 0.016000 0.015000
0 0.606000 0.634000 0.015000 0.018000
0 0.314500 0.550500 0.023000 0.018000
0 0.535000 0.661000 0.017000 0.018000
0 0.732500 0.503500 0.021000 0.028000
0 0.749500 0.708000 0.013000 0.010000
0 0.637500 0.356500 0.012000 0.013000
0 0.453500 0.668000 0.014000 0.014000
0 0.558500 0.369000 0.023000 0.017000
0 0.473500 0.295500 0.021000 0.015000
0 0.837000 0.368000 0.014000 0.015000
0 0.169000 0.307500 0.017000 0.021000
0 0.657000 0.693000 0.019000 0.016000
0 0.729500 0.619500 0.028000 0.027000
0 0.288000 0.511000 0.019000 0.019000
0 0.121500 0.610500 0.026000 0.026000
0 0.710500 0.584000 0.011000 0.014000
0 0.434500 0.676000 0.011000 0.011000
0 0.380000 0.671500 0.024000 0.027000
0 0.406000 0.448500 0.023000 0.022000
0 0.816000 0.351500 0.015000 0.012000
0 0.557000 0.525500 0.015000 0.016000
0 0.429500 0.653000 0.016000 0.018000
0 0.294500 0.419000 0.015000 0.016000
0 0.639500 0.719500 0.030000 0.027000
0 0.232500 0.184500 0.012000 0.015000
0 0.650000 0.422500 0.019000 0.020000
0 0.514500 0.550500 0.019000 0.023000
0 0.580000 0.325000 0.015000 0.013000
0 0.452500 0.534500 0.019000 0.020000
0 0.234500 0.200000 0.008000 0.009000