0 0.372000 0.807500 0.033000 0.032000
0 0.684500 0.714500 0.012000 0.013000
0 0.473000 0.463500 0.019000 0.020000
0 0.559000 0.506250 0.018000 0.020500
0 0.507500 0.479000 0.016000 0.015000
0 0.530000 0.434000 0.025000 0.025000
0 0.359500 0.836500 0.023000 0.016000
0 0.806500 0.420500 0.021000 0.022000
0 0.519000 0.539000 0.028000 0.024000
0 0.366500 0.734500 0.020000 0.020000
0 0.517500 0.587000 0.025000 0.026000
0 0.525000 0.899000 0.016000 0.009000
0 0.751500 0.212000 0.015000 0.023000
0 0.686000 0.640500 0.023000 0.020000
0 0.465500 0.455500 0.026000 0.023000
0 0.257500 0.518500 0.030000 0.029000
0 0.401000 0.679500 0.020000 0.016000
0 0.426000 0.352000 0.016000 0.016000
0 0.489500 0.345000 0.021000 0.018000
0 0.476000 0.446500 0.011000 0.012000
0 0.598000 0.300000 0.020000 0.023000
0 0.717000 0.814000 0.019000 0.015000
0 0.496000 0.529500 0.017000 0.015000
0 0.466000 0.294500 0.019000 0.022000
0 0.572500 0.302500 0.018000 0.016000
0 0.389000 0.555500 0.025000 0.026000
0 0.456000 0.510000 0.027000 0.027000
0 0.371000 0.497000 0.020000 0.020000
0 0.606500 0.491000 0.032000 0.034000
0 0.683000 0.351750 0.016000 0.020500
0 0.632500 0.649000 0.018000 0.018000
0 0.320000 0.571500 0.011000 0.014000
0 0.490000 0.592500 0.012000 0.015000
0 0.716000 0.408000 0.016000 0.016000
0 0.795000 0.261000 0.018000 0.021000
0 0.462000 0.814500 0.012000 0.010000
0 0.597000 0.387000 0.011000 0.010000
0 0.505500 0.204000 0.022000 0.022000
0 0.484500 0.490000 0.031000 0.032000
0 0.646000 0.527500 0.025000 0.019000
0 0.406000 0.348500 0.010000 0.013000
0 0.586000 0.454000 0.012000 0.014000
0 0.461500 0.572500 0.013000 0.016000
0 0.193500 0.584500 0.018000 0.017000
0 0.538000 0.552500 0.018000 0.018000
0 0.232500 0.499500 0.021000 0.017000
0 0.514250 0.343500 0.032500 0.026000
0 0.469500 0.442500 0.023000 0.024000
0 0.289000 0.509500 0.021000 0.021000
0 0.467500 0.423500 0.019000 0.021000
0 0.715000 0.337000 0.023000 0.024000
0 0.769000 0.410500 0.025000 0.020000
0 0.839500 0.608500 0.020000 0.021000
0 0.557000 0.480000 0.016000 0.022000
0 0.479500 0.174500 0.022000 0.022000
0 0.529500 0.492500 0.018000 0.018000
0 0.499500 0.496000 0.025000 0.025000
0 0.522000 0.301000 0.013000 0.015000
0 0.778000 0.388500 0.018000 0.018000
0 0.872000 0.419000 0.026000 0.026000
0 0.570000 0.436000 0.029000 0.031000
0 0.459500 0.618000 0.011000 0.011000
0 0.478000 0.483500 0.025000 0.027000
0 0.527000 0.484500 0.025000 0.022000
0 0.440500 0.501000 0.018000 0.018000
0 0.431500 0.636000 0.021000 0.019000
0 0.341000 0.256000 0.027000 0.027000
0 0.652500 0.629500 0.019000 0.021000
0 0.136250 0.441000 0.029500 0.022000
0 0.528500 0.628000 0.018000 0.019000
0 0.337000 0.701000 0.015000 0.014000
0 0.851500 0.350500 0.027000 0.031000
0 0.589000 0.482000 0.022000 0.022000
0 0.237000 0.414500 0.012000 0.014000
0 0.504000 0.876000 0.017000 0.016000
0 0.706500 0.383000 0.027000 0.028000
0 0.540000 0.510000 0.015000 0.013000
0 0.487500 0.145000 0.033000 0.034000
0 0.475500 0.728000 0.022000 0.025000
0 0.675000 0.816000 0.025000 0.028000
0 0.576500 0.295000 0.027000 0.027000
0 0.669500 0.505000 0.020000 0.021000
0 0.416500 0.228000 0.022000 0.020000
0 0.823500 0.759000 0.024000 0.029000
0 0.250000 0.468500 0.015000 0.015000
0 0.382000 0.894500 0.024000 0.022000
0 0.336500 0.231000 0.029000 0.026000
0 0.761500 0.364500 0.026000 0.024000
0 0.419500 0.718500 0.018000 0.017000
0 0.718000 0.670000 0.015000 0.013000
0 0.590000 0.225500 0.025000 0.020000
0 0.558500 0.357000 0.015000 0.013000
0 0.371500 0.429000 0.029000 0.027000
0 0.646000 0.566500 0.014000 0.014000
0 0.469000 0.380000 0.021000 0.023000
0 0.559500 0.591250 0.022000 0.029500
0 0.715500 0.140500 0.009000 0.009000
0 0.329500 0.771500 0.008000 0.008000
0 0.283000 0.284500 0.015000 0.016000
0 0.467000 0.640000 0.022000 0.017000
0 0.495500 0.537000 0.016000 0.016000
0 0.560000 0.684000 0.027000 0.027000
0 0.305500 0.573500 0.009000 0.014000
0 0.348000 0.526000 0.022000 0.019000
0 0.501000 0.519000 0.025000 0.026000
0 0.687500 0.315500 0.013000 0.012000
0 0.326500 0.387500 0.016000 0.016000
0 0.868000 0.454000 0.010000 0.014000
0 0.169500 0.478500 0.014000 0.013000
0 0.481000 0.791000 0.023000 0.018000
0 0.637500 0.389500 0.012000 0.014000
0 0.519500 0.489500 0.024000 0.031000
0 0.431500 0.465000 0.013000 0.018000
0 0.333750 0.881000 0.017500 0.013000
0 0.824000 0.736000 0.019000 0.019000
0 0.363000 0.374500 0.020000 0.020000
0 0.544000 0.481500 0.012000 0.016000
0 0.500500 0.475500 0.028000 0.019000
0 0.495000 0.505500 0.015000 0.013000
0 0.594000 0.548000 0.012000 0.011000
0 0.465500 0.509500 0.013000 0.012000
0 0.223500 0.501000 0.014000 0.019000
0 0.536500 0.629000 0.019000 0.012000
0 0.822500 0.326000 0.014000 0.013000
0 0.664000 0.870000 0.018000 0.018000
0 0.315500 0.665500 0.011000 0.015000
0 0.729500 0.644000 0.010000 0.013000
0 0.150500 0.476000 0.008000 0.008000
0 0.636500 0.704500 0.023000 0.018000
0 0.405000 0.585500 0.023000 0.017000
0 0.731000 0.668000 0.015000 0.011000
0 0.442500 0.253500 0.021000 0.026000
0 0.417000 0.390000 0.020000 0.019000
0 0.280000 0.419500 0.016000 0.015000
0 0.587000 0.198500 0.026000 0.028000
0 0.293500 0.293500 0.027000 0.028000
0 0.545500 0.563000 0.021000 0.021000
0 0.154000 0.522500 0.028000 0.027000
0 0.433000 0.480500 0.014000 0.014000
0 0.712500 0.855500 0.022000 0.017000
0 0.503500 0.530500 0.018000 0.018000
0 0.635000 0.530000 0.019000 0.019000
0 0.323000 0.632000 0.022000 0.025000
0 0.357500 0.549500 0.016000 0.012000
0 0.720500 0.465000 0.013000 0.013000
0 0.479000 0.506500 0.027000 0.029000
0 0.519500 0.423000 0.012000 0.012000
0 0.657500 0.359000 0.019000 0.015000
0 0.435000 0.867000 0.028000 0.028000
0 0.598000 0.374000 0.027000 0.023000
0 0.332000 0.416500 0.018000 0.024000
0 0.732500 0.565000 0.022000 0.026000
0 0.687500 0.422000 0.025000 0.029000
0 0.351000 0.529000 0.012000 0.015000
0 0.841500 0.618500 0.020000 0.020000
0 0.514500 0.533000 0.013000 0.016000
0 0.804500 0.405500 0.020000 0.023000
0 0.557000 0.576500 0.021000 0.019000
0 0.856000 0.291000 0.014000 0.013000
0 0.416000 0.624500 0.029000 0.029000
0 0.559000 0.287500 0.016000 0.017000
0 0.799500 0.725000 0.025000 0.029000
0 0.562000 0.151000 0.020000 0.021000
0 0.508000 0.447500 0.026000 0.025000
0 0.512500 0.407000 0.010000 0.015000
0 0.386000 0.368000 0.018000 0.020000
0 0.477000 0.559500 0.029000 0.029000
0 0.391000 0.392500 0.021000 0.016000
0 0.554750 0.388500 0.014500 0.010000
0 0.664000 0.721000 0.017000 0.019000
0 0.521500 0.518000 0.013000 0.018000
0 0.215000 0.524000 0.016000 0.016000
0 0.447500 0.407000 0.013000 0.012000
0 0.659000 0.305500 0.020000 0.021000
0 0.753500 0.246500 0.019000 0.019000
0 0.482500 0.416000 0.012000 0.010000
0 0.236000 0.383000 0.021000 0.029000
0 0.697500 0.595000 0.032000 0.020000
0 0.591000 0.839000 0.018000 0.018000
0 0.508000 0.547000 0.022000 0.022000
0 0.675000 0.489000 0.020000 0.015000
0 0.649500 0.492000 0.024000 0.024000
0 0.664000 0.279750 0.010000 0.014500
0 0.493000 0.549500 0.018000 0.020000
0 0.406000 0.126500 0.030000 0.027000
0 0.532000 0.548500 0.022000 0.017000
0 0.466000 0.529500 0.022000 0.018000
0 0.587500 0.399500 0.021000 0.021000
0 0.569500 0.138500 0.017000 0.015000
0 0.663000 0.617500 0.027000 0.023000
0 0.448000 0.395500 0.034000 0.025000
0 0.385000 0.309500 0.011000 0.012000
0 0.810000 0.467500 0.027000 0.015000
0 0.572000 0.340000 0.011000 0.015000
0 0.502000 0.489000 0.022000 0.022000
0 0.663500 0.588500 0.011000 0.012000
0 0.573000 0.685500 0.011000 0.009000
0 0.662000 0.496000 0.028000 0.028000
0 0.409500 0.513500 0.023000 0.026000
0 0.579500 0.677000 0.024000 0.028000
0 0.458500 0.180000 0.016000 0.018000
0 0.260500 0.261000 0.010000 0.013000
0 0.390500 0.585500 0.012000 0.012000
0 0.558500 0.707000 0.029000 0.027000
0 0.805000 0.460000 0.017000 0.018000
0 0.094500 0.462500 0.019000 0.018000
0 0.432000 0.760750 0.010000 0.011500
0 0.448000 0.361000 0.011000 0.011000
0 0.851500 0.583000 0.017000 0.017000
0 0.510500 0.196500 0.014000 0.014000
0 0.782000 0.774000 0.016000 0.016000
0 0.611000 0.572000 0.021000 0.019000
0 0.299500 0.171500 0.016000 0.015000
0 0.309000 0.641000 0.021000 0.020000
0 0.359500 0.529000 0.015000 0.014000
0 0.733000 0.315000 0.017000 0.021000
0 0.653500 0.426500 0.025000 0.030000
0 0.504000 0.194500 0.010000 0.012000
0 0.608500 0.197000 0.021000 0.022000
0 0.185000 0.410500 0.014000 0.009000
0 0.566000 0.459000 0.028000 0.026000
0 0.520500 0.331000 0.015000 0.016000
0 0.705500 0.723500 0.015000 0.015000
0 0.707500 0.184500 0.029000 0.029000
0 0.811000 0.587500 0.024000 0.025000
0 0.360500 0.656000 0.021000 0.027000
0 0.466500 0.465500 0.018000 0.017000
0 0.315500 0.148500 0.015000 0.016000
0 0.492500 0.406500 0.021000 0.024000
0 0.766000 0.207000 0.014000 0.016000
0 0.524000 0.668500 0.009000 0.016000
0 0.396000 0.354000 0.015000 0.019000
0 0.157500 0.419500 0.027000 0.026000
0 0.841000 0.339500 0.009000 0.017000
0 0.576000 0.509000 0.014000 0.012000
0 0.346000 0.447000 0.016000 0.023000
0 0.476500 0.741000 0.021000 0.020000
0 0.581500 0.529500 0.014000 0.015000
0 0.508500 0.502500 0.021000 0.031000
0 0.506500 0.463000 0.019000 0.017000
0 0.353500 0.588500 0.026000 0.028000
0 0.684000 0.391000 0.011000 0.016000
0 0.360500 0.862500 0.022000 0.018000
0 0.467000 0.801500 0.015000 0.015000
0 0.414500 0.312000 0.011000 0.011000
0 0.777500 0.617000 0.024000 0.023000
0 0.792500 0.273000 0.011000 0.013000
0 0.521500 0.358000 0.021000 0.024000
0 0.516500 0.500000 0.020000 0.023000
0 0.636500 0.640000 0.026000 0.023000
0 0.418500 0.470000 0.024000 0.018000
0 0.463000 0.602000 0.019000 0.016000
0 0.521750 0.262500 0.017500 0.013000
0 0.708000 0.225500 0.020000 0.027000
0 0.197000 0.448000 0.017000 0.015000
0 0.624500 0.222000 0.029000 0.024000
0 0.449750 0.450500 0.011500 0.008000
0 0.798500 0.375000 0.019000 0.020000
0 0.473500 0.571000 0.011000 0.011000
0 0.371500 0.459500 0.013000 0.019000
0 0.662500 0.635000 0.017000 0.018000
0 0.667000 0.352000 0.014000 0.015000
0 0.538000 0.489000 0.009000 0.013000
0 0.158500 0.260000 0.022000 0.022000
0 0.676500 0.251500 0.034000 0.030000
0 0.630000 0.722500 0.013000 0.015000
0 0.436500 0.203500 0.022000 0.019000
0 0.716500 0.249500 0.031000 0.019000
0 0.556500 0.660000 0.012000 0.011000
0 0.513500 0.644500 0.026000 0.024000
0 0.440500 0.470500 0.018000 0.030000
0 0.477500 0.494500 0.025000 0.019000
0 0.279500 0.724000 0.031000 0.029000
0 0.598500 0.464000 0.016000 0.017000
0 0.530500 0.657500 0.014000 0.019000
0 0.579000 0.311000 0.011000 0.017000
0 0.604000 0.854500 0.033000 0.025000
0 0.525000 0.566000 0.018000 0.015000
0 0.407000 0.321000 0.022000 0.016000
0 0.592500 0.643000 0.020000 0.027000
0 0.139500 0.709000 0.020000 0.029000
0 0.241000 0.605500 0.031000 0.030000
0 0.633000 0.829000 0.013000 0.018000
0 0.458000 0.395000 0.013000 0.013000
0 0.264000 0.721000 0.034000 0.029000
0 0.362500 0.620000 0.013000 0.012000
0 0.470500 0.554000 0.027000 0.025000
0 0.449500 0.478500 0.026000 0.027000
0 0.552250 0.312500 0.026500 0.022000
0 0.287500 0.314000 0.016000 0.015000
0 0.391500 0.344500 0.020000 0.020000
0 0.489000 0.511000 0.011000 0.017000
0 0.239500 0.617000 0.023000 0.034000
0 0.342500 0.497500 0.029000 0.021000
0 0.509500 0.627000 0.013000 0.012000
0 0.213500 0.589500 0.024000 0.030000
0 0.411500 0.430500 0.021000 0.020000
0 0.693500 0.502500 0.015000 0.012000
0 0.527000 0.749000 0.024000 0.024000
0 0.531000 0.538000 0.013000 0.015000
0 0.433500 0.546500 0.028000 0.024000
0 0.853000 0.726500 0.031000 0.030000
0 0.344500 0.493000 0.025000 0.018000
0 0.758000 0.397000 0.015000 0.015000
0 0.581500 0.650500 0.024000 0.025000
0 0.655000 0.297000 0.019000 0.011000
0 0.555500 0.590000 0.021000 0.016000
0 0.305000 0.474000 0.026000 0.030000
0 0.122000 0.360000 0.012000 0.010000
0 0.248000 0.612000 0.016000 0.014000
0 0.445000 0.537500 0.021000 0.024000
0 0.526500 0.454000 0.013000 0.018000
0 0.383500 0.857000 0.016000 0.019000
0 0.389500 0.706500 0.024000 0.025000
0 0.563000 0.612500 0.020000 0.023000
0 0.752000 0.260500 0.012000 0.009000
0 0.731500 0.443500 0.030000 0.027000
0 0.881500 0.583000 0.013000 0.014000
0 0.602500 0.447500 0.021000 0.025000
0 0.638500 0.682500 0.019000 0.025000
0 0.162000 0.451500 0.026000 0.030000
0 0.590500 0.627250 0.021000 0.029500
0 0.625500 0.834000 0.016000 0.015000
0 0.674500 0.553500 0.021000 0.016000
0 0.460000 0.523500 0.021000 0.021000
0 0.387250 0.574500 0.023500 0.018000
0 0.236500 0.802500 0.011000 0.011000
0 0.244000 0.665000 0.015000 0.015000
0 0.436500 0.715500 0.017000 0.015000
0 0.437500 0.456000 0.027000 0.025000
0 0.418250 0.161500 0.017500 0.014000
0 0.336500 0.193500 0.029000 0.029000
0 0.355500 0.350500 0.015000 0.015000
0 0.214000 0.229500 0.013000 0.018000
0 0.294500 0.318000 0.018000 0.018000
0 0.303500 0.676000 0.028000 0.020000
0 0.506500 0.497500 0.028000 0.028000
0 0.404500 0.707000 0.023000 0.016000
0 0.600500 0.130500 0.021000 0.023000
0 0.354000 0.402000 0.016000 0.011000
0 0.450000 0.648500 0.020000 0.021000
0 0.727500 0.627000 0.017000 0.016000
0 0.854500 0.531000 0.031000 0.026000
0 0.348500 0.340000 0.020000 0.021000
0 0.109000 0.378500 0.015000 0.021000
0 0.538500 0.213500 0.024000 0.019000
0 0.441500 0.370000 0.017000 0.017000
0 0.691500 0.607500 0.016000 0.017000
0 0.225000 0.385500 0.021000 0.022000
0 0.515000 0.612000 0.020000 0.021000
0 0.700500 0.524500 0.017000 0.012000
0 0.087500 0.571500 0.020000 0.021000
0 0.404500 0.629000 0.021000 0.018000
0 0.488500 0.532500 0.018000 0.017000
0 0.329000 0.520000 0.015000 0.016000
0 0.555500 0.693500 0.028000 0.025000
0 0.404000 0.116000 0.018000 0.018000
0 0.442000 0.595000 0.019000 0.019000
0 0.301500 0.326000 0.026000 0.026000
0 0.322000 0.370000 0.017000 0.018000
0 0.310000 0.621000 0.014000 0.010000
0 0.158000 0.408000 0.011000 0.013000
0 0.387500 0.621000 0.022000 0.028000
0 0.787000 0.683500 0.027000 0.024000
0 0.267500 0.338500 0.032000 0.022000
0 0.505000 0.696500 0.014000 0.012000
0 0.813000 0.725000 0.026000 0.026000
0 0.520000 0.292500 0.020000 0.018000
0 0.574000 0.578000 0.016000 0.019000
0 0.596000 0.325500 0.011000 0.012000
0 0.446000 0.508500 0.025000 0.027000
0 0.416000 0.534750 0.016000 0.023500
0 0.369500 0.686500 0.017000 0.017000
0 0.484000 0.497500 0.016000 0.021000
0 0.409500 0.654500 0.028000 0.025000
0 0.193000 0.474500 0.020000 0.019000
0 0.531500 0.721250 0.010000 0.014500
0 0.505500 0.169000 0.018000 0.016000
0 0.635000 0.418500 0.016000 0.016000
0 0.464000 0.448000 0.021000 0.020000
0 0.654000 0.747000 0.027000 0.026000
0 0.331750 0.587500 0.011500 0.009000
0 0.586000 0.181000 0.016000 0.015000
0 0.426500 0.590500 0.012000 0.013000
0 0.739500 0.298000 0.032000 0.033000
0 0.111500 0.607750 0.017000 0.020500
0 0.758000 0.555500 0.027000 0.026000
0 0.613500 0.400000 0.024000 0.021000
0 0.653500 0.401000 0.014000 0.018000
0 0.611000 0.741500 0.019000 0.020000
0 0.585500 0.310000 0.027000 0.027000
0 0.265500 0.526250 0.016000 0.020500
0 0.273000 0.393500 0.026000 0.024000
0 0.359500 0.477000 0.013000 0.016000
0 0.885500 0.434500 0.032000 0.031000
0 0.735000 0.390500 0.034000 0.035000
0 0.850000 0.405000 0.025000 0.025000
0 0.337000 0.335750 0.012000 0.017500
0 0.893000 0.630000 0.011000 0.009000
0 0.217500 0.778000 0.024000 0.022000
0 0.280000 0.771500 0.032000 0.026000
0 0.478500 0.287500 0.015000 0.018000
0 0.414250 0.604500 0.020500 0.019000
0 0.581500 0.416500 0.019000 0.034000
0 0.790500 0.573500 0.014000 0.011000
0 0.705500 0.828500 0.019000 0.016000
0 0.555750 0.174500 0.029500 0.020000
0 0.708000 0.642000 0.019000 0.014000
0 0.709000 0.555000 0.009000 0.011000
0 0.580500 0.413000 0.019000 0.022000
0 0.649500 0.152500 0.021000 0.028000
0 0.715000 0.582500 0.019000 0.021000
0 0.409500 0.612500 0.019000 0.020000
0 0.632500 0.365000 0.032000 0.027000
0 0.384000 0.562500 0.028000 0.026000
0 0.509000 0.506000 0.017000 0.016000
0 0.272500 0.473500 0.025000 0.022000
0 0.539500 0.605500 0.019000 0.019000
0 0.327000 0.170500 0.021000 0.021000
0 0.429000 0.505000 0.015000 0.017000
0 0.414000 0.725500 0.010000 0.011000
0 0.722000 0.228500 0.028000 0.026000
0 0.500500 0.668500 0.017000 0.019000
0 0.550000 0.271000 0.009000 0.013000
0 0.435500 0.110000 0.028000 0.029000
0 0.485500 0.230000 0.021000 0.017000
0 0.476500 0.345500 0.012000 0.012000
0 0.830500 0.455000 0.012000 0.014000
0 0.647500 0.369000 0.024000 0.023000
0 0.473000 0.538000 0.024000 0.021000
0 0.496000 0.305500 0.027000 0.018000
0 0.388500 0.186500 0.012000 0.012000
0 0.493500 0.294500 0.021000 0.020000
0 0.703000 0.762000 0.022000 0.022000
0 0.677500 0.469500 0.016000 0.018000
0 0.265000 0.393000 0.022000 0.025000
0 0.556000 0.493500 0.025000 0.027000
0 0.590500 0.441000 0.015000 0.017000
0 0.385500 0.595000 0.020000 0.018000
0 0.503500 0.500500 0.023000 0.025000
0 0.419000 0.639500 0.017000 0.016000
0 0.736000 0.520000 0.015000 0.019000
0 0.323500 0.472000 0.031000 0.022000
0 0.514000 0.526500 0.018000 0.017000
0 0.229000 0.637750 0.016000 0.023500
0 0.708500 0.808000 0.014000 0.017000
0 0.333500 0.437000 0.011000 0.013000
0 0.531500 0.202500 0.019000 0.018000
0 0.423000 0.805000 0.018000 0.018000
0 0.539000 0.647000 0.027000 0.027000
0 0.301500 0.232500 0.016000 0.019000
0 0.527000 0.321000 0.018000 0.016000
0 0.312000 0.492500 0.013000 0.015000
0 0.715000 0.562500 0.021000 0.021000
0 0.438000 0.238000 0.027000 0.029000
0 0.375000 0.494000 0.024000 0.019000
0 0.212000 0.683000 0.017000 0.016000
0 0.654750 0.546500 0.011500 0.008000
0 0.239000 0.719500 0.011000 0.012000
0 0.492000 0.236000 0.011000 0.008000
0 0.536750 0.583000 0.026500 0.020000
0 0.527500 0.282000 0.029000 0.029000
0 0.727000 0.265000 0.020000 0.025000
0 0.447500 0.436000 0.013000 0.013000
0 0.330500 0.674500 0.014000 0.014000
0 0.284500 0.723500 0.020000 0.018000
0 0.369500 0.630000 0.021000 0.020000
0 0.386500 0.168500 0.030000 0.030000
0 0.399000 0.521500 0.031000 0.023000
0 0.513500 0.453000 0.021000 0.028000
0 0.639000 0.772000 0.025000 0.029000
0 0.242000 0.305500 0.021000 0.023000
0 0.865500 0.539500 0.029000 0.026000
0 0.549500 0.560000 0.015000 0.014000
0 0.684000 0.630500 0.016000 0.016000
0 0.750500 0.518000 0.013000 0.009000
0 0.760000 0.628500 0.013000 0.012000
0 0.265000 0.733500 0.018000 0.018000
0 0.406000 0.333000 0.030000 0.030000
0 0.617500 0.193000 0.014000 0.018000
0 0.778500 0.596500 0.028000 0.019000
0 0.615500 0.425500 0.013000 0.013000
0 0.417000 0.906500 0.028000 0.027000
0 0.737000 0.478000 0.024000 0.024000
0 0.560000 0.633000 0.030000 0.031000
0 0.625000 0.537500 0.023000 0.023000
0 0.422000 0.302000 0.034000 0.022000
0 0.717500 0.210000 0.013000 0.013000
0 0.371000 0.766000 0.020000 0.026000
0 0.241500 0.630000 0.016000 0.016000
0 0.323500 0.405000 0.017000 0.015000
0 0.227000 0.657500 0.018000 0.019000
0 0.658000 0.329000 0.016000 0.014000
0 0.492500 0.394500 0.017000 0.016000
0 0.348500 0.877500 0.019000 0.025000
0 0.498000 0.510500 0.018000 0.023000
0 0.644000 0.222500 0.024000 0.022000
0 0.299000 0.483000 0.023000 0.025000
0 0.566000 0.549000 0.017000 0.014000
0 0.514000 0.358000 0.021000 0.019000
0 0.553000 0.184000 0.014000 0.015000
0 0.671000 0.327000 0.013000 0.009000
0 0.610000 0.664000 0.023000 0.025000
0 0.326500 0.612000 0.024000 0.032000
0 0.551000 0.204000 0.026000 0.024000
0 0.130500 0.506000 0.016000 0.017000
0 0.542000 0.538500 0.024000 0.029000
0 0.366500 0.265500 0.020000 0.021000
0 0.337500 0.306250 0.009000 0.011500
0 0.660500 0.269500 0.022000 0.018000
0 0.365500 0.570500 0.027000 0.026000
0 0.461000 0.684500 0.027000 0.024000
0 0.686000 0.514000 0.015000 0.019000
0 0.373000 0.117500 0.019000 0.013000
0 0.638500 0.508500 0.027000 0.026000
0 0.259000 0.750500 0.024000 0.024000
0 0.264000 0.199500 0.011000 0.011000
0 0.502500 0.293000 0.011000 0.014000
0 0.315500 0.851500 0.017000 0.015000
0 0.640000 0.138500 0.023000 0.028000
0 0.196500 0.631000 0.018000 0.016000
0 0.480500 0.529000 0.025000 0.023000
0 0.550500 0.181500 0.015000 0.011000
0 0.157000 0.704000 0.018000 0.018000
0 0.517500 0.467500 0.026000 0.029000
0 0.434500 0.584500 0.029000 0.030000
0 0.274000 0.260500 0.031000 0.032000
0 0.695500 0.443000 0.020000 0.027000
0 0.374000 0.514000 0.011000 0.016000
0 0.737000 0.662000 0.017000 0.018000
0 0.639500 0.290000 0.021000 0.030000
0 0.238000 0.574000 0.018000 0.013000
0 0.586000 0.753500 0.013000 0.013000
0 0.581000 0.253500 0.013000 0.012000
0 0.516000 0.306000 0.015000 0.014000
0 0.447500 0.530000 0.023000 0.018000
0 0.344500 0.439000 0.020000 0.030000
0 0.302500 0.292500 0.027000 0.027000
0 0.523500 0.401000 0.019000 0.015000
0 0.523500 0.603500 0.018000 0.015000
0 0.889500 0.652000 0.023000 0.021000
0 0.330500 0.221000 0.016000 0.021000
0 0.359000 0.772000 0.012000 0.013000
0 0.553000 0.602000 0.013000 0.009000
0 0.155500 0.597000 0.019000 0.023000
0 0.530000 0.255000 0.015000 0.012000
0 0.502500 0.657000 0.023000 0.024000
0 0.756000 0.759000 0.018000 0.019000
0 0.467500 0.390000 0.015000 0.012000
0 0.341500 0.202000 0.014000 0.012000
0 0.490000 0.324000 0.011000 0.011000
0 0.897000 0.368000 0.021000 0.020000
0 0.817500 0.682000 0.028000 0.025000
0 0.563000 0.298500 0.017000 0.021000
0 0.548000 0.802000 0.013000 0.010000
0 0.278000 0.444500 0.013000 0.014000
0 0.328500 0.230000 0.011000 0.012000
0 0.092500 0.473000 0.019000 0.028000
0 0.467000 0.479500 0.016000 0.013000
0 0.441000 0.727000 0.022000 0.023000
0 0.511500 0.562500 0.017000 0.017000
0 0.504500 0.907500 0.024000 0.028000
0 0.298500 0.693500 0.023000 0.022000
0 0.598500 0.252500 0.015000 0.019000
0 0.533500 0.391000 0.024000 0.024000
0 0.122000 0.662500 0.022000 0.028000
0 0.469500 0.517500 0.014000 0.011000
0 0.149000 0.682500 0.019000 0.017000
0 0.865500 0.468000 0.035000 0.025000
0 0.603500 0.437500 0.009000 0.011000
0 0.463000 0.529500 0.010000 0.013000
0 0.484500 0.087000 0.013000 0.012000
0 0.659500 0.820000 0.016000 0.019000
0 0.724500 0.817500 0.015000 0.013000
0 0.412500 0.580500 0.010000 0.014000
0 0.657000 0.201000 0.012000 0.010000
0 0.507000 0.519000 0.019000 0.021000
0 0.378500 0.408500 0.031000 0.019000
0 0.605000 0.634500 0.018000 0.020000
0 0.401000 0.717000 0.021000 0.025000
0 0.517500 0.227500 0.012000 0.015000
0 0.404500 0.908000 0.016000 0.021000
0 0.187000 0.293500 0.015000 0.015000
0 0.662500 0.728500 0.018000 0.026000
0 0.605000 0.136000 0.025000 0.026000
0 0.312000 0.595000 0.024000 0.031000
0 0.279500 0.674000 0.034000 0.031000
0 0.503500 0.574000 0.022000 0.022000
0 0.381000 0.291500 0.011000 0.010000
0 0.574500 0.843500 0.020000 0.021000
0 0.535000 0.561000 0.015000 0.017000
0 0.559500 0.517000 0.024000 0.023000
0 0.302000 0.159500 0.011000 0.016000
0 0.367000 0.346000 0.019000 0.020000
0 0.652000 0.572000 0.011000 0.020000
0 0.374000 0.409500 0.012000 0.013000
0 0.469500 0.578500 0.027000 0.025000
0 0.560000 0.396500 0.024000 0.025000
0 0.245500 0.650500 0.033000 0.028000
0 0.495500 0.572500 0.019000 0.019000
0 0.753250 0.599500 0.023500 0.018000
0 0.250000 0.498000 0.016000 0.016000
0 0.187500 0.663000 0.014000 0.012000
0 0.300500 0.456500 0.023000 0.024000
0 0.472000 0.268500 0.021000 0.022000
0 0.635500 0.723000 0.014000 0.019000
0 0.334000 0.864500 0.017000 0.016000
0 0.546000 0.448000 0.018000 0.021000
0 0.481500 0.470500 0.023000 0.024000
0 0.277500 0.155000 0.016000 0.014000
0 0.507000 0.705000 0.018000 0.021000
0 0.596500 0.695500 0.022000 0.024000
0 0.249000 0.555500 0.023000 0.021000
0 0.353250 0.779500 0.014500 0.011000
0 0.442000 0.428000 0.020000 0.016000
0 0.250000 0.679500 0.015000 0.010000
0 0.396000 0.432500 0.012000 0.010000
0 0.452500 0.588500 0.025000 0.028000
0 0.330000 0.528500 0.026000 0.029000
0 0.377000 0.127000 0.015000 0.012000
0 0.406000 0.492000 0.013000 0.016000
0 0.536250 0.454000 0.023500 0.016000
0 0.569500 0.466750 0.025000 0.029500
0 0.510500 0.726500 0.013000 0.012000
0 0.680500 0.539000 0.017000 0.021000
0 0.618000 0.567000 0.016000 0.015000
0 0.460000 0.499000 0.011000 0.013000
0 0.677500 0.582000 0.016000 0.018000
0 0.605000 0.645500 0.019000 0.022000
0 0.779000 0.415000 0.025000 0.022000
0 0.692000 0.474500 0.023000 0.027000
0 0.480000 0.521500 0.026000 0.029000
0 0.165500 0.685000 0.017000 0.017000
0 0.614500 0.506500 0.017000 0.017000
0 0.214500 0.277500 0.023000 0.026000
0 0.518500 0.906000 0.030000 0.030000
0 0.170000 0.395500 0.018000 0.019000
0 0.887000 0.531500 0.013000 0.011000
0 0.357000 0.872000 0.013000 0.016000
0 0.361500 0.495500 0.010000 0.015000
0 0.305500 0.584500 0.013000 0.012000
0 0.571000 0.595500 0.023000 0.025000
0 0.418000 0.675500 0.013000 0.014000
0 0.606500 0.800500 0.022000 0.020000
0 0.743000 0.802000 0.015000 0.016000
0 0.382500 0.749000 0.011000 0.016000
0 0.428000 0.490500 0.018000 0.017000
0 0.521500 0.155000 0.012000 0.012000
0 0.537500 0.474500 0.017000 0.017000
0 0.359000 0.228000 0.022000 0.023000
0 0.429000 0.276000 0.025000 0.019000
0 0.262000 0.225000 0.014000 0.016000
0 0.707500 0.543000 0.012000 0.016000
0 0.612500 0.499500 0.016000 0.021000
0 0.582000 0.486500 0.013000 0.012000
0 0.760500 0.452000 0.020000 0.015000
0 0.238500 0.299000 0.031000 0.022000
0 0.740500 0.576000 0.016000 0.016000
0 0.403250 0.861000 0.023500 0.021000
0 0.169500 0.562000 0.025000 0.024000
0 0.596000 0.152500 0.013000 0.010000
0 0.515500 0.415500 0.024000 0.027000
0 0.181500 0.765250 0.011000 0.014500
0 0.468500 0.149000 0.013000 0.016000
0 0.183500 0.517500 0.017000 0.022000
0 0.426500 0.542500 0.021000 0.018000
0 0.254500 0.480000 0.021000 0.024000
0 0.585000 0.520500 0.018000 0.018000
0 0.326000 0.696500 0.025000 0.033000
0 0.556500 0.566500 0.018000 0.018000
0 0.401000 0.803500 0.022000 0.022000
0 0.107500 0.512500 0.009000 0.008000
0 0.277500 0.186000 0.024000 0.019000
0 0.493500 0.758000 0.012000 0.012000
0 0.188000 0.687500 0.016000 0.012000
0 0.230000 0.583500 0.030000 0.030000
0 0.505000 0.320000 0.021000 0.024000
0 0.351500 0.498500 0.021000 0.019000
0 0.679500 0.873500 0.012000 0.011000
0 0.453000 0.486500 0.031000 0.021000
0 0.466500 0.403000 0.020000 0.019000
0 0.454500 0.578500 0.025000 0.025000
0 0.525500 0.211500 0.020000 0.020000
0 0.609500 0.446500 0.019000 0.020000
0 0.283000 0.532000 0.017000 0.018000
0 0.440500 0.505500 0.018000 0.021000
0 0.682000 0.405500 0.031000 0.022000
0 0.456000 0.917000 0.014000 0.014000
0 0.519500 0.558500 0.021000 0.021000
0 0.610500 0.558000 0.022000 0.015000
0 0.601000 0.782000 0.020000 0.021000
0 0.401500 0.601500 0.024000 0.023000
0 0.354250 0.414000 0.020500 0.016000
0 0.426000 0.489000 0.014000 0.016000
0 0.456000 0.875500 0.028000 0.024000
0 0.239500 0.525500 0.026000 0.024000
0 0.132000 0.583500 0.020000 0.031000
0 0.544000 0.345000 0.025000 0.022000
0 0.526000 0.585000 0.011000 0.012000
0 0.603000 0.666000 0.018000 0.019000
0 0.478000 0.621000 0.016000 0.013000
0 0.606500 0.520500 0.036000 0.023000
0 0.279500 0.821500 0.021000 0.016000
0 0.551500 0.410000 0.022000 0.027000
0 0.220000 0.765000 0.035000 0.030000
0 0.539000 0.351000 0.019000 0.024000
0 0.518500 0.510500 0.018000 0.015000
0 0.479000 0.701000 0.016000 0.018000
0 0.720000 0.223500 0.025000 0.020000
0 0.624500 0.187500 0.026000 0.026000
0 0.569500 0.478000 0.012000 0.013000
0 0.756500 0.671000 0.013000 0.011000
0 0.619500 0.497000 0.011000 0.013000
0 0.502000 0.505500 0.016000 0.012000
0 0.445500 0.284500 0.010000 0.012000
0 0.499000 0.614500 0.012000 0.012000
0 0.560500 0.448000 0.021000 0.022000
0 0.820500 0.722000 0.019000 0.018000
0 0.472500 0.631000 0.021000 0.018000
0 0.526000 0.519500 0.021000 0.020000
0 0.222000 0.196000 0.014000 0.014000
0 0.320000 0.525000 0.032000 0.030000
0 0.575500 0.604500 0.012000 0.011000
0 0.167000 0.520000 0.014000 0.018000
0 0.173000 0.276500 0.024000 0.021000
0 0.712000 0.216000 0.025000 0.020000
0 0.566000 0.463250 0.018000 0.026500
0 0.123000 0.507500 0.017000 0.018000
0 0.730000 0.526500 0.018000 0.018000
0 0.468500 0.502500 0.034000 0.035000
0 0.097000 0.575500 0.017000 0.020000
0 0.825000 0.238500 0.015000 0.012000
0 0.505500 0.272500 0.030000 0.031000
0 0.570500 0.315500 0.022000 0.024000
0 0.552500 0.732500 0.017000 0.020000
0 0.560500 0.421000 0.019000 0.022000
0 0.303000 0.207000 0.015000 0.018000
0 0.609500 0.297500 0.020000 0.022000
0 0.081000 0.521000 0.020000 0.022000
0 0.858500 0.438000 0.017000 0.017000
0 0.578000 0.760000 0.017000 0.016000
0 0.235500 0.649000 0.026000 0.023000
0 0.223500 0.331000 0.021000 0.021000
0 0.615000 0.266000 0.035000 0.033000
0 0.891000 0.554000 0.025000 0.027000
0 0.457000 0.903500 0.031000 0.030000
0 0.334000 0.402000 0.015000 0.015000
0 0.628000 0.520500 0.024000 0.022000
0 0.398500 0.423000 0.010000 0.014000
0 0.317500 0.405500 0.012000 0.012000
0 0.497500 0.499000 0.017000 0.019000
0 0.461500 0.377500 0.019000 0.025000
0 0.575000 0.729000 0.014000 0.015000
0 0.242500 0.549500 0.028000 0.024000
0 0.373500 0.437000 0.016000 0.015000
0 0.493000 0.637500 0.014000 0.013000
0 0.453500 0.322500 0.017000 0.017000
0 0.250000 0.529500 0.022000 0.019000
0 0.128000 0.462500 0.009000 0.010000
0 0.535500 0.538500 0.032000 0.033000
0 0.376500 0.592000 0.014000 0.014000
0 0.321000 0.511500 0.017000 0.017000
0 0.615500 0.419000 0.026000 0.022000
0 0.408000 0.479000 0.012000 0.012000
0 0.237000 0.746500 0.022000 0.019000
0 0.173500 0.619500 0.024000 0.027000
0 0.605500 0.262500 0.020000 0.023000
0 0.709000 0.370000 0.019000 0.018000
0 0.294500 0.369500 0.023000 0.023000
0 0.663750 0.660500 0.032500 0.022000
0 0.746000 0.327000 0.017000 0.018000
0 0.448000 0.622500 0.018000 0.019000
0 0.499000 0.730000 0.013000 0.014000
0 0.340500 0.454500 0.013000 0.014000
0 0.178000 0.664000 0.024000 0.022000