0 0.423000 0.326000 0.026000 0.023000
0 0.453500 0.571000 0.026000 0.019000
0 0.395500 0.526000 0.018000 0.025000
0 0.498000 0.274500 0.028000 0.021000
0 0.569000 0.209500 0.012000 0.013000
0 0.492000 0.154000 0.028000 0.027000
0 0.358500 0.569500 0.015000 0.020000
0 0.831500 0.244000 0.016000 0.020000
0 0.685000 0.371500 0.018000 0.018000
0 0.478000 0.472000 0.019000 0.018000
0 0.587500 0.618500 0.012000 0.012000
0 0.578000 0.436500 0.015000 0.012000
0 0.364500 0.747500 0.009000 0.011000
0 0.540000 0.450000 0.010000 0.016000
0 0.553750 0.595000 0.023500 0.017000
0 0.422500 0.630500 0.017000 0.011000
0 0.469500 0.749000 0.030000 0.022000
0 0.495500 0.652500 0.010000 0.010000
0 0.420000 0.709000 0.015000 0.016000
0 0.505500 0.530000 0.021000 0.027000
0 0.226000 0.197000 0.025000 0.031000
0 0.529000 0.136500 0.021000 0.022000
0 0.491500 0.494500 0.014000 0.012000
0 0.316500 0.346000 0.029000 0.024000
0 0.482500 0.493500 0.015000 0.012000
0 0.828500 0.582500 0.024000 0.018000
0 0.376500 0.558500 0.021000 0.020000
0 0.443000 0.505000 0.017000 0.015000
0 0.662000 0.467500 0.024000 0.026000
0 0.502000 0.496500 0.016000 0.016000
0 0.159000 0.307500 0.028000 0.022000
0 0.493000 0.401000 0.017000 0.017000
0 0.484500 0.443500 0.021000 0.022000
0 0.655500 0.218000 0.022000 0.019000
0 0.421000 0.747500 0.018000 0.019000
0 0.377500 0.583000 0.013000 0.015000
0 0.539000 0.433000 0.017000 0.010000
0 0.525500 0.369000 0.028000 0.027000
0 0.446000 0.500500 0.025000 0.020000
0 0.544500 0.809500 0.012000 0.013000
0 0.423500 0.669000 0.023000 0.024000
0 0.849500 0.431500 0.015000 0.015000
0 0.561000 0.548500 0.022000 0.023000
0 0.824000 0.702000 0.017000 0.016000
0 0.697000 0.326500 0.014000 0.010000
0 0.744000 0.619500 0.015000 0.015000
0 0.469500 0.892000 0.012000 0.010000
0 0.737000 0.461000 0.012000 0.016000
0 0.544000 0.107000 0.013000 0.013000
0 0.777500 0.336000 0.023000 0.021000
0 0.334000 0.560500 0.023000 0.024000
0 0.323000 0.500500 0.016000 0.019000
0 0.625500 0.593500 0.018000 0.017000
0 0.521500 0.497500 0.023000 0.021000
0 0.697000 0.442500 0.021000 0.029000
0 0.274500 0.195500 0.027000 0.027000
0 0.521000 0.479500 0.031000 0.030000
0 0.494500 0.431500 0.020000 0.021000
0 0.345500 0.522500 0.031000 0.023000
0 0.545250 0.713250 0.018500 0.018500
0 0.476500 0.605250 0.021000 0.029500
0 0.676000 0.234000 0.016000 0.017000
0 0.525000 0.153000 0.024000 0.025000
0 0.556250 0.313750 0.022500 0.021500
0 0.277000 0.849000 0.015000 0.013000
0 0.505500 0.644000 0.022000 0.021000
0 0.566500 0.502000 0.014000 0.015000
0 0.215000 0.496000 0.016000 0.017000
0 0.743500 0.313000 0.016000 0.014000
0 0.688000 0.474500 0.022000 0.015000
0 0.543000 0.579000 0.027000 0.026000
0 0.724000 0.505000 0.017000 0.017000
0 0.503500 0.775000 0.016000 0.019000
0 0.413500 0.609000 0.018000 0.018000
0 0.392000 0.487000 0.023000 0.022000
0 0.460000 0.463500 0.014000 0.012000
0 0.506000 0.471500 0.022000 0.026000
0 0.317750 0.157500 0.014500 0.012000
0 0.233500 0.314000 0.017000 0.024000
0 0.684000 0.413500 0.023000 0.019000
0 0.532000 0.484500 0.021000 0.026000
0 0.405000 0.635000 0.020000 0.028000
0 0.669500 0.678500 0.030000 0.030000
0 0.519500 0.435000 0.012000 0.014000
0 0.704500 0.430000 0.014000 0.014000
0 0.362000 0.466500 0.024000 0.027000
0 0.489000 0.536000 0.014000 0.018000
0 0.507000 0.861500 0.025000 0.017000
0 0.564000 0.750000 0.013000 0.012000
0 0.542500 0.498000 0.013000 0.010000
0 0.662500 0.313000 0.014000 0.017000
0 0.448000 0.529500 0.011000 0.011000
0 0.475000 0.498000 0.019000 0.018000
0 0.489000 0.593500 0.020000 0.019000
0 0.242500 0.535500 0.023000 0.031000
0 0.815000 0.457000 0.023000 0.022000
0 0.477500 0.337000 0.028000 0.028000
0 0.193000 0.378000 0.032000 0.031000
0 0.546500 0.410000 0.023000 0.025000
0 0.463000 0.235000 0.020000 0.019000
0 0.441500 0.226000 0.021000 0.027000
0 0.491500 0.578500 0.020000 0.019000
0 0.390500 0.398500 0.016000 0.017000
0 0.331000 0.805500 0.019000 0.017000
0 0.430500 0.868750 0.015000 0.020500
0 0.648000 0.346500 0.024000 0.022000
0 0.206000 0.249000 0.011000 0.009000
0 0.156000 0.508500 0.028000 0.018000
0 0.563500 0.439500 0.017000 0.016000
0 0.504500 0.482000 0.026000 0.025000
0 0.729000 0.550000 0.019000 0.014000
0 0.819750 0.683500 0.020500 0.019000
0 0.511000 0.537000 0.017000 0.014000
0 0.534500 0.716500 0.023000 0.022000
0 0.531000 0.488500 0.023000 0.025000
0 0.414500 0.410500 0.017000 0.017000
0 0.512000 0.124500 0.020000 0.013000
0 0.219000 0.687500 0.009000 0.010000
0 0.509500 0.661500 0.028000 0.021000
0 0.665500 0.422500 0.025000 0.024000
0 0.568000 0.478500 0.020000 0.021000
0 0.509000 0.443000 0.019000 0.015000
0 0.786000 0.387500 0.016000 0.012000
0 0.720000 0.772000 0.015000 0.017000
0 0.794000 0.271500 0.017000 0.014000
0 0.204000 0.687000 0.015000 0.018000
0 0.306500 0.477000 0.026000 0.027000
0 0.490000 0.545500 0.010000 0.015000
0 0.586500 0.528000 0.021000 0.019000
0 0.543500 0.441000 0.015000 0.017000
0 0.336000 0.456000 0.027000 0.027000
0 0.789000 0.279000 0.019000 0.023000
0 0.457500 0.697000 0.024000 0.021000
0 0.635500 0.613500 0.022000 0.023000
0 0.582000 0.810000 0.024000 0.020000
0 0.736000 0.500500 0.015000 0.011000
0 0.814500 0.534500 0.014000 0.020000
0 0.305500 0.575000 0.016000 0.015000
0 0.237000 0.766000 0.014000 0.014000
0 0.521500 0.301500 0.028000 0.023000
0 0.515500 0.818000 0.022000 0.020000
0 0.297000 0.176500 0.020000 0.017000
0 0.761000 0.768000 0.010000 0.011000
0 0.518500 0.650000 0.017000 0.020000
0 0.191000 0.450500 0.010000 0.016000
0 0.747000 0.540500 0.022000 0.024000
0 0.512500 0.737000 0.015000 0.015000
0 0.501000 0.508500 0.021000 0.027000
0 0.536000 0.280500 0.020000 0.016000
0 0.225000 0.309000 0.019000 0.019000
0 0.644000 0.553000 0.015000 0.016000
0 0.388000 0.368000 0.023000 0.024000
0 0.338000 0.495500 0.013000 0.012000
0 0.200000 0.655500 0.013000 0.015000
0 0.559000 0.537000 0.014000 0.014000
0 0.694000 0.673000 0.024000 0.023000
0 0.549000 0.488000 0.025000 0.020000
0 0.540500 0.677000 0.021000 0.022000
0 0.601000 0.531000 0.015000 0.022000
0 0.686000 0.636750 0.020000 0.023500
0 0.728000 0.601000 0.012000 0.014000
0 0.542000 0.383500 0.021000 0.022000
0 0.460000 0.468500 0.015000 0.012000
0 0.503000 0.493500 0.029000 0.029000
0 0.609500 0.447500 0.013000 0.014000
0 0.861000 0.329500 0.017000 0.027000
0 0.443000 0.452000 0.010000 0.016000
0 0.358500 0.220000 0.020000 0.018000
0 0.454500 0.412500 0.020000 0.020000
0 0.137250 0.558500 0.023500 0.016000
0 0.562000 0.338500 0.016000 0.015000
0 0.603500 0.871500 0.025000 0.026000
0 0.539500 0.361500 0.025000 0.019000
0 0.438500 0.701000 0.012000 0.012000
0 0.306500 0.866500 0.022000 0.026000
0 0.270500 0.287500 0.010000 0.014000
0 0.318500 0.321000 0.022000 0.019000
0 0.706500 0.377500 0.022000 0.027000
0 0.427000 0.768500 0.029000 0.030000
0 0.499500 0.550000 0.025000 0.020000
0 0.795500 0.541500 0.025000 0.016000
0 0.615500 0.355500 0.015000 0.013000
0 0.591000 0.654500 0.012000 0.016000
0 0.511000 0.499000 0.014000 0.018000
0 0.478000 0.196000 0.011000 0.012000
0 0.376000 0.400000 0.017000 0.017000
0 0.226500 0.646500 0.030000 0.031000
0 0.692500 0.643000 0.013000 0.014000
0 0.667500 0.403500 0.013000 0.018000
0 0.496500 0.532500 0.019000 0.015000
0 0.532500 0.654500 0.023000 0.019000
0 0.492000 0.510500 0.016000 0.017000
0 0.514000 0.383500 0.017000 0.019000
0 0.434000 0.835500 0.028000 0.019000
0 0.312500 0.508500 0.034000 0.034000
0 0.222500 0.361500 0.030000 0.032000
0 0.336000 0.419500 0.028000 0.020000
0 0.361000 0.869000 0.014000 0.013000
0 0.313000 0.818250 0.014000 0.017500
0 0.846500 0.701500 0.013000 0.017000
0 0.513500 0.515500 0.021000 0.018000
0 0.595000 0.440500 0.012000 0.014000
0 0.771500 0.422000 0.009000 0.009000
0 0.206500 0.374500 0.016000 0.017000
0 0.403000 0.565000 0.029000 0.027000
0 0.546000 0.198000 0.026000 0.026000
0 0.410000 0.490500 0.026000 0.026000
0 0.498500 0.500500 0.011000 0.011000
0 0.478500 0.535000 0.031000 0.025000
0 0.523500 0.312500 0.031000 0.032000
0 0.378500 0.331500 0.018000 0.020000
0 0.475500 0.283500 0.027000 0.022000
0 0.408500 0.646500 0.032000 0.031000
0 0.457500 0.230500 0.021000 0.018000
0 0.336500 0.158000 0.014000 0.014000
0 0.773000 0.541000 0.027000 0.022000
0 0.391000 0.417000 0.016000 0.017000
0 0.581500 0.426000 0.024000 0.025000
0 0.439500 0.469500 0.018000 0.021000
0 0.429000 0.545500 0.013000 0.013000
0 0.488000 0.460000 0.023000 0.026000
0 0.745500 0.269000 0.016000 0.018000
0 0.627500 0.713500 0.021000 0.026000
0 0.200500 0.453000 0.022000 0.022000
0 0.331000 0.136500 0.013000 0.016000
0 0.268000 0.670500 0.010000 0.010000
0 0.836500 0.387000 0.018000 0.019000
0 0.446500 0.471500 0.023000 0.025000
0 0.282500 0.194000 0.010000 0.013000
0 0.577000 0.663000 0.023000 0.023000
0 0.679750 0.784000 0.011500 0.008000
0 0.746000 0.578500 0.016000 0.017000
0 0.654500 0.427500 0.009000 0.010000
0 0.412000 0.403000 0.015000 0.015000
0 0.787500 0.530500 0.023000 0.025000
0 0.384750 0.510000 0.023500 0.016000
0 0.692000 0.372000 0.009000 0.010000
0 0.589500 0.571000 0.024000 0.029000
0 0.676500 0.700000 0.030000 0.032000
0 0.365000 0.503500 0.027000 0.023000
0 0.483000 0.243500 0.022000 0.018000
0 0.415000 0.510500 0.021000 0.017000
0 0.268000 0.371000 0.028000 0.031000
0 0.546000 0.429000 0.018000 0.018000
0 0.117750 0.502500 0.014500 0.010000
0 0.434000 0.525500 0.024000 0.026000
0 0.723000 0.609500 0.014000 0.016000
0 0.312500 0.435000 0.012000 0.009000
0 0.478000 0.570000 0.017000 0.016000
0 0.427500 0.447500 0.017000 0.025000
0 0.430500 0.554000 0.027000 0.032000
0 0.465500 0.486500 0.023000 0.022000
0 0.231000 0.659500 0.020000 0.020000
0 0.452500 0.416000 0.012000 0.014000
0 0.543500 0.296750 0.008000 0.011500
0 0.775500 0.483500 0.030000 0.021000
0 0.591500 0.460500 0.013000 0.015000
0 0.521000 0.426000 0.032000 0.026000
0 0.417500 0.132000 0.015000 0.016000
0 0.556500 0.286500 0.017000 0.019000
0 0.792500 0.720000 0.014000 0.010000
0 0.588000 0.500000 0.019000 0.020000
0 0.328500 0.559000 0.018000 0.023000
0 0.743750 0.485500 0.017500 0.013000
0 0.444500 0.636000 0.013000 0.012000
0 0.496500 0.459500 0.020000 0.019000
0 0.485500 0.369500 0.017000 0.015000
0 0.647000 0.150000 0.030000 0.032000
0 0.441500 0.563500 0.022000 0.023000
0 0.537000 0.792500 0.013000 0.015000
0 0.448500 0.740500 0.026000 0.027000
0 0.772500 0.600500 0.021000 0.018000
0 0.741750 0.298500 0.023500 0.021000
0 0.330000 0.508500 0.017000 0.026000
0 0.287500 0.474500 0.016000 0.014000
0 0.280500 0.798500 0.016000 0.023000
0 0.492000 0.700000 0.014000 0.018000
0 0.572000 0.580000 0.013000 0.013000
0 0.115000 0.595000 0.019000 0.014000
0 0.618000 0.515500 0.025000 0.024000
0 0.489500 0.479000 0.022000 0.024000
0 0.451500 0.512500 0.020000 0.018000
0 0.623000 0.549500 0.026000 0.020000
0 0.525000 0.522000 0.016000 0.018000
0 0.282500 0.357500 0.023000 0.024000
0 0.735000 0.184500 0.011000 0.013000
0 0.496500 0.474500 0.010000 0.011000
0 0.461500 0.478000 0.015000 0.014000
0 0.756500 0.800000 0.020000 0.022000
0 0.426500 0.573000 0.011000 0.011000
0 0.561500 0.495000 0.016000 0.019000
0 0.293000 0.325500 0.016000 0.019000
0 0.498000 0.457500 0.029000 0.028000
0 0.490000 0.561000 0.009000 0.009000
0 0.255000 0.208000 0.025000 0.026000
0 0.387500 0.249500 0.012000 0.012000
0 0.539000 0.567500 0.020000 0.021000
0 0.472500 0.834000 0.014000 0.015000
0 0.504500 0.537500 0.031000 0.023000
0 0.442500 0.447500 0.013000 0.015000
0 0.742000 0.334000 0.029000 0.028000
0 0.554000 0.690500 0.012000 0.012000
0 0.254500 0.369500 0.015000 0.018000
0 0.728000 0.378750 0.023000 0.026500
0 0.849000 0.537500 0.020000 0.021000
0 0.311000 0.256500 0.013000 0.013000
0 0.466000 0.520500 0.025000 0.023000
0 0.607000 0.675000 0.012000 0.010000
0 0.359000 0.553500 0.025000 0.021000
0 0.487000 0.895500 0.018000 0.018000
0 0.547000 0.571000 0.016000 0.016000
0 0.451500 0.556750 0.016000 0.023500
0 0.471500 0.869500 0.026000 0.028000
0 0.512000 0.606000 0.021000 0.022000
0 0.357000 0.674000 0.029000 0.020000
0 0.402000 0.836000 0.016000 0.011000
0 0.573000 0.741000 0.022000 0.022000
0 0.470500 0.321000 0.026000 0.027000
0 0.290500 0.812500 0.009000 0.009000
0 0.572000 0.478000 0.013000 0.014000
0 0.479500 0.583000 0.015000 0.014000
0 0.554500 0.375000 0.024000 0.025000
0 0.555000 0.204500 0.025000 0.025000
0 0.422500 0.556000 0.024000 0.024000
0 0.707000 0.255500 0.022000 0.019000
0 0.501500 0.750000 0.011000 0.013000
0 0.706000 0.246000 0.014000 0.019000
0 0.383000 0.549000 0.027000 0.033000
0 0.278000 0.429000 0.022000 0.021000
0 0.783000 0.725000 0.022000 0.026000
0 0.410500 0.436500 0.012000 0.016000
0 0.240500 0.409500 0.026000 0.029000
0 0.730000 0.408000 0.015000 0.018000
0 0.232000 0.746000 0.019000 0.018000
0 0.274000 0.700500 0.013000 0.014000
0 0.750000 0.320500 0.011000 0.013000
0 0.864000 0.313000 0.024000 0.024000
0 0.434500 0.544500 0.033000 0.034000
0 0.505500 0.495000 0.019000 0.017000
0 0.370000 0.646500 0.015000 0.021000
0 0.558750 0.526250 0.016500 0.016500
0 0.549000 0.187500 0.033000 0.032000
0 0.351000 0.764000 0.013000 0.012000
0 0.328500 0.217500 0.021000 0.019000
0 0.469500 0.526500 0.023000 0.023000
0 0.633000 0.629500 0.010000 0.012000
0 0.739000 0.568250 0.015000 0.020500
0 0.481500 0.329000 0.031000 0.034000
0 0.528500 0.728500 0.014000 0.019000
0 0.553000 0.551000 0.014000 0.014000
0 0.559000 0.479500 0.027000 0.022000
0 0.361500 0.436500 0.010000 0.011000
0 0.618000 0.692500 0.022000 0.019000
0 0.683500 0.324500 0.019000 0.019000
0 0.594500 0.602000 0.030000 0.031000
0 0.800500 0.764000 0.019000 0.018000
0 0.459000 0.678000 0.022000 0.022000
0 0.532000 0.406000 0.013000 0.011000
0 0.623500 0.404000 0.031000 0.032000
0 0.435500 0.738500 0.028000 0.030000
0 0.417000 0.573750 0.014000 0.020500
0 0.518000 0.362000 0.012000 0.010000
0 0.605500 0.742000 0.010000 0.013000
0 0.531000 0.533500 0.030000 0.031000
0 0.297500 0.308000 0.014000 0.011000
0 0.215500 0.390000 0.031000 0.027000
0 0.458500 0.513000 0.028000 0.029000
0 0.351000 0.475000 0.022000 0.024000
0 0.863500 0.704500 0.032000 0.033000
0 0.873500 0.343500 0.017000 0.020000
0 0.666500 0.391500 0.013000 0.019000
0 0.643500 0.852000 0.025000 0.024000
0 0.227000 0.321000 0.026000 0.022000
0 0.233000 0.341000 0.016000 0.016000
0 0.753000 0.661500 0.018000 0.018000
0 0.249000 0.763000 0.035000 0.033000
0 0.375000 0.293000 0.024000 0.018000
0 0.688000 0.846500 0.023000 0.023000
0 0.646000 0.838500 0.017000 0.020000
0 0.598000 0.391500 0.015000 0.014000
0 0.550500 0.413000 0.017000 0.018000
0 0.390000 0.649500 0.013000 0.012000
0 0.685500 0.677500 0.014000 0.015000
0 0.674500 0.715500 0.022000 0.014000
0 0.420500 0.304500 0.019000 0.014000
0 0.615000 0.419500 0.030000 0.028000
0 0.560500 0.222500 0.022000 0.021000
0 0.542000 0.464000 0.024000 0.028000
0 0.529500 0.584000 0.014000 0.008000
0 0.391500 0.353000 0.011000 0.011000
0 0.402000 0.235000 0.030000 0.031000
0 0.385500 0.326500 0.019000 0.018000
0 0.716500 0.763500 0.028000 0.029000
0 0.467000 0.454000 0.023000 0.022000
0 0.825500 0.267500 0.017000 0.016000
0 0.651000 0.411500 0.025000 0.021000
0 0.256000 0.793500 0.024000 0.024000
0 0.501000 0.322500 0.024000 0.024000
0 0.475000 0.521500 0.031000 0.025000
0 0.320500 0.427500 0.013000 0.013000
0 0.478500 0.311000 0.010000 0.010000
0 0.684000 0.546000 0.021000 0.020000
0 0.253500 0.828000 0.018000 0.017000
0 0.335500 0.662500 0.028000 0.023000
0 0.636500 0.520000 0.018000 0.018000
0 0.445000 0.497000 0.012000 0.015000
0 0.462500 0.809000 0.019000 0.023000
0 0.147000 0.728000 0.016000 0.020000
0 0.288000 0.318000 0.018000 0.025000
0 0.717000 0.351000 0.026000 0.030000
0 0.459000 0.612000 0.028000 0.023000
0 0.566000 0.429000 0.033000 0.033000
0 0.367500 0.465000 0.009000 0.013000
0 0.457000 0.627000 0.026000 0.022000
0 0.751500 0.532000 0.023000 0.023000
0 0.302000 0.142000 0.025000 0.025000
0 0.810500 0.726500 0.020000 0.026000
0 0.405000 0.367500 0.013000 0.011000
0 0.599500 0.275500 0.023000 0.020000
0 0.429500 0.244000 0.036000 0.034000
0 0.741500 0.426500 0.021000 0.021000
0 0.373000 0.448500 0.015000 0.011000
0 0.574000 0.755500 0.029000 0.028000
0 0.242000 0.705500 0.035000 0.027000
0 0.602500 0.668000 0.020000 0.020000
0 0.175000 0.348000 0.032000 0.030000
0 0.802000 0.210000 0.022000 0.020000
0 0.711500 0.320000 0.020000 0.026000
0 0.583000 0.680000 0.020000 0.017000
0 0.847500 0.319500 0.017000 0.021000
0 0.566000 0.462500 0.023000 0.026000
0 0.208250 0.664000 0.020500 0.017000
0 0.443000 0.539000 0.032000 0.028000
0 0.526500 0.672500 0.017000 0.017000
0 0.372500 0.854500 0.023000 0.022000
0 0.508500 0.082000 0.026000 0.027000
0 0.660750 0.445500 0.020500 0.014000
0 0.130000 0.369500 0.017000 0.019000
0 0.404000 0.483000 0.015000 0.014000
0 0.394500 0.683500 0.009000 0.011000
0 0.480000 0.545000 0.013000 0.015000
0 0.166500 0.372500 0.025000 0.022000
0 0.652000 0.505500 0.014000 0.017000
0 0.801500 0.402000 0.035000 0.035000
0 0.502000 0.422000 0.017000 0.017000
0 0.568500 0.531500 0.017000 0.016000
0 0.341000 0.441500 0.018000 0.018000
0 0.277000 0.406000 0.013000 0.014000
0 0.488000 0.718500 0.016000 0.015000
0 0.689500 0.600000 0.021000 0.019000
0 0.346500 0.341000 0.020000 0.020000
0 0.855500 0.405500 0.017000 0.017000
0 0.395500 0.274500 0.019000 0.017000
0 0.163000 0.696000 0.026000 0.023000
0 0.456500 0.599000 0.024000 0.031000
0 0.494500 0.420500 0.020000 0.017000
0 0.562000 0.466500 0.017000 0.022000
0 0.575000 0.473000 0.029000 0.030000
0 0.625000 0.465000 0.021000 0.017000
0 0.267000 0.529500 0.027000 0.031000
0 0.721000 0.168000 0.018000 0.015000
0 0.458000 0.538500 0.025000 0.024000
0 0.669000 0.567000 0.026000 0.019000
0 0.544500 0.524500 0.008000 0.009000
0 0.757500 0.361000 0.031000 0.031000
0 0.590000 0.394000 0.029000 0.017000
0 0.428000 0.541500 0.020000 0.027000
0 0.534500 0.560000 0.017000 0.018000
0 0.373000 0.514000 0.013000 0.014000
0 0.706500 0.686500 0.026000 0.022000
0 0.617500 0.445500 0.021000 0.025000
0 0.495000 0.386000 0.021000 0.023000
0 0.196500 0.418500 0.011000 0.013000
0 0.472500 0.428500 0.018000 0.019000
0 0.538000 0.428000 0.019000 0.018000
0 0.549000 0.457000 0.017000 0.015000
0 0.525000 0.561500 0.016000 0.016000
0 0.482500 0.289000 0.023000 0.018000
0 0.519500 0.554000 0.018000 0.021000
0 0.318500 0.586500 0.021000 0.023000
0 0.758500 0.730000 0.025000 0.027000
0 0.620000 0.482500 0.024000 0.023000
0 0.567000 0.496500 0.012000 0.014000
0 0.413000 0.529000 0.027000 0.028000
0 0.189000 0.659000 0.016000 0.016000
0 0.750500 0.523500 0.017000 0.018000
0 0.604000 0.611500 0.021000 0.022000
0 0.272000 0.590500 0.031000 0.028000
0 0.702000 0.761500 0.028000 0.024000
0 0.827000 0.535500 0.017000 0.018000
0 0.854500 0.463500 0.017000 0.014000
0 0.647500 0.370000 0.019000 0.022000
0 0.561500 0.592500 0.016000 0.016000
0 0.157500 0.593500 0.015000 0.014000
0 0.130500 0.313000 0.026000 0.025000
0 0.649000 0.138000 0.033000 0.028000
0 0.093500 0.576000 0.022000 0.022000
0 0.632500 0.536000 0.030000 0.032000
0 0.688500 0.314500 0.017000 0.017000
0 0.622500 0.477500 0.027000 0.023000
0 0.496000 0.504500 0.017000 0.019000
0 0.297500 0.430000 0.011000 0.010000
0 0.214000 0.199500 0.012000 0.013000
0 0.619500 0.617500 0.018000 0.025000
0 0.574000 0.415500 0.023000 0.017000
0 0.470500 0.275500 0.021000 0.021000
0 0.576000 0.593000 0.016000 0.019000
0 0.780500 0.214000 0.017000 0.018000
0 0.290250 0.515000 0.017500 0.014000
0 0.517000 0.279000 0.020000 0.013000
0 0.513500 0.907000 0.009000 0.010000
0 0.604000 0.264000 0.019000 0.019000
0 0.280500 0.647500 0.011000 0.015000
0 0.620000 0.774500 0.016000 0.016000
0 0.565500 0.119500 0.025000 0.022000
0 0.419000 0.364500 0.026000 0.027000
0 0.340000 0.686500 0.026000 0.025000
0 0.506000 0.909000 0.029000 0.023000
0 0.813000 0.660000 0.026000 0.019000
0 0.240000 0.382500 0.033000 0.034000
0 0.590000 0.129500 0.022000 0.020000
0 0.582500 0.700000 0.013000 0.011000
0 0.149500 0.301500 0.033000 0.031000
0 0.802500 0.789500 0.028000 0.027000
0 0.592500 0.627000 0.020000 0.022000
0 0.351000 0.445000 0.012000 0.014000
0 0.442000 0.380000 0.022000 0.023000
0 0.523500 0.618000 0.016000 0.015000
0 0.500500 0.666000 0.020000 0.019000
0 0.522500 0.665000 0.012000 0.013000
0 0.609000 0.377500 0.017000 0.025000
0 0.573500 0.086500 0.014000 0.014000
0 0.254500 0.610000 0.028000 0.021000
0 0.911500 0.531000 0.024000 0.022000
0 0.482000 0.469000 0.013000 0.011000
0 0.520500 0.474000 0.015000 0.017000
0 0.717500 0.570500 0.020000 0.019000
0 0.769500 0.346000 0.012000 0.010000
0 0.452750 0.605000 0.026500 0.023000
0 0.374500 0.569500 0.023000 0.025000
0 0.866000 0.620500 0.015000 0.017000
0 0.436000 0.571500 0.010000 0.013000
0 0.370000 0.171500 0.018000 0.018000
0 0.153500 0.616500 0.013000 0.019000
0 0.330500 0.548500 0.019000 0.020000
0 0.702000 0.524500 0.016000 0.016000
0 0.616500 0.724000 0.015000 0.014000
0 0.505000 0.826500 0.021000 0.021000
0 0.470500 0.567750 0.020000 0.023500
0 0.484000 0.725500 0.020000 0.019000
0 0.587500 0.546000 0.012000 0.013000
0 0.460000 0.451000 0.012000 0.014000
0 0.743500 0.202500 0.017000 0.019000
0 0.489000 0.280500 0.013000 0.014000
0 0.440500 0.864500 0.020000 0.028000
0 0.475500 0.466500 0.022000 0.021000
0 0.473000 0.824000 0.029000 0.029000
0 0.811500 0.501500 0.024000 0.023000
0 0.401500 0.872250 0.016000 0.020500
0 0.310000 0.307000 0.028000 0.030000
0 0.517500 0.726500 0.013000 0.017000
0 0.097000 0.534000 0.010000 0.013000
0 0.499500 0.460000 0.021000 0.027000
0 0.237500 0.485000 0.016000 0.015000
0 0.336000 0.478000 0.023000 0.024000
0 0.858500 0.687000 0.025000 0.024000
0 0.299500 0.505000 0.015000 0.015000
0 0.544500 0.639500 0.017000 0.018000
0 0.562500 0.774500 0.019000 0.020000
0 0.458500 0.493500 0.013000 0.013000
0 0.166000 0.364500 0.017000 0.021000
0 0.472500 0.269500 0.012000 0.013000
0 0.395500 0.206000 0.031000 0.029000
0 0.198500 0.486500 0.017000 0.019000
0 0.296000 0.623500 0.016000 0.017000
0 0.182000 0.603000 0.033000 0.033000
0 0.677500 0.663500 0.014000 0.012000
0 0.482000 0.514000 0.016000 0.020000
0 0.414500 0.824500 0.021000 0.021000
0 0.326500 0.693000 0.024000 0.027000
0 0.536500 0.498000 0.018000 0.020000
0 0.531500 0.438000 0.025000 0.023000
0 0.581000 0.509000 0.029000 0.029000
0 0.352500 0.420500 0.018000 0.015000
0 0.687000 0.789500 0.024000 0.021000
0 0.763000 0.223500 0.016000 0.016000
0 0.495000 0.677500 0.028000 0.022000
0 0.338500 0.315000 0.014000 0.011000
0 0.285000 0.826000 0.018000 0.017000
0 0.765000 0.725000 0.015000 0.016000
0 0.554000 0.241000 0.017000 0.016000
0 0.549500 0.537000 0.012000 0.015000
0 0.537000 0.329000 0.028000 0.031000
0 0.899000 0.517000 0.012000 0.012000
0 0.504500 0.372500 0.016000 0.015000
0 0.764500 0.305500 0.016000 0.019000
0 0.429000 0.480000 0.016000 0.015000
0 0.502500 0.720000 0.018000 0.021000
0 0.245000 0.639000 0.019000 0.033000
0 0.422500 0.388500 0.021000 0.024000
0 0.508500 0.416000 0.031000 0.029000
0 0.646000 0.300500 0.013000 0.016000
0 0.573000 0.321000 0.023000 0.023000
0 0.441000 0.290000 0.019000 0.016000
0 0.394000 0.282500 0.025000 0.024000
0 0.517500 0.545000 0.024000 0.015000
0 0.605500 0.212500 0.024000 0.026000
0 0.448000 0.435500 0.013000 0.015000
0 0.610000 0.800500 0.014000 0.013000
0 0.596000 0.654000 0.013000 0.013000
0 0.609500 0.535000 0.026000 0.020000
0 0.530000 0.604000 0.028000 0.023000
0 0.436500 0.500500 0.016000 0.019000
0 0.517000 0.710000 0.013000 0.009000
0 0.277500 0.207500 0.013000 0.015000
0 0.246000 0.528000 0.015000 0.016000
0 0.454500 0.466000 0.025000 0.028000
0 0.268500 0.657000 0.019000 0.014000
0 0.603000 0.597000 0.011000 0.013000
0 0.501500 0.092000 0.021000 0.024000
0 0.400000 0.797500 0.010000 0.011000
0 0.511000 0.470500 0.023000 0.022000
0 0.362500 0.307500 0.019000 0.028000
0 0.708000 0.392500 0.020000 0.020000
0 0.834000 0.465500 0.019000 0.021000
0 0.351000 0.400000 0.016000 0.017000
0 0.308500 0.520000 0.013000 0.018000
0 0.195000 0.261500 0.017000 0.015000
0 0.270500 0.567000 0.020000 0.022000
0 0.528000 0.379000 0.027000 0.026000
0 0.212000 0.557500 0.021000 0.017000
0 0.215000 0.264000 0.012000 0.015000
0 0.622500 0.421000 0.021000 0.019000
0 0.881500 0.530500 0.015000 0.015000
0 0.780000 0.327500 0.032000 0.031000
0 0.355500 0.645000 0.012000 0.014000
0 0.259500 0.593000 0.020000 0.021000
0 0.781500 0.430500 0.031000 0.029000
0 0.426500 0.882000 0.017000 0.017000
0 0.348000 0.460000 0.016000 0.014000
0 0.457500 0.585000 0.016000 0.015000
0 0.357000 0.360000 0.025000 0.023000
0 0.606000 0.729000 0.014000 0.016000
0 0.854000 0.366000 0.013000 0.013000
0 0.283500 0.660000 0.014000 0.013000
0 0.442000 0.427000 0.015000 0.014000
0 0.465500 0.498000 0.014000 0.011000
0 0.628500 0.441000 0.027000 0.026000
0 0.386000 0.479500 0.025000 0.027000
0 0.471500 0.903000 0.014000 0.012000
0 0.579500 0.451000 0.016000 0.013000
0 0.502000 0.331000 0.024000 0.029000
0 0.595000 0.690000 0.031000 0.026000
0 0.089500 0.536500 0.013000 0.014000
0 0.514000 0.459500 0.018000 0.020000
0 0.693500 0.347000 0.030000 0.027000
0 0.575500 0.626500 0.019000 0.020000
0 0.299500 0.347000 0.021000 0.016000
0 0.802000 0.597000 0.018000 0.018000
0 0.248500 0.564500 0.018000 0.018000
0 0.293000 0.394500 0.020000 0.016000
0 0.468500 0.352500 0.020000 0.031000
0 0.252000 0.777000 0.024000 0.027000
0 0.550500 0.363500 0.026000 0.025000
0 0.629000 0.794000 0.025000 0.027000
0 0.741000 0.783500 0.028000 0.025000
0 0.845500 0.584000 0.012000 0.010000
0 0.470000 0.467000 0.027000 0.027000
0 0.319750 0.538750 0.025500 0.025500
0 0.635000 0.360000 0.015000 0.011000
0 0.702500 0.368000 0.011000 0.012000
0 0.843500 0.627500 0.027000 0.027000
0 0.526000 0.462500 0.028000 0.026000
0 0.565000 0.674000 0.016000 0.016000
0 0.592500 0.251000 0.026000 0.035000
0 0.605500 0.904000 0.013000 0.015000
0 0.596250 0.559000 0.026500 0.019000
0 0.435000 0.515000 0.025000 0.019000
0 0.198500 0.733750 0.020000 0.026500
0 0.249500 0.332250 0.020000 0.026500
0 0.558000 0.454000 0.026000 0.016000
0 0.571500 0.323000 0.029000 0.029000
0 0.865000 0.600500 0.031000 0.025000
0 0.218500 0.535500 0.027000 0.023000
0 0.649000 0.581000 0.025000 0.025000
0 0.420000 0.473000 0.030000 0.021000
0 0.656500 0.570000 0.019000 0.014000
0 0.215000 0.590500 0.028000 0.027000
0 0.418000 0.639500 0.029000 0.025000
0 0.613500 0.146500 0.024000 0.029000
0 0.389000 0.464000 0.023000 0.025000
0 0.654000 0.392500 0.026000 0.029000
0 0.572500 0.156500 0.017000 0.025000
0 0.579500 0.168500 0.022000 0.019000
0 0.489000 0.165000 0.027000 0.027000
0 0.785000 0.307500 0.017000 0.016000
0 0.730500 0.308000 0.022000 0.026000
0 0.198000 0.705000 0.016000 0.013000
0 0.711000 0.817500 0.011000 0.011000
0 0.184000 0.394500 0.016000 0.015000
0 0.746000 0.588500 0.027000 0.027000
0 0.307000 0.461500 0.017000 0.024000
0 0.413500 0.782000 0.022000 0.021000
0 0.127500 0.488500 0.011000 0.016000
0 0.427500 0.488000 0.025000 0.017000
0 0.289000 0.630000 0.017000 0.015000
0 0.474000 0.514000 0.016000 0.018000
0 0.501500 0.397000 0.016000 0.013000
0 0.431500 0.533000 0.026000 0.026000
0 0.650000 0.498000 0.024000 0.024000
0 0.524000 0.616000 0.020000 0.020000
0 0.425500 0.588500 0.016000 0.016000
0 0.103000 0.572000 0.029000 0.019000
0 0.515500 0.489000 0.021000 0.020000
0 0.769500 0.520000 0.013000 0.013000
0 0.355500 0.577000 0.015000 0.015000
0 0.588000 0.895000 0.019000 0.014000
0 0.161000 0.704500 0.021000 0.020000
0 0.584000 0.146500 0.028000 0.025000
0 0.407000 0.464500 0.021000 0.022000
0 0.210000 0.476500 0.018000 0.026000
0 0.387000 0.524000 0.028000 0.029000
0 0.533500 0.826500 0.022000 0.019000
0 0.281500 0.616000 0.014000 0.014000
0 0.307500 0.350000 0.017000 0.020000
0 0.276500 0.402500 0.017000 0.022000
0 0.083500 0.477000 0.022000 0.029000
0 0.163500 0.491500 0.012000 0.012000
0 0.633000 0.273500 0.011000 0.015000