0 0.494000 0.502500 0.017000 0.019000
0 0.509500 0.457500 0.028000 0.028000
0 0.572500 0.499000 0.025000 0.018000
0 0.514500 0.525500 0.014000 0.015000
0 0.635000 0.266000 0.014000 0.014000
0 0.556000 0.531000 0.019000 0.024000
0 0.577000 0.218000 0.014000 0.012000
0 0.517000 0.443500 0.020000 0.020000
0 0.480500 0.252500 0.022000 0.019000
0 0.267000 0.295500 0.028000 0.020000
0 0.502500 0.423500 0.029000 0.030000
0 0.636500 0.607000 0.019000 0.025000
0 0.371500 0.522000 0.023000 0.023000
0 0.466500 0.605500 0.022000 0.020000
0 0.144500 0.395500 0.020000 0.022000
0 0.392000 0.299500 0.028000 0.023000
0 0.301500 0.419500 0.027000 0.020000
0 0.307000 0.484500 0.009000 0.009000
0 0.865000 0.494500 0.015000 0.014000
0 0.608000 0.660000 0.020000 0.016000
0 0.494500 0.776000 0.031000 0.032000
0 0.338500 0.628750 0.016000 0.023500
0 0.410000 0.338500 0.015000 0.015000
0 0.644000 0.671500 0.023000 0.021000
0 0.466500 0.368000 0.019000 0.022000
0 0.641000 0.128500 0.016000 0.015000
0 0.507500 0.617500 0.019000 0.022000
0 0.361000 0.793500 0.008000 0.012000
0 0.511500 0.183000 0.011000 0.009000
0 0.213500 0.327000 0.032000 0.029000
0 0.684000 0.692000 0.010000 0.012000
0 0.546000 0.322000 0.014000 0.014000
0 0.502000 0.136500 0.013000 0.018000
0 0.476000 0.441000 0.015000 0.019000
0 0.771500 0.771500 0.022000 0.026000
0 0.666000 0.438000 0.019000 0.026000
0 0.575500 0.468500 0.021000 0.022000
0 0.418000 0.626500 0.031000 0.024000
0 0.510500 0.503000 0.015000 0.014000
0 0.867000 0.573000 0.027000 0.029000
0 0.529500 0.540000 0.017000 0.017000
0 0.487000 0.387500 0.022000 0.020000
0 0.486500 0.526000 0.018000 0.022000
0 0.546000 0.680000 0.026000 0.021000
0 0.200000 0.253000 0.013000 0.010000
0 0.254500 0.604000 0.030000 0.030000
0 0.416500 0.345000 0.024000 0.021000
0 0.338500 0.241000 0.027000 0.030000
0 0.430500 0.508500 0.021000 0.016000
0 0.502000 0.474500 0.031000 0.028000
0 0.230500 0.632500 0.023000 0.027000
0 0.537500 0.616500 0.018000 0.018000
0 0.292000 0.684500 0.025000 0.021000
0 0.758000 0.693500 0.030000 0.034000
0 0.714500 0.209000 0.019000 0.021000
0 0.244000 0.725000 0.014000 0.020000
0 0.642500 0.530500 0.016000 0.021000
0 0.606000 0.740500 0.019000 0.024000
0 0.784500 0.675750 0.014000 0.017500
0 0.567000 0.619500 0.021000 0.020000
0 0.720000 0.568000 0.019000 0.022000
0 0.694500 0.566000 0.019000 0.012000
0 0.558000 0.488250 0.018000 0.026500
0 0.489000 0.597500 0.016000 0.014000
0 0.726500 0.712500 0.014000 0.012000
0 0.456500 0.622500 0.023000 0.021000
0 0.421500 0.337000 0.024000 0.020000
0 0.474500 0.480000 0.030000 0.026000
0 0.240000 0.235000 0.009000 0.013000
0 0.464000 0.628500 0.023000 0.026000
0 0.333500 0.847000 0.020000 0.024000
0 0.692500 0.537500 0.029000 0.024000
0 0.332500 0.144000 0.010000 0.012000
0 0.427500 0.880500 0.028000 0.030000
0 0.376000 0.259000 0.023000 0.028000
0 0.534000 0.529500 0.024000 0.019000
0 0.796000 0.279500 0.013000 0.014000
0 0.487000 0.559000 0.011000 0.014000
0 0.502000 0.350500 0.021000 0.021000
0 0.218000 0.654000 0.025000 0.026000
0 0.843500 0.537000 0.019000 0.014000
0 0.505500 0.140500 0.021000 0.022000
0 0.738500 0.342000 0.016000 0.016000
0 0.194500 0.347500 0.016000 0.011000
0 0.213000 0.389500 0.022000 0.015000
0 0.466000 0.473000 0.012000 0.012000
0 0.651250 0.134750 0.020500 0.020500
0 0.491000 0.567500 0.027000 0.027000
0 0.533500 0.452000 0.011000 0.014000
0 0.466500 0.478500 0.025000 0.022000
0 0.505500 0.445000 0.022000 0.023000
0 0.397000 0.396500 0.019000 0.014000
0 0.304500 0.813500 0.028000 0.030000
0 0.733000 0.251000 0.023000 0.024000
0 0.122500 0.451000 0.016000 0.017000
0 0.577000 0.806500 0.032000 0.033000
0 0.473500 0.448500 0.016000 0.022000
0 0.764500 0.450000 0.021000 0.020000
0 0.418000 0.524000 0.014000 0.015000
0 0.500500 0.906000 0.017000 0.013000
0 0.782500 0.343000 0.016000 0.019000
0 0.566500 0.228500 0.018000 0.017000
0 0.540000 0.512000 0.017000 0.020000
0 0.516500 0.121000 0.012000 0.009000
0 0.557500 0.390000 0.017000 0.022000
0 0.360000 0.379000 0.014000 0.015000
0 0.554500 0.703500 0.020000 0.021000
0 0.696500 0.528500 0.020000 0.021000
0 0.892500 0.474500 0.021000 0.023000
0 0.454500 0.612000 0.017000 0.015000
0 0.231500 0.385500 0.026000 0.023000
0 0.622750 0.769000 0.020500 0.015000
0 0.369500 0.648500 0.030000 0.025000
0 0.492500 0.510500 0.029000 0.027000
0 0.263000 0.846500 0.026000 0.030000
0 0.690500 0.721000 0.021000 0.022000
0 0.444500 0.590500 0.027000 0.024000
0 0.248000 0.432000 0.018000 0.016000
0 0.480500 0.511000 0.009000 0.013000
0 0.462500 0.552500 0.019000 0.023000
0 0.166500 0.490500 0.017000 0.017000
0 0.587500 0.481000 0.017000 0.022000
0 0.340000 0.398000 0.009000 0.010000
0 0.506000 0.486000 0.023000 0.023000
0 0.425000 0.637500 0.028000 0.027000
0 0.562000 0.359500 0.024000 0.025000
0 0.323500 0.448500 0.021000 0.016000
0 0.682000 0.448000 0.013000 0.013000
0 0.308500 0.286500 0.014000 0.014000
0 0.520000 0.395000 0.017000 0.015000
0 0.154500 0.577500 0.016000 0.019000
0 0.514500 0.543500 0.025000 0.026000
0 0.221000 0.231000 0.027000 0.022000
0 0.484000 0.515500 0.022000 0.019000
0 0.170500 0.545000 0.025000 0.025000
0 0.454000 0.522500 0.018000 0.017000
0 0.693500 0.512500 0.018000 0.014000
0 0.204500 0.779000 0.026000 0.022000
0 0.498500 0.486500 0.013000 0.011000
0 0.578500 0.110000 0.031000 0.031000
0 0.569500 0.448500 0.023000 0.024000
0 0.319000 0.874500 0.022000 0.021000
0 0.879500 0.366000 0.016000 0.017000
0 0.905000 0.435000 0.020000 0.020000
0 0.581500 0.353500 0.016000 0.015000
0 0.752500 0.707500 0.029000 0.035000
0 0.609000 0.615500 0.027000 0.028000
0 0.708000 0.284500 0.018000 0.016000
0 0.444500 0.351000 0.017000 0.015000
0 0.587500 0.594500 0.014000 0.011000
0 0.822500 0.657500 0.029000 0.023000
0 0.603000 0.303500 0.015000 0.015000
0 0.268000 0.562000 0.028000 0.028000
0 0.382500 0.382000 0.016000 0.016000
0 0.349500 0.536750 0.021000 0.029500
0 0.531000 0.654500 0.025000 0.017000
0 0.652500 0.414500 0.026000 0.021000
0 0.520000 0.491500 0.012000 0.013000
0 0.385500 0.517500 0.018000 0.021000
0 0.437000 0.395000 0.013000 0.017000
0 0.482000 0.491000 0.016000 0.018000
0 0.367500 0.382500 0.015000 0.015000
0 0.191500 0.711500 0.022000 0.020000
0 0.578000 0.687000 0.025000 0.017000
0 0.519000 0.478000 0.023000 0.024000
0 0.554500 0.626000 0.012000 0.016000
0 0.660500 0.184000 0.025000 0.023000
0 0.460000 0.444000 0.020000 0.018000
0 0.486000 0.654000 0.018000 0.019000
0 0.641000 0.558000 0.017000 0.018000
0 0.477500 0.524500 0.023000 0.023000
0 0.525500 0.508000 0.014000 0.020000
0 0.521500 0.433500 0.010000 0.010000
0 0.671000 0.759500 0.016000 0.014000
0 0.561500 0.830000 0.017000 0.018000
0 0.418500 0.831500 0.014000 0.014000
0 0.424000 0.496000 0.013000 0.014000
0 0.521500 0.593000 0.027000 0.020000
0 0.487500 0.408500 0.012000 0.009000
0 0.506750 0.832750 0.015500 0.015500
0 0.820500 0.439000 0.008000 0.009000
0 0.449500 0.489000 0.012000 0.013000
0 0.394000 0.573000 0.012000 0.015000
0 0.370500 0.282500 0.019000 0.011000
0 0.499500 0.524500 0.022000 0.022000
0 0.431000 0.646000 0.012000 0.021000
0 0.221000 0.667000 0.025000 0.034000
0 0.468000 0.874500 0.013000 0.011000
0 0.384500 0.219500 0.030000 0.027000
0 0.472000 0.315000 0.017000 0.017000
0 0.517000 0.128000 0.025000 0.028000
0 0.675500 0.614000 0.028000 0.023000
0 0.574500 0.313500 0.020000 0.020000
0 0.468000 0.488000 0.015000 0.011000
0 0.554500 0.542500 0.024000 0.017000
0 0.155000 0.371000 0.016000 0.011000
0 0.872000 0.353000 0.020000 0.017000
0 0.325500 0.401000 0.026000 0.026000
0 0.312500 0.425000 0.022000 0.022000
0 0.180000 0.699500 0.013000 0.015000
0 0.557000 0.476500 0.017000 0.017000
0 0.765000 0.434000 0.022000 0.023000
0 0.420500 0.230500 0.020000 0.015000
0 0.562500 0.853000 0.020000 0.031000
0 0.527500 0.472000 0.017000 0.016000
0 0.521500 0.698000 0.013000 0.015000
0 0.589000 0.247500 0.019000 0.020000
0 0.331500 0.405500 0.016000 0.017000
0 0.541500 0.597000 0.024000 0.019000
0 0.586500 0.733000 0.023000 0.022000
0 0.546000 0.557500 0.011000 0.013000
0 0.646500 0.143000 0.017000 0.017000
0 0.390250 0.276000 0.017500 0.012000
0 0.335000 0.783000 0.013000 0.021000
0 0.571000 0.586500 0.031000 0.025000
0 0.788000 0.230000 0.014000 0.018000
0 0.807500 0.351500 0.015000 0.014000
0 0.547500 0.383500 0.028000 0.034000
0 0.578000 0.565000 0.018000 0.014000
0 0.902750 0.447500 0.020500 0.015000
0 0.515500 0.370500 0.021000 0.018000
0 0.452500 0.361500 0.014000 0.015000
0 0.686000 0.171000 0.032000 0.031000
0 0.559000 0.404000 0.013000 0.013000
0 0.315000 0.320000 0.021000 0.025000
0 0.412500 0.757000 0.021000 0.025000
0 0.365000 0.483000 0.023000 0.019000
0 0.608000 0.517000 0.021000 0.031000
0 0.386500 0.540000 0.024000 0.019000
0 0.587000 0.091500 0.019000 0.020000
0 0.322000 0.284000 0.024000 0.024000
0 0.397500 0.496500 0.017000 0.012000
0 0.191500 0.241500 0.023000 0.022000
0 0.342000 0.670000 0.021000 0.020000
0 0.778500 0.646000 0.013000 0.014000
0 0.693000 0.268250 0.020000 0.026500
0 0.437500 0.456000 0.010000 0.010000
0 0.594000 0.092500 0.027000 0.023000
0 0.699000 0.446000 0.033000 0.034000
0 0.151000 0.609000 0.013000 0.017000
0 0.391500 0.156500 0.030000 0.021000
0 0.551000 0.512500 0.013000 0.012000
0 0.485000 0.578500 0.011000 0.015000
0 0.353000 0.663000 0.021000 0.018000
0 0.559000 0.582500 0.014000 0.016000
0 0.413500 0.418000 0.029000 0.028000
0 0.464000 0.823500 0.017000 0.023000
0 0.346000 0.625000 0.010000 0.011000
0 0.650000 0.462500 0.014000 0.013000
0 0.095000 0.537000 0.018000 0.017000
0 0.391000 0.448000 0.017000 0.017000
0 0.178000 0.322500 0.027000 0.018000
0 0.232500 0.571000 0.027000 0.019000
0 0.321000 0.381500 0.024000 0.028000
0 0.295000 0.473500 0.017000 0.019000
0 0.756000 0.657500 0.012000 0.017000
0 0.469000 0.275500 0.020000 0.022000
0 0.453500 0.105000 0.021000 0.018000
0 0.618500 0.298500 0.011000 0.013000
0 0.622000 0.367000 0.022000 0.019000
0 0.120500 0.367000 0.026000 0.023000
0 0.223750 0.557000 0.017500 0.012000
0 0.592500 0.445000 0.021000 0.019000
0 0.606000 0.286000 0.026000 0.024000
0 0.206000 0.419000 0.014000 0.015000
0 0.450000 0.386000 0.025000 0.025000
0 0.715000 0.788000 0.027000 0.026000
0 0.698500 0.772000 0.021000 0.022000
0 0.733500 0.745500 0.013000 0.010000
0 0.298500 0.391000 0.024000 0.019000
0 0.308000 0.335500 0.023000 0.022000
0 0.452500 0.479000 0.022000 0.020000
0 0.129250 0.502500 0.017500 0.013000
0 0.682000 0.657000 0.020000 0.015000
0 0.498000 0.538000 0.017000 0.019000
0 0.521500 0.463500 0.017000 0.022000
0 0.400500 0.446000 0.019000 0.016000
0 0.220500 0.396000 0.028000 0.030000
0 0.758500 0.650500 0.021000 0.018000
0 0.833500 0.370500 0.015000 0.013000
0 0.550000 0.520500 0.016000 0.024000
0 0.636000 0.660500 0.022000 0.016000
0 0.381000 0.480500 0.021000 0.020000
0 0.187000 0.565500 0.015000 0.013000
0 0.457500 0.257000 0.028000 0.026000
0 0.528000 0.137500 0.026000 0.026000
0 0.415000 0.587500 0.028000 0.029000
0 0.460000 0.458500 0.019000 0.014000
0 0.422000 0.470000 0.029000 0.026000
0 0.805000 0.678500 0.022000 0.021000
0 0.411500 0.784000 0.019000 0.014000
0 0.319000 0.463500 0.016000 0.022000
0 0.697500 0.155000 0.027000 0.021000
0 0.556500 0.592500 0.021000 0.021000
0 0.466000 0.672500 0.019000 0.019000
0 0.494000 0.669500 0.013000 0.013000
0 0.766000 0.387500 0.024000 0.026000
0 0.248500 0.558500 0.009000 0.015000
0 0.590000 0.465000 0.032000 0.031000
0 0.389500 0.671500 0.014000 0.016000
0 0.555000 0.566000 0.013000 0.018000
0 0.876000 0.350500 0.024000 0.026000
0 0.521500 0.325500 0.016000 0.019000
0 0.459500 0.501500 0.016000 0.015000
0 0.094500 0.454500 0.026000 0.025000
0 0.339000 0.651000 0.013000 0.011000
0 0.329500 0.733500 0.015000 0.015000
0 0.492500 0.890500 0.009000 0.011000
0 0.415500 0.394000 0.018000 0.014000
0 0.654000 0.338000 0.021000 0.023000
0 0.482500 0.825000 0.022000 0.028000
0 0.660500 0.752500 0.021000 0.017000
0 0.224500 0.688500 0.010000 0.010000
0 0.318000 0.497500 0.014000 0.012000
0 0.735500 0.415500 0.020000 0.014000
0 0.195500 0.512000 0.022000 0.021000
0 0.582500 0.407000 0.015000 0.019000
0 0.647000 0.873000 0.014000 0.016000
0 0.374000 0.421000 0.016000 0.022000
0 0.272000 0.813000 0.025000 0.023000
0 0.563000 0.262000 0.025000 0.027000
0 0.186000 0.438500 0.022000 0.017000
0 0.585000 0.138500 0.016000 0.022000
0 0.476500 0.182500 0.017000 0.020000
0 0.267500 0.178000 0.020000 0.026000
0 0.836500 0.353000 0.016000 0.013000
0 0.515000 0.112500 0.009000 0.009000
0 0.504000 0.779500 0.016000 0.017000
0 0.535500 0.111500 0.015000 0.016000
0 0.377000 0.514000 0.018000 0.013000
0 0.447000 0.595000 0.014000 0.010000
0 0.436500 0.544500 0.017000 0.023000
0 0.539000 0.873500 0.024000 0.025000
0 0.851500 0.374500 0.016000 0.015000
0 0.678000 0.842500 0.020000 0.023000
0 0.833500 0.666500 0.023000 0.022000
0 0.887500 0.339000 0.020000 0.012000
0 0.281500 0.158500 0.012000 0.018000
0 0.086000 0.472500 0.025000 0.027000
0 0.543500 0.451000 0.017000 0.016000
0 0.450000 0.271000 0.022000 0.023000
0 0.413000 0.482000 0.025000 0.028000
0 0.305500 0.194000 0.010000 0.011000
0 0.517500 0.088000 0.018000 0.025000
0 0.592500 0.403500 0.024000 0.023000
0 0.104000 0.611000 0.021000 0.019000
0 0.765000 0.734000 0.016000 0.016000
0 0.238000 0.614500 0.016000 0.009000
0 0.690000 0.607000 0.019000 0.013000
0 0.231000 0.608500 0.021000 0.020000
0 0.434500 0.500500 0.029000 0.026000
0 0.506000 0.575500 0.013000 0.016000
0 0.277500 0.527500 0.024000 0.025000
0 0.326000 0.276500 0.019000 0.020000
0 0.354500 0.674500 0.009000 0.011000
0 0.463000 0.614500 0.015000 0.013000
0 0.468500 0.862750 0.012000 0.017500
0 0.350500 0.114000 0.030000 0.026000
0 0.137000 0.476500 0.019000 0.017000
0 0.543500 0.622000 0.017000 0.016000
0 0.592000 0.651000 0.015000 0.015000
0 0.308000 0.573000 0.017000 0.018000
0 0.693000 0.258500 0.026000 0.021000
0 0.522500 0.523000 0.020000 0.015000
0 0.713000 0.461000 0.018000 0.017000
0 0.272000 0.665000 0.018000 0.018000
0 0.774000 0.477500 0.016000 0.013000
0 0.199500 0.641000 0.024000 0.026000
0 0.582000 0.342000 0.019000 0.019000
0 0.728000 0.546000 0.021000 0.012000
0 0.623500 0.736000 0.020000 0.028000
0 0.135000 0.656500 0.011000 0.011000
0 0.483000 0.537000 0.022000 0.022000
0 0.267000 0.362500 0.019000 0.023000
0 0.357500 0.403500 0.025000 0.026000
0 0.297000 0.775500 0.032000 0.018000
0 0.434500 0.405500 0.029000 0.032000
0 0.250000 0.452000 0.022000 0.020000
0 0.555000 0.784000 0.012000 0.011000
0 0.721000 0.580500 0.019000 0.018000
0 0.378000 0.575500 0.009000 0.013000
0 0.702000 0.512000 0.026000 0.022000
0 0.672000 0.683250 0.016000 0.020500
0 0.528000 0.746500 0.024000 0.025000
0 0.542000 0.588000 0.023000 0.019000
0 0.244250 0.252250 0.028500 0.028500
0 0.570500 0.526500 0.021000 0.017000
0 0.605500 0.323500 0.019000 0.013000
0 0.746000 0.302500 0.017000 0.014000
0 0.498500 0.689500 0.016000 0.014000
0 0.305500 0.595500 0.011000 0.010000
0 0.414500 0.595000 0.015000 0.016000
0 0.491500 0.707500 0.016000 0.015000
0 0.863750 0.557000 0.011500 0.008000
0 0.586000 0.697500 0.011000 0.011000
0 0.661500 0.200500 0.019000 0.020000
0 0.458500 0.330000 0.013000 0.014000
0 0.787250 0.335000 0.023500 0.017000
0 0.632000 0.457500 0.019000 0.017000
0 0.749500 0.798500 0.019000 0.031000
0 0.102000 0.400000 0.013000 0.015000
0 0.579250 0.511500 0.026500 0.018000
0 0.677000 0.264000 0.012000 0.011000
0 0.519500 0.471500 0.015000 0.013000
0 0.171500 0.447000 0.009000 0.010000
0 0.264250 0.435000 0.029500 0.020000
0 0.844500 0.682500 0.031000 0.030000
0 0.499250 0.495250 0.030500 0.029500
0 0.404500 0.481250 0.017000 0.023500
0 0.589000 0.286500 0.015000 0.018000
0 0.636500 0.772000 0.014000 0.012000
0 0.583500 0.496000 0.011000 0.016000
0 0.607000 0.395500 0.013000 0.014000
0 0.602000 0.197500 0.028000 0.028000
0 0.510250 0.174000 0.014500 0.013000
0 0.722000 0.813500 0.023000 0.021000
0 0.486500 0.352500 0.028000 0.027000
0 0.243000 0.659000 0.035000 0.034000
0 0.325000 0.342000 0.016000 0.017000
0 0.657000 0.604500 0.022000 0.018000
0 0.390500 0.774000 0.012000 0.017000
0 0.404000 0.821000 0.019000 0.020000
0 0.504000 0.534000 0.026000 0.028000
0 0.181500 0.290500 0.012000 0.012000
0 0.231000 0.328500 0.020000 0.029000
0 0.609000 0.611000 0.029000 0.030000
0 0.694000 0.614500 0.020000 0.021000
0 0.307000 0.447000 0.011000 0.016000
0 0.227500 0.710000 0.011000 0.011000
0 0.498500 0.615500 0.015000 0.012000
0 0.527500 0.581500 0.016000 0.017000
0 0.809500 0.464500 0.021000 0.024000
0 0.413000 0.201500 0.025000 0.019000
0 0.279000 0.389000 0.018000 0.018000
0 0.665000 0.603000 0.020000 0.017000
0 0.447000 0.804000 0.026000 0.020000
0 0.563000 0.433500 0.013000 0.012000
0 0.853000 0.568500 0.021000 0.021000
0 0.263000 0.258000 0.012000 0.013000
0 0.691500 0.713000 0.013000 0.013000
0 0.397500 0.357000 0.012000 0.018000
0 0.557500 0.464000 0.028000 0.025000
0 0.594500 0.590500 0.013000 0.013000
0 0.576000 0.732500 0.013000 0.012000
0 0.441500 0.404500 0.015000 0.015000
0 0.605000 0.573500 0.025000 0.023000
0 0.514500 0.855500 0.020000 0.014000
0 0.765500 0.679500 0.013000 0.017000
0 0.544000 0.353000 0.015000 0.012000
0 0.468500 0.508500 0.028000 0.029000
0 0.574000 0.670500 0.014000 0.013000
0 0.625500 0.519000 0.028000 0.029000
0 0.641000 0.210000 0.029000 0.026000
0 0.476000 0.375500 0.027000 0.029000
0 0.449000 0.430000 0.027000 0.033000
0 0.272000 0.455000 0.013000 0.018000
0 0.410000 0.214000 0.032000 0.025000
0 0.287000 0.482000 0.024000 0.025000
0 0.373000 0.358000 0.016000 0.026000
0 0.651500 0.813500 0.018000 0.019000
0 0.468500 0.574500 0.012000 0.011000
0 0.618500 0.190500 0.014000 0.015000
0 0.528500 0.306500 0.018000 0.016000
0 0.252000 0.527000 0.026000 0.023000
0 0.564500 0.646000 0.024000 0.021000
0 0.594500 0.375500 0.021000 0.016000
0 0.361500 0.322000 0.013000 0.011000
0 0.568500 0.398500 0.020000 0.025000
0 0.382000 0.465500 0.021000 0.031000
0 0.702500 0.377500 0.024000 0.021000
0 0.553000 0.292000 0.023000 0.023000
0 0.734500 0.443000 0.017000 0.016000
0 0.297500 0.432500 0.010000 0.017000
0 0.596000 0.486500 0.018000 0.028000
0 0.529500 0.562500 0.016000 0.014000
0 0.328000 0.417000 0.032000 0.018000
0 0.308000 0.738500 0.011000 0.014000
0 0.361000 0.607500 0.021000 0.029000
0 0.294000 0.356000 0.013000 0.015000
0 0.703500 0.794000 0.013000 0.012000
0 0.649000 0.620000 0.020000 0.017000
0 0.429000 0.232000 0.017000 0.020000
0 0.581000 0.332000 0.017000 0.018000
0 0.581500 0.283000 0.019000 0.019000
0 0.722000 0.215000 0.022000 0.024000
0 0.250500 0.402000 0.020000 0.016000
0 0.698000 0.388500 0.016000 0.024000
0 0.910500 0.520000 0.027000 0.034000
0 0.268500 0.742000 0.026000 0.024000
0 0.319000 0.517000 0.021000 0.020000
0 0.486500 0.477000 0.017000 0.017000
0 0.505000 0.502500 0.014000 0.012000
0 0.384500 0.756500 0.020000 0.020000
0 0.642500 0.343500 0.016000 0.013000
0 0.661500 0.340000 0.020000 0.017000
0 0.707750 0.321000 0.029500 0.020000
0 0.453000 0.282000 0.033000 0.036000
0 0.615000 0.630000 0.013000 0.012000
0 0.235000 0.802500 0.019000 0.025000
0 0.340500 0.292500 0.027000 0.022000
0 0.322500 0.181000 0.018000 0.011000
0 0.566500 0.601000 0.016000 0.018000
0 0.586500 0.461000 0.019000 0.021000
0 0.537500 0.556500 0.014000 0.015000
0 0.477500 0.346000 0.022000 0.028000
0 0.232000 0.503500 0.020000 0.021000
0 0.404500 0.455500 0.022000 0.031000
0 0.471000 0.774000 0.025000 0.027000
0 0.615000 0.483000 0.019000 0.018000
0 0.446000 0.237000 0.014000 0.015000
0 0.301000 0.734500 0.012000 0.009000
0 0.693000 0.624000 0.020000 0.027000
0 0.788000 0.371500 0.023000 0.016000
0 0.550500 0.314000 0.031000 0.031000
0 0.610000 0.556500 0.015000 0.019000
0 0.656500 0.249000 0.017000 0.017000
0 0.458000 0.464500 0.020000 0.020000
0 0.319500 0.526750 0.019000 0.026500
0 0.699000 0.179500 0.028000 0.031000
0 0.420500 0.515000 0.010000 0.009000
0 0.393000 0.463000 0.019000 0.014000
0 0.548500 0.709000 0.014000 0.015000
0 0.714500 0.238000 0.022000 0.025000
0 0.586000 0.607500 0.027000 0.031000
0 0.359000 0.422000 0.014000 0.014000
0 0.401500 0.472000 0.034000 0.032000
0 0.667000 0.808000 0.016000 0.015000
0 0.882000 0.629500 0.017000 0.015000
0 0.315000 0.486500 0.021000 0.026000
0 0.490000 0.449500 0.012000 0.016000
0 0.525000 0.115000 0.009000 0.010000
0 0.571000 0.832500 0.009000 0.009000
0 0.380000 0.629000 0.019000 0.016000
0 0.602000 0.346500 0.024000 0.025000
0 0.440000 0.489500 0.017000 0.018000
0 0.185500 0.730500 0.018000 0.015000
0 0.290000 0.483500 0.022000 0.020000
0 0.782500 0.746000 0.017000 0.017000
0 0.138500 0.336000 0.025000 0.023000
0 0.387500 0.362000 0.015000 0.017000
0 0.107500 0.370000 0.020000 0.021000
0 0.449000 0.257000 0.013000 0.017000
0 0.857500 0.517500 0.021000 0.027000
0 0.595000 0.265500 0.018000 0.018000
0 0.437000 0.422000 0.018000 0.017000
0 0.395000 0.401500 0.024000 0.026000
0 0.111500 0.555500 0.029000 0.032000
0 0.423000 0.572000 0.018000 0.021000
0 0.665000 0.531000 0.017000 0.019000
0 0.885500 0.502500 0.015000 0.016000
0 0.679000 0.401500 0.019000 0.017000
0 0.414000 0.132000 0.011000 0.012000
0 0.433500 0.748000 0.028000 0.030000
0 0.494500 0.128500 0.022000 0.019000
0 0.667500 0.328500 0.023000 0.030000
0 0.587500 0.395000 0.029000 0.027000
0 0.454000 0.497000 0.029000 0.026000
0 0.428500 0.356500 0.023000 0.021000
0 0.518500 0.414500 0.022000 0.012000
0 0.366000 0.732500 0.025000 0.021000
0 0.398250 0.769500 0.023500 0.022000
0 0.619000 0.527000 0.022000 0.018000
0 0.657500 0.491500 0.013000 0.014000
0 0.379500 0.532500 0.014000 0.014000
0 0.416500 0.508000 0.027000 0.028000
0 0.423000 0.372500 0.016000 0.013000
0 0.502000 0.506000 0.017000 0.026000
0 0.513500 0.598000 0.017000 0.014000
0 0.575500 0.890000 0.021000 0.015000
0 0.635500 0.719000 0.023000 0.033000
0 0.521000 0.608000 0.010000 0.011000
0 0.585250 0.400500 0.017500 0.012000
0 0.198000 0.615000 0.014000 0.013000
0 0.329500 0.487500 0.029000 0.026000
0 0.736000 0.752500 0.016000 0.016000
0 0.577500 0.260000 0.025000 0.019000
0 0.816500 0.296500 0.025000 0.021000
0 0.539000 0.388000 0.012000 0.012000
0 0.470000 0.172000 0.032000 0.027000
0 0.187000 0.633000 0.009000 0.013000
0 0.843000 0.319500 0.029000 0.034000
0 0.388500 0.629000 0.026000 0.029000
0 0.753500 0.390500 0.021000 0.029000
0 0.438500 0.707500 0.026000 0.024000
0 0.469500 0.379000 0.019000 0.018000
0 0.409000 0.205500 0.030000 0.035000
0 0.614000 0.149000 0.013000 0.013000
0 0.620000 0.624000 0.027000 0.024000
0 0.420000 0.649000 0.018000 0.018000
0 0.439000 0.147750 0.024000 0.035500
0 0.822000 0.678000 0.010000 0.014000
0 0.412500 0.514500 0.013000 0.014000
0 0.501000 0.490000 0.028000 0.022000
0 0.535500 0.823500 0.022000 0.022000
0 0.464500 0.372500 0.022000 0.022000
0 0.443500 0.681500 0.024000 0.022000
0 0.502500 0.672000 0.012000 0.014000
0 0.283000 0.186000 0.025000 0.025000
0 0.789500 0.697500 0.024000 0.019000
0 0.534000 0.405000 0.025000 0.021000
0 0.139000 0.319500 0.022000 0.030000
0 0.170500 0.282500 0.022000 0.018000
0 0.418500 0.815000 0.029000 0.028000
0 0.451000 0.776500 0.018000 0.024000
0 0.481500 0.273500 0.030000 0.031000
0 0.650500 0.632000 0.028000 0.024000
0 0.686500 0.548000 0.026000 0.015000
0 0.573500 0.771500 0.024000 0.033000
0 0.462000 0.569500 0.026000 0.025000
0 0.759500 0.488500 0.019000 0.019000
0 0.575500 0.431500 0.017000 0.018000
0 0.387000 0.440000 0.011000 0.013000
0 0.907000 0.529500 0.026000 0.020000
0 0.220000 0.304500 0.018000 0.024000
0 0.340500 0.731500 0.012000 0.009000
0 0.100500 0.463500 0.018000 0.017000
0 0.573000 0.440000 0.012000 0.012000
0 0.682500 0.609500 0.023000 0.020000
0 0.406000 0.428000 0.029000 0.029000
0 0.445500 0.873000 0.013000 0.014000
0 0.246000 0.521000 0.030000 0.032000
0 0.396500 0.505000 0.012000 0.011000
0 0.746000 0.332000 0.029000 0.028000
0 0.339500 0.711500 0.023000 0.021000
0 0.560500 0.525000 0.020000 0.027000
0 0.712000 0.390000 0.027000 0.024000
0 0.466000 0.762000 0.029000 0.024000
0 0.331500 0.679500 0.019000 0.023000
0 0.704500 0.609500 0.018000 0.019000
0 0.471000 0.308250 0.018000 0.026500
0 0.329000 0.246000 0.017000 0.017000
0 0.457250 0.616500 0.020500 0.015000
0 0.499500 0.426000 0.018000 0.017000
0 0.462000 0.900500 0.021000 0.019000
0 0.445000 0.266000 0.026000 0.028000
0 0.781500 0.597000 0.017000 0.015000
0 0.491000 0.539000 0.014000 0.010000
0 0.298500 0.589500 0.021000 0.027000
0 0.543500 0.844500 0.019000 0.019000
0 0.687000 0.244500 0.010000 0.016000
0 0.116000 0.490000 0.021000 0.025000
0 0.582500 0.601000 0.018000 0.014000
0 0.449500 0.535000 0.020000 0.023000
0 0.566750 0.388500 0.023500 0.017000
0 0.455000 0.318500 0.021000 0.027000
0 0.249500 0.369500 0.016000 0.016000
0 0.580250 0.509500 0.011500 0.008000
0 0.255500 0.238000 0.026000 0.018000
0 0.157000 0.707250 0.020000 0.029500
0 0.803500 0.425000 0.019000 0.020000
0 0.613000 0.743500 0.021000 0.022000
0 0.512500 0.717500 0.015000 0.013000
0 0.473500 0.545500 0.010000 0.010000
0 0.298000 0.542000 0.016000 0.014000
0 0.301000 0.341500 0.020000 0.020000
0 0.682000 0.742000 0.019000 0.018000
0 0.576500 0.617750 0.016000 0.020500
0 0.820000 0.303500 0.023000 0.026000
0 0.470000 0.715500 0.018000 0.015000
0 0.571000 0.116000 0.017000 0.020000
0 0.356000 0.567500 0.010000 0.011000
0 0.469000 0.595000 0.021000 0.019000
0 0.619000 0.616000 0.015000 0.014000