0 0.474000 0.457000 0.025000 0.021000
0 0.574500 0.393000 0.022000 0.023000
0 0.451000 0.459000 0.020000 0.014000
0 0.555000 0.699000 0.011000 0.011000
0 0.462500 0.414000 0.021000 0.025000
0 0.155000 0.539500 0.010000 0.015000
0 0.341000 0.772000 0.022000 0.023000
0 0.441500 0.429500 0.021000 0.020000
0 0.482500 0.412500 0.021000 0.028000
0 0.636000 0.234000 0.011000 0.011000
0 0.357500 0.516000 0.026000 0.028000
0 0.191500 0.601000 0.031000 0.030000
0 0.275500 0.236500 0.011000 0.011000
0 0.285000 0.490000 0.014000 0.016000
0 0.307000 0.526500 0.027000 0.028000
0 0.603000 0.107000 0.011000 0.013000
0 0.262500 0.675500 0.018000 0.020000
0 0.192000 0.363500 0.028000 0.025000
0 0.512000 0.480500 0.019000 0.028000
0 0.131000 0.349000 0.014000 0.019000
0 0.541000 0.094000 0.022000 0.025000
0 0.307000 0.651000 0.018000 0.024000
0 0.286500 0.286500 0.023000 0.021000
0 0.442500 0.403000 0.021000 0.018000
0 0.253500 0.479750 0.014000 0.020500
0 0.791000 0.244500 0.024000 0.027000
0 0.414000 0.527500 0.015000 0.022000
0 0.488500 0.680500 0.026000 0.023000
0 0.335500 0.432000 0.019000 0.019000
0 0.531000 0.485500 0.015000 0.015000
0 0.565000 0.563000 0.021000 0.021000
0 0.780500 0.585500 0.019000 0.020000
0 0.468000 0.114000 0.027000 0.019000
0 0.632000 0.818000 0.016000 0.022000
0 0.613500 0.488000 0.030000 0.032000
0 0.433500 0.680500 0.010000 0.009000
0 0.411500 0.356500 0.028000 0.026000
0 0.226500 0.292500 0.018000 0.022000
0 0.654000 0.689000 0.018000 0.024000
0 0.212500 0.289500 0.028000 0.027000
0 0.750000 0.607000 0.019000 0.018000
0 0.212000 0.258000 0.019000 0.019000
0 0.500000 0.500000 0.017000 0.023000
0 0.589000 0.289000 0.012000 0.011000
0 0.544000 0.409500 0.012000 0.009000
0 0.590000 0.270000 0.025000 0.028000
0 0.418500 0.386500 0.016000 0.018000
0 0.422000 0.773500 0.017000 0.016000
0 0.204000 0.230000 0.019000 0.021000
0 0.387500 0.462000 0.016000 0.022000
0 0.434500 0.597500 0.022000 0.027000
0 0.450500 0.558500 0.017000 0.018000
0 0.276500 0.436500 0.018000 0.022000
0 0.561000 0.452500 0.030000 0.021000
0 0.424000 0.533000 0.012000 0.012000
0 0.521500 0.515000 0.032000 0.019000
0 0.467500 0.470000 0.016000 0.015000
0 0.258500 0.695000 0.014000 0.015000
0 0.513500 0.595500 0.018000 0.022000
0 0.514000 0.538500 0.014000 0.012000
0 0.648500 0.223000 0.034000 0.034000
0 0.665500 0.355000 0.016000 0.011000
0 0.489500 0.384750 0.013000 0.017500
0 0.595500 0.574000 0.011000 0.012000
0 0.614500 0.594500 0.010000 0.010000
0 0.438000 0.561000 0.032000 0.033000
0 0.640500 0.248000 0.013000 0.013000
0 0.447000 0.596500 0.027000 0.026000
0 0.547000 0.786500 0.019000 0.019000
0 0.301000 0.544500 0.017000 0.010000
0 0.370500 0.407500 0.019000 0.018000
0 0.420500 0.589000 0.026000 0.026000
0 0.441500 0.486500 0.015000 0.012000
0 0.891000 0.510000 0.016000 0.018000
0 0.322000 0.423000 0.015000 0.018000
0 0.789500 0.383000 0.031000 0.029000
0 0.177500 0.427500 0.014000 0.012000
0 0.169500 0.738500 0.011000 0.012000
0 0.349000 0.506500 0.025000 0.021000
0 0.243500 0.301000 0.013000 0.014000
0 0.587500 0.454500 0.016000 0.012000
0 0.510000 0.495000 0.024000 0.020000
0 0.131500 0.658500 0.015000 0.012000
0 0.470000 0.509000 0.014000 0.010000
0 0.651000 0.485500 0.014000 0.013000
0 0.544500 0.572000 0.018000 0.029000
0 0.302000 0.681000 0.010000 0.012000
0 0.490000 0.188000 0.023000 0.020000
0 0.539500 0.510000 0.019000 0.020000
0 0.530500 0.338000 0.021000 0.022000
0 0.414500 0.596500 0.011000 0.013000
0 0.504500 0.532500 0.022000 0.027000
0 0.307000 0.703000 0.010000 0.009000
0 0.464000 0.389000 0.013000 0.012000
0 0.489500 0.409500 0.016000 0.020000
0 0.274000 0.150000 0.018000 0.019000
0 0.520500 0.734500 0.022000 0.018000
0 0.428500 0.621000 0.013000 0.014000
0 0.558500 0.199000 0.027000 0.025000
0 0.434500 0.775000 0.014000 0.016000
0 0.239000 0.369000 0.022000 0.023000
0 0.604500 0.471000 0.009000 0.013000
0 0.566000 0.698500 0.023000 0.023000
0 0.864000 0.637500 0.022000 0.021000
0 0.508000 0.501500 0.012000 0.012000
0 0.544000 0.589000 0.019000 0.028000
0 0.475000 0.761000 0.031000 0.032000
0 0.441000 0.708000 0.012000 0.010000
0 0.308000 0.751250 0.016000 0.023500
0 0.707000 0.569000 0.027000 0.028000
0 0.504500 0.460000 0.026000 0.022000
0 0.510000 0.516000 0.026000 0.035000
0 0.387500 0.444750 0.019000 0.026500
0 0.488500 0.465000 0.014000 0.014000
0 0.595500 0.679000 0.011000 0.009000
0 0.356000 0.829500 0.027000 0.024000
0 0.567500 0.512000 0.012000 0.014000
0 0.734500 0.639000 0.023000 0.019000
0 0.830500 0.418000 0.015000 0.017000
0 0.698500 0.286000 0.029000 0.019000
0 0.356000 0.732000 0.021000 0.024000
0 0.683500 0.657000 0.021000 0.019000
0 0.357500 0.865000 0.017000 0.023000
0 0.912000 0.493000 0.019000 0.026000
0 0.397500 0.441000 0.012000 0.012000
0 0.868000 0.445000 0.017000 0.017000
0 0.347500 0.525500 0.028000 0.025000
0 0.809000 0.495500 0.017000 0.017000
0 0.559000 0.563500 0.017000 0.019000
0 0.150000 0.362000 0.019000 0.022000
0 0.611000 0.203500 0.009000 0.008000
0 0.509500 0.332500 0.015000 0.013000
0 0.337000 0.259500 0.031000 0.033000
0 0.591000 0.710500 0.017000 0.017000
0 0.096500 0.610000 0.022000 0.024000
0 0.156500 0.600500 0.030000 0.031000
0 0.405000 0.367500 0.032000 0.032000
0 0.712250 0.480750 0.016500 0.016500
0 0.544000 0.326000 0.017000 0.018000
0 0.896500 0.460000 0.021000 0.015000
0 0.576500 0.534500 0.026000 0.022000
0 0.433500 0.534500 0.019000 0.017000
0 0.328000 0.517500 0.009000 0.011000
0 0.130000 0.522000 0.026000 0.024000
0 0.504500 0.487500 0.024000 0.023000
0 0.586500 0.638500 0.014000 0.013000
0 0.248500 0.822500 0.027000 0.023000
0 0.207000 0.672000 0.023000 0.019000
0 0.427500 0.284750 0.012000 0.017500
0 0.522000 0.450000 0.015000 0.011000
0 0.812000 0.475000 0.032000 0.026000
0 0.472000 0.505500 0.017000 0.016000
0 0.485500 0.740000 0.026000 0.026000
0 0.563500 0.113000 0.012000 0.010000
0 0.433500 0.490500 0.031000 0.029000
0 0.457000 0.333500 0.010000 0.016000
0 0.217000 0.244500 0.028000 0.030000
0 0.544000 0.656500 0.029000 0.032000
0 0.543000 0.471500 0.018000 0.016000
0 0.569500 0.680000 0.011000 0.012000
0 0.130000 0.463000 0.026000 0.023000
0 0.680000 0.559000 0.016000 0.014000
0 0.342000 0.517000 0.016000 0.018000
0 0.532500 0.384500 0.013000 0.017000
0 0.833000 0.602500 0.026000 0.022000
0 0.855500 0.584500 0.013000 0.015000
0 0.663000 0.393000 0.021000 0.021000
0 0.581500 0.478500 0.026000 0.031000
0 0.855500 0.621500 0.022000 0.022000
0 0.374000 0.384000 0.017000 0.017000
0 0.604500 0.369000 0.014000 0.015000
0 0.629500 0.393500 0.019000 0.020000
0 0.362500 0.586000 0.034000 0.027000
0 0.255000 0.616000 0.019000 0.020000
0 0.736500 0.393500 0.014000 0.010000
0 0.410500 0.648000 0.017000 0.016000
0 0.757000 0.591500 0.025000 0.032000
0 0.298500 0.397500 0.012000 0.011000
0 0.478000 0.108500 0.016000 0.016000
0 0.608500 0.341000 0.033000 0.033000
0 0.290000 0.342500 0.030000 0.028000
0 0.597500 0.552500 0.017000 0.020000
0 0.414500 0.330500 0.009000 0.010000
0 0.327000 0.587000 0.027000 0.027000
0 0.617500 0.401500 0.028000 0.024000
0 0.314500 0.583000 0.017000 0.024000
0 0.295500 0.271000 0.021000 0.025000
0 0.504000 0.513500 0.012000 0.014000
0 0.732500 0.303500 0.019000 0.020000
0 0.639500 0.258500 0.017000 0.020000
0 0.491000 0.525500 0.012000 0.012000
0 0.107000 0.596500 0.012000 0.012000
0 0.468000 0.323000 0.015000 0.015000
0 0.793500 0.502500 0.016000 0.021000
0 0.317000 0.682500 0.016000 0.012000
0 0.522500 0.489000 0.011000 0.016000
0 0.487500 0.496500 0.022000 0.023000
0 0.249750 0.553500 0.011500 0.008000
0 0.569000 0.387000 0.012000 0.013000
0 0.447500 0.415000 0.016000 0.014000
0 0.223000 0.722500 0.022000 0.026000
0 0.799000 0.676500 0.013000 0.017000
0 0.657000 0.584500 0.014000 0.015000
0 0.083500 0.472500 0.018000 0.013000
0 0.551500 0.456500 0.015000 0.022000
0 0.735500 0.430000 0.018000 0.022000
0 0.610500 0.425500 0.012000 0.013000
0 0.631500 0.494000 0.022000 0.028000
0 0.461500 0.420000 0.018000 0.016000
0 0.202000 0.447500 0.019000 0.025000
0 0.730500 0.610500 0.029000 0.027000
0 0.468000 0.300000 0.015000 0.016000
0 0.355000 0.548500 0.021000 0.024000
0 0.701000 0.632000 0.024000 0.021000
0 0.701500 0.428000 0.025000 0.022000
0 0.512500 0.444500 0.016000 0.013000
0 0.355000 0.431500 0.023000 0.024000
0 0.792000 0.611500 0.010000 0.013000
0 0.684000 0.687000 0.013000 0.014000
0 0.574500 0.671500 0.015000 0.017000
0 0.810500 0.661000 0.012000 0.013000
0 0.919500 0.502500 0.011000 0.016000
0 0.326500 0.479500 0.015000 0.016000
0 0.692250 0.395000 0.020500 0.016000
0 0.615500 0.733000 0.026000 0.024000
0 0.416000 0.724500 0.020000 0.025000
0 0.324500 0.531500 0.014000 0.014000
0 0.511000 0.690500 0.020000 0.020000
0 0.400500 0.553000 0.023000 0.023000
0 0.597000 0.795500 0.014000 0.016000
0 0.329500 0.603500 0.035000 0.021000
0 0.244000 0.562000 0.021000 0.023000
0 0.292000 0.361000 0.013000 0.015000
0 0.471500 0.442500 0.015000 0.012000
0 0.572500 0.778000 0.015000 0.018000
0 0.576000 0.161500 0.024000 0.019000
0 0.555500 0.430500 0.015000 0.013000
0 0.745000 0.220500 0.024000 0.026000
0 0.485000 0.508000 0.014000 0.019000
0 0.554250 0.507000 0.029500 0.026000
0 0.851000 0.658500 0.020000 0.019000
0 0.577500 0.117000 0.018000 0.019000
0 0.428500 0.165500 0.027000 0.020000
0 0.453000 0.191000 0.009000 0.011000
0 0.347000 0.287000 0.025000 0.025000
0 0.411000 0.532500 0.022000 0.022000
0 0.360500 0.425000 0.023000 0.021000
0 0.567000 0.588500 0.028000 0.034000
0 0.672000 0.268500 0.018000 0.018000
0 0.773500 0.450000 0.024000 0.026000
0 0.462500 0.814500 0.016000 0.016000
0 0.232000 0.715500 0.029000 0.026000
0 0.615000 0.325500 0.027000 0.022000
0 0.431000 0.500500 0.015000 0.013000
0 0.492500 0.417000 0.016000 0.016000
0 0.624000 0.422500 0.021000 0.020000
0 0.617000 0.455000 0.014000 0.012000
0 0.210000 0.706000 0.019000 0.029000
0 0.495500 0.372500 0.017000 0.026000
0 0.650000 0.398000 0.008000 0.010000
0 0.397000 0.486000 0.028000 0.029000
0 0.446000 0.516000 0.022000 0.033000
0 0.345000 0.463000 0.023000 0.025000
0 0.431000 0.339500 0.018000 0.019000
0 0.408500 0.098000 0.017000 0.014000
0 0.498500 0.538500 0.033000 0.026000
0 0.275000 0.205500 0.017000 0.016000
0 0.628500 0.429000 0.017000 0.014000
0 0.632000 0.409500 0.016000 0.015000
0 0.533500 0.511500 0.016000 0.020000
0 0.639500 0.516000 0.015000 0.014000
0 0.492500 0.201500 0.021000 0.025000
0 0.264000 0.276500 0.022000 0.020000
0 0.738500 0.328000 0.019000 0.018000
0 0.553000 0.467500 0.009000 0.009000
0 0.157500 0.508500 0.018000 0.017000
0 0.538500 0.746500 0.020000 0.020000
0 0.564000 0.555500 0.022000 0.025000
0 0.523000 0.548000 0.015000 0.012000
0 0.566500 0.108500 0.026000 0.027000
0 0.818500 0.451500 0.012000 0.016000
0 0.707000 0.487000 0.019000 0.015000
0 0.805500 0.359500 0.013000 0.014000
0 0.531500 0.611500 0.025000 0.026000
0 0.259500 0.323000 0.016000 0.025000
0 0.810500 0.612000 0.024000 0.028000
0 0.642500 0.462500 0.025000 0.028000
0 0.343000 0.621000 0.016000 0.016000
0 0.668500 0.796500 0.019000 0.019000
0 0.540500 0.858500 0.019000 0.019000
0 0.896000 0.519000 0.018000 0.017000
0 0.437500 0.417000 0.017000 0.015000
0 0.413000 0.473000 0.017000 0.016000
0 0.611500 0.418750 0.019000 0.026500
0 0.707500 0.442500 0.016000 0.015000
0 0.506000 0.482000 0.018000 0.018000
0 0.467500 0.549500 0.018000 0.018000
0 0.400500 0.278000 0.013000 0.015000
0 0.257250 0.607000 0.026500 0.020000
0 0.101000 0.507000 0.031000 0.031000
0 0.200500 0.640000 0.021000 0.026000
0 0.648000 0.723500 0.012000 0.015000
0 0.411000 0.550000 0.023000 0.023000
0 0.505000 0.733500 0.014000 0.011000
0 0.732000 0.815000 0.026000 0.030000
0 0.695000 0.742500 0.019000 0.016000
0 0.588000 0.387000 0.024000 0.023000
0 0.581500 0.366500 0.028000 0.029000
0 0.329000 0.139500 0.024000 0.020000
0 0.464500 0.492000 0.012000 0.012000
0 0.703000 0.309500 0.021000 0.020000
0 0.809000 0.387500 0.027000 0.023000
0 0.683000 0.480250 0.018000 0.026500
0 0.777000 0.810000 0.032000 0.024000
0 0.555000 0.400500 0.015000 0.018000
0 0.545500 0.544500 0.025000 0.030000
0 0.263500 0.634000 0.030000 0.026000
0 0.803500 0.739500 0.014000 0.015000
0 0.694000 0.222000 0.021000 0.023000
0 0.474000 0.768000 0.021000 0.018000
0 0.500500 0.409000 0.012000 0.012000
0 0.153000 0.729000 0.018000 0.020000
0 0.332000 0.350000 0.018000 0.025000
0 0.458000 0.531000 0.024000 0.023000
0 0.445500 0.441000 0.019000 0.029000
0 0.549500 0.382500 0.014000 0.013000
0 0.118500 0.473000 0.031000 0.028000
0 0.597500 0.167000 0.008000 0.014000
0 0.573500 0.431000 0.021000 0.021000
0 0.713000 0.192500 0.016000 0.014000
0 0.111500 0.543000 0.022000 0.018000
0 0.512000 0.512000 0.022000 0.026000
0 0.184500 0.287000 0.015000 0.019000
0 0.448750 0.502000 0.026500 0.018000
0 0.684500 0.513000 0.019000 0.015000
0 0.499500 0.494000 0.011000 0.011000
0 0.098000 0.541500 0.016000 0.019000
0 0.206000 0.418000 0.029000 0.029000
0 0.469500 0.543500 0.013000 0.012000
0 0.425000 0.330000 0.016000 0.015000
0 0.347500 0.402250 0.018000 0.026500
0 0.549000 0.420500 0.033000 0.034000
0 0.410000 0.225500 0.017000 0.014000
0 0.769500 0.520000 0.017000 0.018000
0 0.538500 0.798500 0.030000 0.025000
0 0.345000 0.155000 0.025000 0.017000
0 0.313500 0.518500 0.015000 0.022000
0 0.443000 0.645000 0.016000 0.019000
0 0.723000 0.540500 0.017000 0.017000
0 0.712500 0.492500 0.020000 0.019000
0 0.113000 0.448000 0.014000 0.017000
0 0.487500 0.675500 0.025000 0.024000
0 0.397500 0.205500 0.024000 0.026000
0 0.507000 0.425000 0.009000 0.013000
0 0.177000 0.603000 0.014000 0.015000
0 0.393000 0.438000 0.019000 0.016000
0 0.696500 0.133500 0.010000 0.013000
0 0.612500 0.471000 0.014000 0.018000
0 0.639500 0.226000 0.028000 0.034000
0 0.846000 0.560500 0.017000 0.018000
0 0.392500 0.790500 0.020000 0.019000
0 0.501000 0.910000 0.016000 0.028000
0 0.705000 0.671000 0.023000 0.023000
0 0.162500 0.528000 0.019000 0.019000
0 0.688500 0.445000 0.018000 0.027000
0 0.367000 0.433750 0.015000 0.020500
0 0.489500 0.485500 0.023000 0.023000
0 0.384000 0.476500 0.018000 0.017000
0 0.362000 0.793000 0.024000 0.025000
0 0.596500 0.330000 0.018000 0.018000
0 0.588500 0.583000 0.027000 0.033000
0 0.451000 0.797000 0.022000 0.022000
0 0.750000 0.176500 0.020000 0.022000
0 0.591000 0.486500 0.012000 0.018000
0 0.395500 0.540000 0.012000 0.015000
0 0.460000 0.767500 0.014000 0.011000
0 0.261500 0.334000 0.020000 0.020000
0 0.533000 0.657000 0.018000 0.025000
0 0.188500 0.684500 0.033000 0.033000
0 0.423500 0.738500 0.025000 0.025000
0 0.422000 0.479000 0.019000 0.021000
0 0.676500 0.284000 0.021000 0.021000
0 0.479000 0.717500 0.016000 0.021000
0 0.340000 0.318500 0.015000 0.011000
0 0.123500 0.597000 0.025000 0.028000
0 0.529000 0.139000 0.016000 0.011000
0 0.501500 0.640000 0.017000 0.014000
0 0.707000 0.749000 0.034000 0.033000
0 0.383500 0.822500 0.025000 0.025000
0 0.296000 0.745500 0.026000 0.028000
0 0.474000 0.824500 0.015000 0.011000
0 0.381500 0.183500 0.028000 0.025000
0 0.195500 0.294500 0.015000 0.014000
0 0.642000 0.487000 0.019000 0.020000
0 0.172500 0.544500 0.024000 0.022000
0 0.567500 0.501000 0.025000 0.022000
0 0.873500 0.556500 0.027000 0.022000
0 0.411000 0.337500 0.018000 0.018000
0 0.312500 0.452000 0.014000 0.017000
0 0.744500 0.490500 0.025000 0.025000
0 0.236000 0.511000 0.011000 0.013000
0 0.377000 0.218000 0.015000 0.019000
0 0.596000 0.438500 0.024000 0.023000
0 0.316000 0.569000 0.015000 0.015000
0 0.406000 0.840500 0.026000 0.023000
0 0.295000 0.684500 0.030000 0.018000
0 0.727500 0.560000 0.018000 0.016000
0 0.588000 0.541000 0.014000 0.015000
0 0.216500 0.380500 0.015000 0.020000
0 0.792500 0.525500 0.013000 0.016000
0 0.315000 0.592500 0.022000 0.020000
0 0.576500 0.136500 0.016000 0.021000
0 0.185500 0.499500 0.025000 0.026000
0 0.381500 0.621500 0.020000 0.019000
0 0.680000 0.639500 0.011000 0.011000
0 0.326000 0.410250 0.025000 0.029500
0 0.572500 0.539000 0.023000 0.025000
0 0.607000 0.359000 0.015000 0.015000
0 0.455500 0.631000 0.018000 0.024000
0 0.312000 0.381000 0.026000 0.019000
0 0.457500 0.593500 0.021000 0.016000
0 0.798500 0.350000 0.015000 0.020000
0 0.652000 0.856000 0.021000 0.025000
0 0.505500 0.543500 0.022000 0.021000
0 0.475500 0.489000 0.020000 0.020000
0 0.297000 0.857500 0.016000 0.015000
0 0.446500 0.412500 0.022000 0.015000
0 0.527500 0.519000 0.031000 0.022000
0 0.828500 0.294500 0.031000 0.031000
0 0.610000 0.186000 0.024000 0.016000
0 0.166500 0.637500 0.028000 0.028000
0 0.641000 0.629000 0.012000 0.011000
0 0.728500 0.237000 0.026000 0.028000
0 0.489000 0.152500 0.011000 0.010000
0 0.635000 0.773500 0.024000 0.024000
0 0.146500 0.335000 0.019000 0.016000
0 0.504500 0.802000 0.011000 0.013000
0 0.553500 0.517500 0.013000 0.014000
0 0.482000 0.430500 0.016000 0.014000
0 0.265500 0.228000 0.021000 0.024000
0 0.380500 0.683000 0.024000 0.016000
0 0.532000 0.452500 0.028000 0.030000
0 0.792000 0.457500 0.019000 0.019000
0 0.428500 0.672500 0.011000 0.011000
0 0.862000 0.548500 0.012000 0.015000
0 0.457500 0.404500 0.016000 0.018000
0 0.552500 0.485500 0.028000 0.028000
0 0.549000 0.626000 0.013000 0.012000
0 0.873500 0.452000 0.017000 0.016000
0 0.572000 0.168000 0.020000 0.021000
0 0.257500 0.386000 0.027000 0.021000
0 0.816500 0.514500 0.016000 0.018000
0 0.517000 0.135000 0.014000 0.014000
0 0.408500 0.771500 0.015000 0.020000
0 0.251500 0.424500 0.010000 0.015000
0 0.145500 0.402000 0.011000 0.012000
0 0.549500 0.575500 0.014000 0.015000
0 0.632000 0.358000 0.018000 0.019000
0 0.419000 0.402000 0.012000 0.015000
0 0.782000 0.231000 0.024000 0.024000
0 0.809000 0.423000 0.026000 0.025000
0 0.459500 0.519000 0.023000 0.025000
0 0.824500 0.301250 0.014000 0.020500
0 0.307500 0.350500 0.019000 0.020000
0 0.382000 0.581500 0.031000 0.030000
0 0.526500 0.535500 0.019000 0.014000
0 0.459750 0.095500 0.026500 0.019000
0 0.456000 0.534000 0.014000 0.014000
0 0.519500 0.779500 0.028000 0.019000
0 0.700000 0.251000 0.014000 0.012000
0 0.696500 0.249000 0.014000 0.014000
0 0.374500 0.509500 0.027000 0.028000
0 0.878500 0.399500 0.012000 0.017000
0 0.599500 0.701500 0.011000 0.015000
0 0.446500 0.716000 0.019000 0.024000
0 0.452500 0.210000 0.023000 0.022000
0 0.631000 0.800500 0.015000 0.013000
0 0.252000 0.325000 0.022000 0.023000
0 0.459000 0.560500 0.028000 0.025000
0 0.613500 0.775500 0.013000 0.011000
0 0.648500 0.117500 0.024000 0.026000
0 0.672000 0.276500 0.024000 0.026000
0 0.583500 0.461000 0.017000 0.014000
0 0.305500 0.298500 0.028000 0.027000
0 0.459500 0.574500 0.020000 0.014000
0 0.261500 0.598000 0.009000 0.009000
0 0.765000 0.563500 0.018000 0.025000
0 0.492000 0.228000 0.015000 0.013000
0 0.161000 0.712500 0.019000 0.018000
0 0.767500 0.636000 0.018000 0.022000
0 0.430000 0.440000 0.018000 0.015000
0 0.581500 0.627000 0.013000 0.014000
0 0.512000 0.624000 0.024000 0.025000
0 0.473500 0.378500 0.022000 0.021000
0 0.818000 0.286500 0.032000 0.022000
0 0.592000 0.501000 0.022000 0.020000
0 0.410000 0.514000 0.021000 0.023000
0 0.128000 0.391500 0.015000 0.012000
0 0.346500 0.580500 0.017000 0.017000
0 0.425000 0.464000 0.012000 0.008000
0 0.489500 0.468500 0.013000 0.011000
0 0.254500 0.271000 0.030000 0.032000
0 0.803500 0.466500 0.012000 0.010000
0 0.409500 0.482000 0.024000 0.020000
0 0.592500 0.481000 0.017000 0.014000
0 0.680000 0.791500 0.035000 0.027000
0 0.713500 0.695000 0.016000 0.012000
0 0.390000 0.263000 0.019000 0.021000
0 0.338500 0.461000 0.025000 0.019000
0 0.874000 0.579000 0.031000 0.022000
0 0.216000 0.556000 0.020000 0.018000
0 0.356500 0.567000 0.015000 0.018000
0 0.262000 0.583500 0.013000 0.019000
0 0.481000 0.484000 0.021000 0.019000
0 0.766500 0.338500 0.023000 0.022000
0 0.506000 0.594500 0.013000 0.013000
0 0.611500 0.294500 0.017000 0.017000
0 0.393500 0.865000 0.024000 0.020000
0 0.863500 0.338500 0.026000 0.022000
0 0.686000 0.500500 0.020000 0.020000
0 0.724000 0.652500 0.016000 0.020000
0 0.444000 0.851500 0.017000 0.017000
0 0.551500 0.219000 0.016000 0.016000
0 0.528500 0.435500 0.021000 0.019000
0 0.507000 0.570000 0.022000 0.020000
0 0.435500 0.721000 0.029000 0.027000
0 0.759000 0.324500 0.024000 0.024000
0 0.352000 0.857500 0.017000 0.021000
0 0.582000 0.262500 0.020000 0.022000
0 0.518500 0.432500 0.014000 0.015000
0 0.393000 0.780500 0.016000 0.019000
0 0.787000 0.502000 0.014000 0.011000
0 0.169000 0.604000 0.015000 0.015000
0 0.482500 0.340000 0.018000 0.017000
0 0.205500 0.490000 0.023000 0.021000
0 0.086000 0.559500 0.010000 0.011000
0 0.569000 0.658500 0.018000 0.019000
0 0.545500 0.604000 0.024000 0.021000
0 0.546000 0.519000 0.019000 0.019000
0 0.323000 0.734500 0.018000 0.022000
0 0.526500 0.514000 0.009000 0.011000
0 0.348500 0.536500 0.014000 0.012000
0 0.591500 0.420000 0.027000 0.014000
0 0.497500 0.689500 0.022000 0.026000
0 0.647500 0.434500 0.030000 0.031000
0 0.181500 0.365500 0.012000 0.011000
0 0.492500 0.641500 0.012000 0.013000
0 0.816000 0.532500 0.022000 0.023000
0 0.708500 0.353500 0.022000 0.021000
0 0.612500 0.220000 0.021000 0.022000
0 0.827500 0.334500 0.015000 0.017000
0 0.381500 0.458500 0.012000 0.012000
0 0.555000 0.126000 0.024000 0.025000
0 0.420000 0.811500 0.017000 0.021000
0 0.425000 0.524000 0.026000 0.024000