0 0.501000 0.703500 0.023000 0.020000
0 0.294500 0.150000 0.025000 0.023000
0 0.340000 0.723500 0.012000 0.014000
0 0.528500 0.547500 0.012000 0.012000
0 0.286500 0.716000 0.018000 0.029000
0 0.554500 0.705500 0.027000 0.021000
0 0.199500 0.508500 0.023000 0.024000
0 0.677500 0.391000 0.017000 0.018000
0 0.196000 0.619000 0.027000 0.028000
0 0.740500 0.545000 0.023000 0.027000
0 0.544000 0.647500 0.033000 0.025000
0 0.472000 0.531250 0.020000 0.029500
0 0.578750 0.513500 0.029500 0.026000
0 0.726500 0.656500 0.011000 0.014000
0 0.588500 0.546000 0.022000 0.026000
0 0.503500 0.452000 0.022000 0.022000
0 0.281500 0.449500 0.017000 0.022000
0 0.420500 0.513000 0.012000 0.012000
0 0.571500 0.581000 0.019000 0.025000
0 0.693000 0.162500 0.027000 0.025000
0 0.531500 0.511000 0.023000 0.023000
0 0.535500 0.094500 0.011000 0.012000
0 0.523000 0.487000 0.019000 0.015000
0 0.467500 0.220000 0.014000 0.014000
0 0.539000 0.452500 0.034000 0.034000
0 0.754500 0.236000 0.010000 0.010000
0 0.369000 0.450500 0.029000 0.028000
0 0.541500 0.528500 0.018000 0.016000
0 0.343500 0.477500 0.018000 0.016000
0 0.428500 0.428000 0.013000 0.012000
0 0.814500 0.613500 0.020000 0.027000
0 0.850500 0.287500 0.029000 0.032000
0 0.914000 0.437500 0.021000 0.022000
0 0.397000 0.451000 0.013000 0.015000
0 0.553500 0.460000 0.024000 0.027000
0 0.491500 0.443500 0.015000 0.015000
0 0.341500 0.301500 0.030000 0.025000
0 0.317500 0.467000 0.024000 0.026000
0 0.335500 0.218000 0.020000 0.025000
0 0.543500 0.583000 0.028000 0.020000
0 0.494000 0.490500 0.015000 0.013000
0 0.514500 0.525000 0.026000 0.026000
0 0.849000 0.349000 0.025000 0.025000
0 0.281000 0.191000 0.019000 0.022000
0 0.277000 0.609500 0.016000 0.017000
0 0.528000 0.514000 0.025000 0.028000
0 0.313000 0.744500 0.011000 0.012000
0 0.618000 0.735000 0.023000 0.023000
0 0.324000 0.588500 0.010000 0.015000
0 0.613250 0.632500 0.017500 0.012000
0 0.682000 0.293500 0.013000 0.008000
0 0.545000 0.378500 0.025000 0.025000
0 0.428500 0.518500 0.021000 0.019000
0 0.558500 0.455000 0.023000 0.023000
0 0.811500 0.523000 0.014000 0.015000
0 0.788500 0.637500 0.014000 0.012000
0 0.194500 0.728500 0.025000 0.025000
0 0.767000 0.641500 0.030000 0.034000
0 0.307500 0.536000 0.013000 0.014000
0 0.262000 0.715500 0.025000 0.023000
0 0.755500 0.285000 0.016000 0.017000
0 0.683000 0.553500 0.020000 0.015000
0 0.547000 0.274000 0.011000 0.011000
0 0.512500 0.096000 0.017000 0.017000
0 0.585500 0.555500 0.016000 0.015000
0 0.318000 0.435000 0.022000 0.029000
0 0.303500 0.242000 0.030000 0.028000
0 0.476500 0.497500 0.017000 0.019000
0 0.842500 0.323500 0.021000 0.021000
0 0.510500 0.538500 0.029000 0.028000
0 0.169000 0.286000 0.033000 0.033000
0 0.589000 0.899000 0.012000 0.012000
0 0.637500 0.873000 0.009000 0.011000
0 0.549000 0.822000 0.012000 0.013000
0 0.141000 0.382500 0.024000 0.023000
0 0.496000 0.642500 0.016000 0.016000
0 0.398000 0.206500 0.031000 0.032000
0 0.260000 0.160000 0.028000 0.029000
0 0.690500 0.411500 0.027000 0.028000
0 0.878500 0.425000 0.023000 0.019000
0 0.468000 0.295500 0.015000 0.022000
0 0.111500 0.401500 0.013000 0.019000
0 0.612000 0.716500 0.026000 0.025000
0 0.519500 0.525000 0.023000 0.026000
0 0.608500 0.411500 0.024000 0.016000
0 0.314000 0.555500 0.012000 0.014000
0 0.532000 0.486500 0.024000 0.025000
0 0.138500 0.634500 0.014000 0.013000
0 0.576000 0.255500 0.009000 0.012000
0 0.337000 0.478000 0.021000 0.016000
0 0.442500 0.526500 0.016000 0.021000
0 0.664500 0.704500 0.013000 0.014000
0 0.240500 0.725000 0.018000 0.018000
0 0.485000 0.353000 0.018000 0.026000
0 0.541500 0.258000 0.017000 0.013000
0 0.596250 0.490000 0.014500 0.010000
0 0.371000 0.589500 0.017000 0.025000
0 0.495000 0.510500 0.028000 0.030000
0 0.659500 0.292000 0.020000 0.017000
0 0.504500 0.541500 0.019000 0.018000
0 0.529500 0.566500 0.024000 0.020000
0 0.448000 0.602500 0.027000 0.025000
0 0.315000 0.598500 0.024000 0.017000
0 0.179500 0.255000 0.020000 0.018000
0 0.428000 0.525500 0.017000 0.018000
0 0.489500 0.425500 0.016000 0.018000
0 0.357500 0.597500 0.019000 0.017000
0 0.450500 0.512000 0.030000 0.026000
0 0.737500 0.609500 0.030000 0.029000
0 0.365000 0.594000 0.011000 0.011000
0 0.611000 0.325000 0.015000 0.015000
0 0.548000 0.388000 0.035000 0.030000
0 0.479000 0.493500 0.010000 0.010000
0 0.509000 0.512000 0.015000 0.013000
0 0.635500 0.883500 0.029000 0.030000
0 0.500000 0.536500 0.029000 0.029000
0 0.908000 0.513000 0.022000 0.024000
0 0.511000 0.486500 0.022000 0.023000
0 0.374000 0.609500 0.015000 0.015000
0 0.605500 0.312500 0.018000 0.021000
0 0.391500 0.523000 0.025000 0.020000
0 0.407500 0.481500 0.020000 0.015000
0 0.461000 0.472000 0.020000 0.025000
0 0.771500 0.624000 0.015000 0.015000
0 0.404500 0.159500 0.019000 0.021000
0 0.466500 0.571500 0.024000 0.017000
0 0.425000 0.739000 0.016000 0.012000
0 0.507000 0.500000 0.031000 0.021000
0 0.278500 0.390500 0.021000 0.016000
0 0.394500 0.413000 0.025000 0.023000
0 0.795000 0.484000 0.013000 0.015000
0 0.683500 0.629500 0.012000 0.011000
0 0.438500 0.301000 0.026000 0.029000
0 0.643500 0.529500 0.018000 0.018000
0 0.263000 0.314500 0.011000 0.011000
0 0.456000 0.449500 0.024000 0.025000
0 0.175500 0.438000 0.025000 0.031000
0 0.653500 0.732500 0.028000 0.030000
0 0.538750 0.609250 0.019500 0.019500
0 0.496000 0.733500 0.028000 0.028000
0 0.174000 0.402000 0.019000 0.022000
0 0.815500 0.258000 0.018000 0.019000
0 0.486500 0.533000 0.021000 0.020000
0 0.374000 0.147500 0.019000 0.015000
0 0.731500 0.285000 0.014000 0.009000
0 0.607500 0.383500 0.017000 0.017000
0 0.491500 0.484500 0.012000 0.015000
0 0.101000 0.507000 0.031000 0.024000
0 0.850500 0.552000 0.021000 0.017000
0 0.223000 0.309000 0.030000 0.020000
0 0.416500 0.379000 0.027000 0.020000
0 0.627000 0.474500 0.022000 0.017000
0 0.546500 0.702000 0.018000 0.023000
0 0.588500 0.484500 0.016000 0.022000
0 0.616500 0.383750 0.010000 0.011500
0 0.584000 0.695500 0.015000 0.016000
0 0.482250 0.310500 0.011500 0.009000
0 0.452500 0.521500 0.031000 0.026000
0 0.500500 0.500000 0.011000 0.010000
0 0.737000 0.352500 0.017000 0.015000
0 0.346000 0.687000 0.032000 0.029000
0 0.462000 0.482000 0.028000 0.025000
0 0.488500 0.407500 0.010000 0.009000
0 0.426000 0.194500 0.018000 0.019000
0 0.629000 0.294000 0.021000 0.023000
0 0.282500 0.696500 0.019000 0.021000
0 0.491500 0.446500 0.016000 0.011000
0 0.295500 0.513000 0.032000 0.033000
0 0.453000 0.304000 0.021000 0.026000
0 0.552000 0.442000 0.022000 0.019000
0 0.588500 0.365500 0.013000 0.016000
0 0.771500 0.571500 0.035000 0.036000
0 0.411000 0.491500 0.011000 0.015000
0 0.286000 0.468000 0.030000 0.022000
0 0.363500 0.606000 0.024000 0.018000
0 0.608000 0.487000 0.017000 0.018000
0 0.546500 0.617000 0.011000 0.015000
0 0.195000 0.688000 0.019000 0.022000
0 0.549000 0.559000 0.019000 0.015000
0 0.144000 0.526500 0.015000 0.014000
0 0.606000 0.167000 0.021000 0.025000
0 0.495500 0.528500 0.018000 0.014000
0 0.530000 0.794000 0.015000 0.013000
0 0.351000 0.701500 0.029000 0.027000
0 0.751000 0.711500 0.010000 0.009000
0 0.747500 0.412500 0.023000 0.024000
0 0.246500 0.648500 0.022000 0.021000
0 0.376500 0.250500 0.019000 0.018000
0 0.490000 0.275500 0.028000 0.027000
0 0.208000 0.714500 0.015000 0.015000
0 0.580500 0.376500 0.011000 0.012000
0 0.611500 0.341000 0.023000 0.017000
0 0.514500 0.477500 0.019000 0.018000
0 0.486500 0.387000 0.021000 0.016000
0 0.599000 0.295000 0.010000 0.010000
0 0.333500 0.424000 0.013000 0.014000
0 0.413000 0.431500 0.010000 0.010000
0 0.545500 0.428500 0.012000 0.015000
0 0.557500 0.888000 0.018000 0.023000
0 0.318000 0.653000 0.024000 0.025000
0 0.571000 0.395000 0.018000 0.017000
0 0.660500 0.254500 0.022000 0.022000
0 0.147000 0.389500 0.023000 0.023000
0 0.775500 0.626500 0.025000 0.025000
0 0.459750 0.627000 0.020500 0.014000
0 0.342000 0.418000 0.030000 0.033000
0 0.629000 0.737500 0.024000 0.029000
0 0.504000 0.601500 0.021000 0.023000
0 0.507000 0.230000 0.018000 0.018000
0 0.319000 0.506000 0.024000 0.032000
0 0.454000 0.437000 0.019000 0.021000
0 0.636000 0.308500 0.023000 0.034000
0 0.084500 0.531000 0.018000 0.018000
0 0.295000 0.160500 0.034000 0.028000
0 0.257500 0.415500 0.027000 0.027000
0 0.629000 0.235000 0.024000 0.025000
0 0.399000 0.397500 0.009000 0.013000
0 0.562000 0.748000 0.015000 0.015000
0 0.384500 0.536500 0.034000 0.031000
0 0.858000 0.288000 0.028000 0.024000
0 0.198500 0.529000 0.017000 0.014000
0 0.659500 0.736000 0.009000 0.013000
0 0.743500 0.345000 0.021000 0.022000
0 0.621000 0.165000 0.017000 0.017000
0 0.452500 0.538500 0.018000 0.021000
0 0.837000 0.455000 0.014000 0.026000
0 0.470000 0.556000 0.015000 0.015000
0 0.646500 0.851000 0.028000 0.032000
0 0.297500 0.809500 0.031000 0.030000
0 0.502500 0.520500 0.022000 0.021000
0 0.234500 0.332000 0.024000 0.035000
0 0.134500 0.492000 0.015000 0.019000
0 0.566750 0.113500 0.014500 0.011000
0 0.446000 0.465500 0.030000 0.028000
0 0.470250 0.823500 0.023500 0.017000
0 0.765000 0.673000 0.016000 0.016000
0 0.743000 0.561500 0.018000 0.016000
0 0.643000 0.823500 0.020000 0.021000
0 0.121000 0.557500 0.011000 0.017000
0 0.689000 0.438250 0.023000 0.029500
0 0.641000 0.406500 0.013000 0.015000
0 0.284500 0.684500 0.012000 0.011000
0 0.147000 0.473500 0.018000 0.018000
0 0.397000 0.484750 0.015000 0.020500
0 0.510500 0.336500 0.033000 0.026000
0 0.248500 0.478500 0.013000 0.013000
0 0.373000 0.300000 0.020000 0.025000
0 0.500500 0.633000 0.021000 0.024000
0 0.809500 0.281500 0.019000 0.022000
0 0.792500 0.608000 0.031000 0.028000
0 0.496000 0.575000 0.023000 0.025000
0 0.719500 0.191000 0.027000 0.020000
0 0.606000 0.705500 0.022000 0.022000
0 0.834000 0.281000 0.022000 0.026000
0 0.602000 0.606500 0.028000 0.022000
0 0.751000 0.224000 0.018000 0.019000
0 0.297500 0.739000 0.016000 0.021000
0 0.664500 0.320000 0.023000 0.020000
0 0.631750 0.571000 0.011500 0.008000
0 0.367000 0.502500 0.023000 0.025000
0 0.290500 0.477000 0.031000 0.032000
0 0.775500 0.296000 0.018000 0.016000
0 0.470500 0.455000 0.029000 0.028000
0 0.324500 0.519000 0.031000 0.031000
0 0.141750 0.546000 0.029500 0.020000
0 0.498500 0.558500 0.024000 0.021000
0 0.792000 0.684500 0.025000 0.026000
0 0.759000 0.682500 0.019000 0.019000
0 0.635000 0.701500 0.014000 0.015000
0 0.542500 0.517500 0.016000 0.012000
0 0.349000 0.297000 0.023000 0.026000
0 0.439500 0.503000 0.014000 0.019000
0 0.189500 0.626500 0.012000 0.015000
0 0.562500 0.567000 0.017000 0.018000
0 0.686500 0.305000 0.026000 0.023000
0 0.535000 0.581000 0.020000 0.017000
0 0.830500 0.601500 0.014000 0.013000
0 0.386000 0.422500 0.020000 0.023000
0 0.656000 0.505000 0.017000 0.019000
0 0.532500 0.500500 0.032000 0.030000
0 0.580000 0.489500 0.016000 0.015000
0 0.466000 0.463000 0.015000 0.016000
0 0.141500 0.405000 0.016000 0.020000
0 0.520000 0.424000 0.021000 0.021000
0 0.692500 0.172000 0.026000 0.030000
0 0.593000 0.561500 0.027000 0.022000
0 0.374500 0.805000 0.020000 0.019000
0 0.356500 0.187000 0.028000 0.026000
0 0.893000 0.537500 0.029000 0.033000
0 0.828000 0.589500 0.018000 0.016000
0 0.396500 0.652000 0.020000 0.022000
0 0.416500 0.752000 0.019000 0.025000
0 0.537500 0.562500 0.019000 0.017000
0 0.629500 0.220500 0.028000 0.030000
0 0.756500 0.693000 0.022000 0.019000
0 0.493000 0.389500 0.012000 0.016000
0 0.385000 0.210000 0.016000 0.021000
0 0.698000 0.256500 0.023000 0.016000
0 0.261000 0.218500 0.015000 0.024000
0 0.398500 0.628000 0.014000 0.014000
0 0.519500 0.508500 0.014000 0.013000
0 0.617000 0.566000 0.009000 0.010000
0 0.690500 0.393000 0.014000 0.019000
0 0.735500 0.530000 0.013000 0.013000
0 0.503500 0.567000 0.019000 0.019000
0 0.592000 0.858000 0.028000 0.022000
0 0.326000 0.360500 0.033000 0.033000
0 0.582500 0.260000 0.015000 0.014000
0 0.574000 0.824500 0.017000 0.030000
0 0.481500 0.458500 0.012000 0.013000
0 0.482500 0.151000 0.019000 0.019000
0 0.734000 0.384500 0.011000 0.018000
0 0.522500 0.825000 0.009000 0.008000
0 0.505500 0.362000 0.024000 0.019000
0 0.548000 0.225500 0.026000 0.023000
0 0.170500 0.521500 0.018000 0.018000
0 0.660000 0.628000 0.017000 0.017000
0 0.459000 0.771500 0.027000 0.027000
0 0.625500 0.420000 0.013000 0.012000
0 0.503000 0.384500 0.032000 0.026000
0 0.454500 0.495750 0.019000 0.020500
0 0.492000 0.532000 0.015000 0.022000
0 0.425500 0.551000 0.019000 0.024000
0 0.567500 0.559000 0.030000 0.031000
0 0.539000 0.503000 0.010000 0.008000
0 0.621750 0.482000 0.017500 0.012000
0 0.234500 0.391000 0.015000 0.019000
0 0.564500 0.491500 0.018000 0.020000
0 0.296250 0.557500 0.017500 0.013000
0 0.560500 0.740000 0.026000 0.027000
0 0.627500 0.835500 0.021000 0.016000
0 0.323000 0.454500 0.015000 0.011000
0 0.231000 0.795500 0.015000 0.016000
0 0.751000 0.384000 0.022000 0.024000
0 0.117500 0.364000 0.016000 0.017000
0 0.278000 0.379500 0.036000 0.027000
0 0.585000 0.752000 0.013000 0.011000
0 0.367500 0.341500 0.018000 0.013000
0 0.410000 0.633500 0.019000 0.021000
0 0.756000 0.315000 0.015000 0.019000
0 0.364500 0.371000 0.017000 0.014000
0 0.188500 0.572500 0.019000 0.018000
0 0.438500 0.714500 0.016000 0.016000
0 0.204500 0.375500 0.021000 0.022000
0 0.663500 0.300500 0.025000 0.025000
0 0.385500 0.405250 0.012000 0.014500
0 0.241500 0.237000 0.011000 0.012000
0 0.527000 0.503000 0.018000 0.021000
0 0.483500 0.503500 0.028000 0.022000
0 0.128000 0.356000 0.018000 0.018000
0 0.694500 0.143000 0.012000 0.014000
0 0.268000 0.179500 0.017000 0.015000
0 0.177500 0.605000 0.027000 0.023000
0 0.788000 0.282000 0.029000 0.029000
0 0.359500 0.716000 0.020000 0.016000
0 0.391500 0.644000 0.029000 0.028000
0 0.411500 0.781000 0.027000 0.023000
0 0.252000 0.323000 0.022000 0.021000
0 0.585500 0.173500 0.015000 0.010000
0 0.513000 0.467000 0.031000 0.030000
0 0.313000 0.479000 0.028000 0.024000
0 0.521000 0.566500 0.017000 0.020000
0 0.575500 0.740000 0.019000 0.020000
0 0.406500 0.510000 0.021000 0.024000
0 0.384000 0.524000 0.011000 0.011000
0 0.368500 0.481000 0.012000 0.012000
0 0.421500 0.491500 0.020000 0.017000
0 0.784500 0.493500 0.025000 0.017000
0 0.915500 0.497000 0.020000 0.025000
0 0.547500 0.744750 0.017000 0.020500
0 0.482500 0.573000 0.015000 0.014000
0 0.866750 0.573250 0.035500 0.035500
0 0.252000 0.750000 0.016000 0.018000
0 0.744000 0.405000 0.031000 0.035000
0 0.488000 0.396000 0.028000 0.032000
0 0.239500 0.518000 0.022000 0.020000
0 0.178500 0.452000 0.014000 0.010000
0 0.619000 0.636500 0.021000 0.013000
0 0.704000 0.455500 0.016000 0.017000
0 0.665500 0.479000 0.033000 0.033000
0 0.494000 0.695500 0.018000 0.014000
0 0.436000 0.485500 0.031000 0.019000
0 0.511000 0.510000 0.018000 0.020000
0 0.534000 0.793000 0.020000 0.020000
0 0.485000 0.489000 0.019000 0.020000
0 0.739500 0.259500 0.011000 0.011000
0 0.477500 0.434000 0.010000 0.013000
0 0.574500 0.574000 0.023000 0.019000
0 0.840000 0.465000 0.023000 0.022000
0 0.598000 0.191000 0.018000 0.018000
0 0.552500 0.612500 0.021000 0.021000
0 0.589500 0.830500 0.022000 0.016000
0 0.119000 0.542000 0.025000 0.023000
0 0.471500 0.422500 0.009000 0.011000
0 0.526000 0.334500 0.019000 0.018000
0 0.217000 0.592500 0.009000 0.010000
0 0.497500 0.462000 0.012000 0.011000
0 0.649500 0.359500 0.015000 0.014000
0 0.766000 0.196000 0.025000 0.027000
0 0.603500 0.573500 0.026000 0.019000
0 0.394250 0.651750 0.019500 0.019500
0 0.481500 0.479000 0.022000 0.025000
0 0.891000 0.555000 0.012000 0.012000
0 0.225000 0.455000 0.014000 0.011000
0 0.642000 0.211500 0.023000 0.020000
0 0.524000 0.478000 0.031000 0.028000
0 0.514000 0.559000 0.024000 0.019000
0 0.157000 0.450000 0.018000 0.023000
0 0.598000 0.536000 0.012000 0.016000
0 0.130000 0.324000 0.017000 0.013000
0 0.320500 0.535000 0.016000 0.013000
0 0.752500 0.495000 0.016000 0.016000
0 0.492000 0.522000 0.027000 0.025000
0 0.373500 0.382000 0.011000 0.010000
0 0.270500 0.721500 0.031000 0.025000
0 0.216000 0.473000 0.026000 0.027000
0 0.229500 0.477000 0.012000 0.013000
0 0.758500 0.532000 0.026000 0.026000
0 0.594000 0.510000 0.019000 0.020000
0 0.375500 0.647000 0.030000 0.027000
0 0.444500 0.482000 0.016000 0.023000
0 0.428000 0.250000 0.018000 0.016000
0 0.524500 0.592000 0.010000 0.014000
0 0.538000 0.544500 0.022000 0.024000
0 0.287000 0.342500 0.026000 0.020000
0 0.523000 0.323000 0.029000 0.031000
0 0.525500 0.390500 0.013000 0.023000
0 0.526500 0.247500 0.011000 0.011000
0 0.395000 0.570500 0.015000 0.017000
0 0.390000 0.313500 0.026000 0.027000
0 0.239000 0.420000 0.027000 0.027000
0 0.431500 0.608500 0.020000 0.020000
0 0.196000 0.738500 0.026000 0.022000
0 0.616500 0.593000 0.012000 0.012000
0 0.707000 0.739500 0.009000 0.012000
0 0.353000 0.238500 0.014000 0.012000
0 0.149000 0.628500 0.015000 0.014000
0 0.754500 0.612500 0.020000 0.024000
0 0.525000 0.532000 0.020000 0.023000
0 0.584500 0.153000 0.011000 0.014000
0 0.317500 0.412000 0.020000 0.018000
0 0.556000 0.301500 0.012000 0.017000
0 0.212000 0.686500 0.029000 0.023000
0 0.625000 0.444500 0.019000 0.022000
0 0.194000 0.647000 0.028000 0.027000
0 0.343000 0.261500 0.022000 0.020000
0 0.401500 0.178500 0.017000 0.018000
0 0.337500 0.435500 0.013000 0.019000
0 0.703000 0.180500 0.015000 0.012000
0 0.835500 0.700500 0.024000 0.022000
0 0.684500 0.208000 0.017000 0.018000
0 0.565000 0.474000 0.021000 0.018000
0 0.766000 0.472500 0.010000 0.013000
0 0.341500 0.745000 0.015000 0.015000
0 0.443500 0.676500 0.012000 0.015000
0 0.194500 0.457500 0.026000 0.023000
0 0.554000 0.109500 0.025000 0.026000
0 0.605000 0.858000 0.027000 0.022000
0 0.593000 0.428500 0.032000 0.031000
0 0.526500 0.413500 0.027000 0.023000
0 0.467500 0.614000 0.012000 0.012000
0 0.791500 0.443000 0.023000 0.020000
0 0.557500 0.473000 0.021000 0.023000
0 0.487500 0.844500 0.015000 0.016000
0 0.432000 0.335500 0.013000 0.014000
0 0.247000 0.716500 0.023000 0.019000
0 0.413000 0.576000 0.016000 0.023000
0 0.738500 0.516500 0.020000 0.020000
0 0.500000 0.570500 0.019000 0.021000
0 0.694000 0.663000 0.023000 0.028000
0 0.435000 0.439000 0.009000 0.012000
0 0.582000 0.486500 0.012000 0.013000
0 0.166000 0.308000 0.020000 0.021000
0 0.580500 0.434000 0.024000 0.026000
0 0.476500 0.359500 0.029000 0.030000
0 0.477500 0.732500 0.020000 0.020000
0 0.337000 0.244000 0.024000 0.023000
0 0.440000 0.761000 0.016000 0.014000
0 0.719000 0.417500 0.018000 0.018000
0 0.198000 0.297500 0.035000 0.033000
0 0.397000 0.600500 0.015000 0.015000
0 0.425500 0.540000 0.023000 0.022000
0 0.268000 0.509000 0.012000 0.011000
0 0.246250 0.489500 0.011500 0.008000
0 0.202500 0.689500 0.012000 0.018000
0 0.435000 0.512500 0.026000 0.023000
0 0.583000 0.528000 0.015000 0.010000
0 0.301500 0.470000 0.011000 0.014000
0 0.184000 0.610000 0.024000 0.020000
0 0.384000 0.815000 0.017000 0.018000
0 0.300500 0.320000 0.023000 0.021000
0 0.711500 0.753000 0.011000 0.012000
0 0.493000 0.759000 0.012000 0.013000
0 0.431500 0.460000 0.016000 0.016000
0 0.408000 0.416500 0.025000 0.033000
0 0.131000 0.523000 0.019000 0.030000
0 0.639250 0.345000 0.029500 0.021000
0 0.597000 0.610000 0.018000 0.014000
0 0.213000 0.640500 0.010000 0.009000
0 0.540000 0.434000 0.022000 0.018000
0 0.238500 0.438500 0.019000 0.022000
0 0.459500 0.716000 0.031000 0.027000
0 0.499000 0.494750 0.023000 0.026500
0 0.351500 0.165500 0.012000 0.012000
0 0.294000 0.548500 0.010000 0.012000
0 0.407500 0.472000 0.016000 0.019000
0 0.660500 0.605000 0.013000 0.011000
0 0.535000 0.477000 0.018000 0.016000
0 0.817500 0.435500 0.020000 0.018000
0 0.367750 0.855500 0.011500 0.008000
0 0.585000 0.427000 0.020000 0.020000
0 0.880500 0.362500 0.024000 0.025000
0 0.447000 0.504000 0.020000 0.019000
0 0.417000 0.368500 0.022000 0.016000
0 0.452500 0.848000 0.016000 0.017000
0 0.425500 0.499000 0.017000 0.017000
0 0.753000 0.396500 0.010000 0.010000
0 0.533500 0.655500 0.010000 0.014000
0 0.252000 0.636000 0.029000 0.029000
0 0.615500 0.647500 0.026000 0.028000
0 0.410000 0.176000 0.021000 0.018000
0 0.726000 0.808000 0.024000 0.024000
0 0.179000 0.449500 0.021000 0.021000
0 0.374000 0.521500 0.025000 0.022000
0 0.352500 0.339500 0.012000 0.011000
0 0.399500 0.340500 0.025000 0.031000
0 0.101000 0.451500 0.023000 0.023000
0 0.804000 0.376500 0.022000 0.019000
0 0.542000 0.624000 0.021000 0.029000
0 0.347500 0.224000 0.022000 0.021000
0 0.376500 0.581000 0.013000 0.018000
0 0.249500 0.683500 0.023000 0.019000
0 0.141500 0.638500 0.026000 0.027000
0 0.309000 0.294000 0.025000 0.017000
0 0.354500 0.389500 0.010000 0.011000
0 0.542000 0.309000 0.017000 0.018000
0 0.319500 0.395500 0.019000 0.017000
0 0.689500 0.739500 0.009000 0.009000
0 0.479500 0.582000 0.013000 0.015000
0 0.135000 0.651000 0.019000 0.025000
0 0.880000 0.472000 0.018000 0.021000
0 0.356500 0.480000 0.018000 0.021000
0 0.192500 0.773500 0.027000 0.022000
0 0.250000 0.179000 0.015000 0.012000
0 0.213000 0.502000 0.016000 0.015000
0 0.589500 0.253000 0.023000 0.023000
0 0.711000 0.542000 0.018000 0.015000
0 0.358000 0.306000 0.015000 0.014000
0 0.281500 0.160000 0.010000 0.011000
0 0.392000 0.570000 0.017000 0.014000
0 0.202250 0.402500 0.029500 0.021000
0 0.522000 0.723500 0.031000 0.032000
0 0.636000 0.417000 0.029000 0.032000
0 0.649000 0.674500 0.017000 0.016000
0 0.508000 0.117500 0.029000 0.028000
0 0.411500 0.707000 0.020000 0.016000
0 0.348000 0.610500 0.016000 0.018000
0 0.652500 0.667500 0.015000 0.015000
0 0.411500 0.595500 0.013000 0.012000
0 0.646500 0.465500 0.027000 0.032000
0 0.433000 0.637500 0.018000 0.019000
0 0.469000 0.751500 0.015000 0.022000
0 0.420000 0.413500 0.017000 0.016000
0 0.136000 0.464500 0.015000 0.017000
0 0.548000 0.084000 0.015000 0.024000
0 0.237500 0.298000 0.033000 0.028000
0 0.550500 0.382500 0.023000 0.025000
0 0.585000 0.582500 0.014000 0.014000
0 0.688500 0.169000 0.016000 0.011000
0 0.689000 0.591500 0.021000 0.021000
0 0.906000 0.606000 0.012000 0.012000
0 0.831500 0.378500 0.016000 0.014000
0 0.518500 0.341000 0.028000 0.019000
0 0.342000 0.173500 0.017000 0.021000
0 0.177000 0.764000 0.019000 0.019000
0 0.726000 0.356000 0.019000 0.019000
0 0.353500 0.431000 0.026000 0.027000
0 0.392000 0.369000 0.024000 0.022000
0 0.632000 0.517500 0.018000 0.016000
0 0.161500 0.273000 0.022000 0.018000
0 0.343500 0.644000 0.012000 0.014000
0 0.405000 0.411500 0.027000 0.025000
0 0.530500 0.446500 0.025000 0.029000
0 0.574000 0.526000 0.016000 0.023000
0 0.376000 0.472000 0.021000 0.022000
0 0.424250 0.829500 0.026500 0.018000
0 0.484000 0.715000 0.029000 0.027000
0 0.147500 0.707000 0.021000 0.017000
0 0.329000 0.599000 0.019000 0.016000
0 0.688000 0.511000 0.016000 0.017000
0 0.390000 0.500500 0.023000 0.023000
0 0.230000 0.338000 0.019000 0.018000
0 0.805500 0.765000 0.012000 0.016000
0 0.585000 0.327500 0.025000 0.021000
0 0.705000 0.402500 0.032000 0.032000
0 0.455500 0.645000 0.017000 0.026000
0 0.450500 0.578000 0.015000 0.014000
0 0.824000 0.748000 0.032000 0.031000
0 0.624000 0.623500 0.012000 0.011000
0 0.112500 0.429000 0.024000 0.026000
0 0.693500 0.496000 0.015000 0.013000
0 0.373500 0.768000 0.025000 0.020000
0 0.809000 0.495500 0.027000 0.025000
0 0.686500 0.378500 0.024000 0.026000
0 0.445000 0.492000 0.020000 0.022000
0 0.475500 0.464500 0.027000 0.025000
0 0.433500 0.124500 0.015000 0.015000
0 0.398500 0.550500 0.018000 0.019000
0 0.381500 0.620000 0.013000 0.012000
0 0.441500 0.550000 0.024000 0.025000
0 0.712000 0.204000 0.023000 0.022000
0 0.409500 0.362500 0.018000 0.021000
0 0.302500 0.565000 0.020000 0.018000
0 0.489500 0.510500 0.012000 0.010000
0 0.517500 0.715000 0.015000 0.021000
0 0.454000 0.269500 0.024000 0.026000
0 0.522500 0.441000 0.028000 0.021000
0 0.174500 0.336000 0.024000 0.020000
0 0.516500 0.365000 0.017000 0.019000
0 0.672000 0.584500 0.019000 0.016000
0 0.585000 0.624500 0.018000 0.014000
0 0.653000 0.530500 0.028000 0.023000
0 0.318500 0.679000 0.019000 0.025000
0 0.426500 0.443000 0.018000 0.018000
0 0.535500 0.145000 0.019000 0.026000
0 0.808000 0.622500 0.021000 0.028000
0 0.593000 0.352500 0.018000 0.020000
0 0.509000 0.558000 0.017000 0.012000
0 0.257500 0.615000 0.013000 0.012000
0 0.827500 0.314500 0.017000 0.022000
0 0.463500 0.490500 0.017000 0.015000
0 0.281000 0.214000 0.017000 0.017000
0 0.585500 0.678500 0.010000 0.009000
0 0.352000 0.580000 0.025000 0.029000
0 0.261500 0.760500 0.017000 0.010000
0 0.447000 0.615500 0.014000 0.017000
0 0.493000 0.567000 0.024000 0.025000
0 0.555000 0.426000 0.018000 0.018000
0 0.463000 0.364500 0.010000 0.010000
0 0.502500 0.878000 0.015000 0.016000
0 0.700500 0.469000 0.017000 0.020000
0 0.356000 0.431500 0.016000 0.016000
0 0.516000 0.280500 0.017000 0.011000
0 0.319000 0.269500 0.014000 0.018000
0 0.542500 0.685000 0.023000 0.020000
0 0.434000 0.880500 0.009000 0.013000
0 0.573500 0.757000 0.019000 0.027000
0 0.506500 0.676000 0.013000 0.015000
0 0.551000 0.402500 0.022000 0.030000
0 0.581500 0.454500 0.010000 0.013000
0 0.215000 0.410000 0.025000 0.022000
0 0.250500 0.528000 0.025000 0.020000
0 0.719000 0.649500 0.012000 0.014000
0 0.161000 0.704000 0.010000 0.012000
0 0.764000 0.537500 0.019000 0.017000
0 0.733500 0.825500 0.017000 0.022000
0 0.534000 0.882000 0.019000 0.017000
0 0.768000 0.283500 0.025000 0.022000
0 0.360000 0.865000 0.021000 0.022000
0 0.334000 0.344500 0.030000 0.030000
0 0.154500 0.306500 0.013000 0.014000
0 0.191500 0.670500 0.016000 0.016000
0 0.327500 0.389000 0.014000 0.015000
0 0.081250 0.462000 0.017500 0.013000
0 0.672000 0.477500 0.016000 0.019000
0 0.582500 0.559500 0.019000 0.019000
0 0.241500 0.469000 0.011000 0.013000
0 0.288000 0.361500 0.014000 0.015000
0 0.389000 0.432000 0.026000 0.022000
0 0.436500 0.446000 0.015000 0.015000
0 0.607000 0.529500 0.023000 0.023000
0 0.473500 0.534000 0.009000 0.013000
0 0.404000 0.366500 0.019000 0.017000
0 0.477500 0.347500 0.015000 0.016000
0 0.427000 0.469500 0.019000 0.032000
0 0.573000 0.514000 0.013000 0.017000
0 0.693000 0.542000 0.029000 0.021000
0 0.662500 0.777500 0.032000 0.018000
0 0.495000 0.777000 0.022000 0.024000
0 0.305000 0.360000 0.011000 0.010000
0 0.534000 0.728500 0.014000 0.013000
0 0.371000 0.460000 0.015000 0.013000
0 0.695000 0.428000 0.016000 0.017000
0 0.575000 0.242000 0.014000 0.013000
0 0.263500 0.489500 0.023000 0.019000
0 0.460000 0.456500 0.013000 0.019000
0 0.454500 0.900000 0.016000 0.016000
0 0.282000 0.555000 0.024000 0.020000
0 0.753000 0.653000 0.019000 0.028000
0 0.662500 0.773500 0.014000 0.013000
0 0.543000 0.510000 0.017000 0.017000
0 0.505000 0.510500 0.026000 0.024000
0 0.396000 0.196000 0.028000 0.028000
0 0.744500 0.358500 0.025000 0.022000
0 0.243500 0.450000 0.028000 0.030000
0 0.540500 0.224000 0.025000 0.016000
0 0.441000 0.562500 0.025000 0.024000
0 0.618500 0.875000 0.029000 0.025000
0 0.680500 0.417500 0.027000 0.029000
0 0.612000 0.841500 0.022000 0.019000
0 0.882750 0.520500 0.020500 0.015000
0 0.271500 0.689000 0.030000 0.025000
0 0.559500 0.577000 0.025000 0.024000
0 0.461500 0.488000 0.012000 0.013000
0 0.573000 0.433500 0.017000 0.015000
0 0.460500 0.639000 0.018000 0.020000
0 0.643000 0.273000 0.034000 0.024000
0 0.091000 0.472500 0.012000 0.019000
0 0.801000 0.641000 0.020000 0.013000
0 0.800500 0.611000 0.015000 0.026000
0 0.387000 0.776000 0.023000 0.027000
0 0.434500 0.548000 0.026000 0.032000
0 0.302500 0.593500 0.023000 0.028000
0 0.499000 0.098500 0.027000 0.033000
0 0.551500 0.496000 0.014000 0.013000
0 0.496000 0.699500 0.019000 0.018000
0 0.314000 0.544000 0.022000 0.022000
0 0.727500 0.437500 0.013000 0.016000
0 0.573000 0.445000 0.010000 0.009000
0 0.727500 0.274000 0.034000 0.032000
0 0.386000 0.893500 0.016000 0.019000
0 0.501000 0.413000 0.029000 0.032000
0 0.461500 0.438500 0.020000 0.023000
0 0.586500 0.594500 0.023000 0.025000
0 0.554000 0.481000 0.032000 0.034000
0 0.216000 0.301000 0.014000 0.016000
0 0.350000 0.486000 0.023000 0.024000
0 0.541500 0.869500 0.022000 0.022000
0 0.306000 0.381000 0.021000 0.018000
0 0.490250 0.308000 0.026500 0.018000
0 0.704500 0.691500 0.017000 0.020000
0 0.472500 0.600750 0.019000 0.026500
0 0.480500 0.215000 0.014000 0.023000
0 0.555500 0.762000 0.014000 0.013000
0 0.642500 0.478500 0.016000 0.015000
0 0.596500 0.590500 0.025000 0.025000
0 0.357500 0.292000 0.014000 0.018000
0 0.375000 0.395500 0.008000 0.010000
0 0.592000 0.404500 0.026000 0.020000
0 0.500500 0.434000 0.011000 0.011000
0 0.324000 0.508500 0.020000 0.018000