0 0.778500 0.738500 0.029000 0.027000
0 0.662000 0.168500 0.014000 0.011000
0 0.707000 0.468000 0.016000 0.014000
0 0.370500 0.426500 0.011000 0.014000
0 0.197000 0.608500 0.019000 0.015000
0 0.583000 0.347000 0.023000 0.017000
0 0.691500 0.172000 0.020000 0.018000
0 0.673500 0.786000 0.019000 0.019000
0 0.482000 0.499000 0.023000 0.027000
0 0.369000 0.688000 0.022000 0.019000
0 0.342000 0.253500 0.017000 0.016000
0 0.228500 0.545000 0.031000 0.034000
0 0.459500 0.711500 0.012000 0.014000
0 0.273500 0.310000 0.020000 0.016000
0 0.745500 0.165000 0.018000 0.023000
0 0.503000 0.502000 0.036000 0.031000
0 0.433500 0.520000 0.026000 0.029000
0 0.532000 0.432500 0.016000 0.014000
0 0.495500 0.288500 0.023000 0.026000
0 0.528000 0.561000 0.017000 0.018000
0 0.386000 0.510500 0.027000 0.029000
0 0.687000 0.484500 0.023000 0.020000
0 0.805000 0.528500 0.017000 0.020000
0 0.322000 0.637750 0.020000 0.023500
0 0.819000 0.581000 0.028000 0.031000
0 0.407500 0.698500 0.018000 0.017000
0 0.647500 0.432000 0.012000 0.012000
0 0.204000 0.407500 0.015000 0.020000
0 0.752000 0.676000 0.022000 0.022000
0 0.353000 0.324500 0.019000 0.017000
0 0.450000 0.458000 0.024000 0.024000
0 0.460500 0.592000 0.027000 0.031000
0 0.587500 0.705500 0.021000 0.018000
0 0.422500 0.661000 0.016000 0.014000
0 0.417000 0.694500 0.019000 0.017000
0 0.624000 0.564000 0.033000 0.033000
0 0.500000 0.650500 0.026000 0.024000
0 0.674000 0.490000 0.020000 0.018000
0 0.433000 0.527000 0.013000 0.015000
0 0.513000 0.480500 0.026000 0.025000
0 0.252000 0.527000 0.020000 0.015000
0 0.489000 0.509000 0.021000 0.022000
0 0.487500 0.524500 0.021000 0.021000
0 0.282500 0.837000 0.011000 0.012000
0 0.675500 0.745000 0.022000 0.024000
0 0.318000 0.697500 0.019000 0.018000
0 0.495500 0.441500 0.015000 0.012000
0 0.465500 0.485000 0.021000 0.021000
0 0.891000 0.385500 0.026000 0.028000
0 0.523500 0.500000 0.022000 0.021000
0 0.602500 0.837500 0.035000 0.022000
0 0.630500 0.410500 0.011000 0.009000
0 0.605500 0.120500 0.024000 0.023000
0 0.359000 0.587000 0.031000 0.023000
0 0.468000 0.517500 0.023000 0.019000
0 0.190000 0.627500 0.017000 0.018000
0 0.508000 0.902000 0.018000 0.017000
0 0.382500 0.459000 0.024000 0.017000
0 0.315000 0.219500 0.021000 0.022000
0 0.513000 0.639500 0.019000 0.017000
0 0.651500 0.609000 0.018000 0.017000
0 0.773000 0.633000 0.015000 0.013000
0 0.521500 0.128000 0.015000 0.012000
0 0.497250 0.512500 0.017500 0.015000
0 0.207000 0.466500 0.013000 0.010000
0 0.713000 0.434500 0.019000 0.018000
0 0.692500 0.816000 0.026000 0.032000
0 0.418000 0.607000 0.010000 0.012000
0 0.805000 0.577500 0.025000 0.027000
0 0.668000 0.687500 0.017000 0.014000
0 0.546000 0.619500 0.032000 0.022000
0 0.585000 0.500500 0.025000 0.024000
0 0.234500 0.555500 0.024000 0.035000
0 0.314500 0.512000 0.028000 0.026000
0 0.636000 0.647500 0.016000 0.015000
0 0.558750 0.457500 0.023500 0.017000
0 0.513500 0.535500 0.018000 0.017000
0 0.698000 0.468000 0.018000 0.018000
0 0.456000 0.431000 0.017000 0.017000
0 0.827500 0.761500 0.013000 0.014000
0 0.784000 0.787000 0.021000 0.021000
0 0.477000 0.259000 0.020000 0.018000
0 0.480500 0.867500 0.019000 0.018000
0 0.337000 0.215500 0.014000 0.012000
0 0.622500 0.382500 0.030000 0.024000
0 0.587000 0.451000 0.027000 0.027000
0 0.451500 0.610000 0.015000 0.016000
0 0.212000 0.518500 0.015000 0.018000
0 0.262500 0.302500 0.018000 0.016000
0 0.321500 0.497500 0.025000 0.024000
0 0.815000 0.359000 0.015000 0.021000
0 0.597000 0.416000 0.022000 0.020000
0 0.494000 0.496000 0.019000 0.021000
0 0.421500 0.392500 0.011000 0.013000
0 0.404750 0.507500 0.026500 0.018000
0 0.425000 0.125000 0.021000 0.020000
0 0.625500 0.283500 0.021000 0.020000
0 0.622000 0.473500 0.018000 0.018000
0 0.545500 0.464000 0.029000 0.034000
0 0.350000 0.611500 0.017000 0.016000
0 0.483250 0.552000 0.017500 0.014000
0 0.830000 0.496000 0.024000 0.024000
0 0.483500 0.662000 0.032000 0.029000
0 0.398500 0.376000 0.016000 0.013000
0 0.161000 0.407000 0.022000 0.024000
0 0.706500 0.237500 0.017000 0.024000
0 0.732500 0.841500 0.030000 0.024000
0 0.683000 0.553000 0.024000 0.026000
0 0.798000 0.389500 0.016000 0.020000
0 0.639000 0.437500 0.021000 0.021000
0 0.472500 0.464500 0.019000 0.020000
0 0.420500 0.090750 0.008000 0.011500
0 0.537000 0.473000 0.019000 0.022000
0 0.484500 0.853000 0.018000 0.015000
0 0.556500 0.702500 0.016000 0.015000
0 0.470500 0.342000 0.016000 0.012000
0 0.583500 0.471000 0.018000 0.018000
0 0.463000 0.417000 0.016000 0.016000
0 0.616500 0.845000 0.024000 0.029000
0 0.243500 0.241000 0.019000 0.018000
0 0.751000 0.507500 0.025000 0.022000
0 0.711000 0.783500 0.013000 0.012000
0 0.670000 0.511500 0.021000 0.020000
0 0.342500 0.141000 0.029000 0.022000
0 0.322500 0.328500 0.008000 0.009000
0 0.544000 0.508500 0.025000 0.026000
0 0.730500 0.709500 0.022000 0.021000
0 0.773500 0.564500 0.029000 0.028000
0 0.284500 0.174500 0.020000 0.016000
0 0.291500 0.173500 0.014000 0.014000
0 0.176000 0.347000 0.023000 0.023000
0 0.204500 0.600500 0.020000 0.020000
0 0.457000 0.459000 0.022000 0.026000
0 0.285500 0.281000 0.026000 0.021000
0 0.502000 0.475000 0.020000 0.014000
0 0.158500 0.438500 0.019000 0.025000
0 0.101750 0.458500 0.020500 0.014000
0 0.756000 0.499500 0.025000 0.023000
0 0.160500 0.610500 0.023000 0.032000
0 0.461000 0.536000 0.026000 0.023000
0 0.496500 0.341000 0.020000 0.020000
0 0.530500 0.509500 0.022000 0.021000
0 0.478500 0.688000 0.017000 0.014000
0 0.362500 0.744500 0.030000 0.024000
0 0.532000 0.704500 0.028000 0.025000
0 0.470250 0.892250 0.022500 0.023500
0 0.591500 0.258500 0.023000 0.020000
0 0.252000 0.649500 0.019000 0.019000
0 0.266000 0.648000 0.011000 0.014000
0 0.130000 0.666500 0.022000 0.019000
0 0.489500 0.179500 0.016000 0.019000
0 0.341500 0.737000 0.021000 0.019000
0 0.491500 0.309000 0.011000 0.016000
0 0.682000 0.304000 0.022000 0.019000
0 0.514000 0.364500 0.015000 0.014000
0 0.820500 0.423500 0.032000 0.030000
0 0.290000 0.478500 0.029000 0.027000
0 0.393500 0.112000 0.020000 0.015000
0 0.592000 0.456500 0.020000 0.027000
0 0.496500 0.483500 0.017000 0.018000
0 0.409500 0.415500 0.023000 0.024000
0 0.579500 0.881500 0.027000 0.024000
0 0.081500 0.528500 0.024000 0.032000
0 0.546000 0.398500 0.016000 0.016000
0 0.394500 0.306000 0.024000 0.016000
0 0.457000 0.517000 0.024000 0.024000
0 0.582000 0.419000 0.016000 0.018000
0 0.334000 0.734500 0.008000 0.012000
0 0.257500 0.639500 0.014000 0.016000
0 0.771500 0.309000 0.031000 0.034000
0 0.622500 0.250000 0.022000 0.034000
0 0.564000 0.406000 0.022000 0.029000
0 0.722500 0.465000 0.013000 0.012000
0 0.330000 0.276000 0.026000 0.024000
0 0.311000 0.438000 0.016000 0.019000
0 0.250000 0.455000 0.025000 0.029000
0 0.501000 0.698000 0.022000 0.026000
0 0.489000 0.318500 0.015000 0.021000
0 0.707500 0.575500 0.023000 0.024000
0 0.508500 0.295500 0.019000 0.018000
0 0.519000 0.257000 0.024000 0.026000
0 0.319500 0.808500 0.017000 0.019000
0 0.807500 0.404500 0.015000 0.013000
0 0.614000 0.458500 0.025000 0.025000
0 0.630500 0.725000 0.015000 0.015000
0 0.428000 0.736000 0.013000 0.011000
0 0.722500 0.212500 0.019000 0.016000
0 0.300000 0.461000 0.022000 0.020000
0 0.573000 0.558000 0.023000 0.022000
0 0.506000 0.636000 0.012000 0.014000
0 0.355000 0.470500 0.013000 0.013000
0 0.306500 0.676000 0.017000 0.016000
0 0.607500 0.803500 0.019000 0.023000
0 0.250000 0.262000 0.008000 0.009000
0 0.318500 0.747500 0.025000 0.030000
0 0.677000 0.172000 0.034000 0.036000
0 0.395500 0.513500 0.024000 0.025000
0 0.482500 0.103500 0.026000 0.026000
0 0.503500 0.711000 0.021000 0.020000
0 0.656000 0.422000 0.018000 0.017000
0 0.457000 0.484500 0.020000 0.016000
0 0.507000 0.565500 0.020000 0.025000
0 0.415500 0.262500 0.010000 0.012000
0 0.562000 0.694000 0.020000 0.020000
0 0.842500 0.705000 0.011000 0.019000
0 0.703500 0.383000 0.029000 0.030000
0 0.808000 0.240000 0.021000 0.019000
0 0.469500 0.550000 0.013000 0.012000
0 0.270000 0.462000 0.018000 0.018000
0 0.448000 0.383500 0.013000 0.012000
0 0.283500 0.470500 0.028000 0.024000
0 0.514000 0.237000 0.023000 0.025000
0 0.508000 0.483500 0.031000 0.033000
0 0.650000 0.367000 0.021000 0.021000
0 0.699000 0.735500 0.024000 0.018000
0 0.381500 0.676000 0.015000 0.014000
0 0.356500 0.819000 0.024000 0.022000
0 0.590500 0.641000 0.011000 0.014000
0 0.532500 0.888500 0.014000 0.012000
0 0.802500 0.594000 0.026000 0.016000
0 0.516000 0.547000 0.019000 0.016000
0 0.310000 0.419000 0.022000 0.024000
0 0.442500 0.678500 0.030000 0.022000
0 0.536500 0.717000 0.018000 0.021000
0 0.690500 0.606000 0.029000 0.028000
0 0.560000 0.147500 0.015000 0.020000
0 0.462000 0.727500 0.024000 0.024000
0 0.369000 0.613000 0.009000 0.011000
0 0.549000 0.515500 0.023000 0.016000
0 0.315500 0.448000 0.019000 0.021000
0 0.763000 0.818500 0.023000 0.024000
0 0.593000 0.240500 0.029000 0.024000
0 0.578000 0.630000 0.019000 0.024000
0 0.565500 0.131000 0.017000 0.017000
0 0.490000 0.534500 0.028000 0.028000
0 0.547500 0.530500 0.011000 0.010000
0 0.720500 0.273500 0.012000 0.012000
0 0.221000 0.599500 0.019000 0.021000
0 0.593500 0.579500 0.011000 0.016000
0 0.183500 0.431500 0.015000 0.011000
0 0.799500 0.336000 0.014000 0.016000
0 0.771000 0.606000 0.029000 0.026000
0 0.424500 0.638500 0.010000 0.013000
0 0.488000 0.490500 0.020000 0.019000
0 0.503000 0.519000 0.019000 0.019000
0 0.362000 0.418500 0.017000 0.019000
0 0.614000 0.781000 0.019000 0.015000
0 0.579000 0.335500 0.014000 0.016000
0 0.374000 0.735000 0.022000 0.016000
0 0.306000 0.561500 0.021000 0.017000
0 0.547500 0.753000 0.014000 0.017000
0 0.611000 0.314500 0.013000 0.013000
0 0.440500 0.888000 0.022000 0.022000
0 0.448500 0.153500 0.025000 0.024000
0 0.568500 0.448000 0.018000 0.023000
0 0.330000 0.398000 0.029000 0.024000
0 0.187500 0.642000 0.013000 0.013000
0 0.371500 0.344000 0.029000 0.029000
0 0.437500 0.107500 0.027000 0.031000
0 0.250500 0.604500 0.018000 0.023000
0 0.493000 0.558500 0.011000 0.014000
0 0.840000 0.670000 0.016000 0.015000
0 0.450250 0.780000 0.014500 0.012000
0 0.130000 0.616500 0.014000 0.017000
0 0.410250 0.722500 0.026500 0.018000
0 0.576000 0.423500 0.018000 0.021000
0 0.574500 0.724500 0.022000 0.022000
0 0.478500 0.538500 0.014000 0.015000
0 0.643500 0.668500 0.019000 0.019000
0 0.550500 0.424000 0.021000 0.024000
0 0.473000 0.310000 0.024000 0.024000
0 0.620000 0.679500 0.020000 0.018000
0 0.516500 0.560500 0.013000 0.012000
0 0.150500 0.285500 0.011000 0.015000
0 0.284500 0.615500 0.030000 0.029000
0 0.641500 0.234500 0.014000 0.014000
0 0.721500 0.315000 0.018000 0.022000
0 0.265000 0.567000 0.021000 0.027000
0 0.462500 0.607000 0.016000 0.014000
0 0.383000 0.671500 0.024000 0.018000
0 0.217500 0.718000 0.011000 0.010000
0 0.553000 0.456500 0.016000 0.016000
0 0.870250 0.608250 0.025500 0.026500
0 0.625000 0.356000 0.033000 0.021000
0 0.586500 0.198000 0.034000 0.028000
0 0.577000 0.171000 0.013000 0.018000
0 0.173000 0.492500 0.009000 0.013000
0 0.491000 0.139000 0.015000 0.015000
0 0.441500 0.662500 0.013000 0.016000
0 0.250500 0.499000 0.014000 0.013000
0 0.480500 0.576500 0.018000 0.017000
0 0.279000 0.200500 0.011000 0.014000
0 0.502000 0.491000 0.023000 0.023000
0 0.225500 0.676500 0.015000 0.014000
0 0.610500 0.700500 0.018000 0.017000
0 0.454500 0.543500 0.022000 0.025000
0 0.681500 0.464000 0.022000 0.020000
0 0.299500 0.275000 0.026000 0.021000
0 0.232000 0.609000 0.016000 0.010000
0 0.088000 0.582500 0.015000 0.021000
0 0.297500 0.488500 0.014000 0.015000
0 0.322500 0.132000 0.017000 0.016000
0 0.788000 0.259500 0.032000 0.029000
0 0.443000 0.517000 0.021000 0.015000
0 0.653500 0.555000 0.020000 0.024000
0 0.719000 0.490000 0.016000 0.015000
0 0.614000 0.390000 0.014000 0.019000
0 0.642500 0.609000 0.016000 0.016000
0 0.575000 0.135500 0.024000 0.027000
0 0.664500 0.462500 0.019000 0.017000
0 0.512000 0.511500 0.019000 0.015000
0 0.189000 0.506000 0.009000 0.011000
0 0.373500 0.788000 0.014000 0.011000
0 0.499250 0.256750 0.019500 0.019500
0 0.593000 0.615500 0.013000 0.012000
0 0.615500 0.293500 0.030000 0.031000
0 0.467500 0.493500 0.017000 0.019000
0 0.428000 0.508000 0.011000 0.011000
0 0.285000 0.512500 0.017000 0.021000
0 0.655500 0.709500 0.031000 0.021000
0 0.289000 0.393000 0.015000 0.016000
0 0.497750 0.386000 0.026500 0.019000
0 0.388500 0.491500 0.025000 0.018000
0 0.626500 0.517500 0.021000 0.018000
0 0.362000 0.371500 0.019000 0.018000
0 0.826000 0.259000 0.025000 0.022000
0 0.486500 0.894000 0.012000 0.011000
0 0.370500 0.289500 0.014000 0.014000
0 0.430500 0.402500 0.012000 0.011000
0 0.559500 0.487500 0.019000 0.017000
0 0.360000 0.824500 0.016000 0.016000
0 0.140500 0.613000 0.023000 0.023000
0 0.528500 0.690000 0.017000 0.019000
0 0.483000 0.480000 0.023000 0.031000
0 0.396000 0.906500 0.025000 0.030000
0 0.286000 0.423000 0.016000 0.014000
0 0.635500 0.436000 0.012000 0.014000
0 0.116000 0.426500 0.012000 0.014000
0 0.587750 0.398000 0.026500 0.021000
0 0.374500 0.286500 0.018000 0.014000
0 0.436500 0.236500 0.012000 0.016000
0 0.454500 0.453500 0.026000 0.025000
0 0.771500 0.537500 0.026000 0.026000
0 0.700500 0.820000 0.016000 0.018000
0 0.651500 0.832000 0.020000 0.017000
0 0.417000 0.479000 0.016000 0.013000
0 0.211000 0.749000 0.020000 0.018000
0 0.496500 0.680500 0.015000 0.017000
0 0.435500 0.460500 0.026000 0.020000
0 0.497000 0.539000 0.022000 0.023000
0 0.457500 0.222500 0.027000 0.030000
0 0.500500 0.770500 0.024000 0.024000
0 0.645500 0.626000 0.014000 0.017000
0 0.617000 0.522500 0.010000 0.011000
0 0.700000 0.789000 0.019000 0.019000
0 0.328500 0.502000 0.026000 0.016000
0 0.303000 0.482500 0.017000 0.018000
0 0.428500 0.115000 0.031000 0.026000
0 0.838500 0.603000 0.013000 0.012000
0 0.442500 0.219000 0.032000 0.032000
0 0.310000 0.607500 0.016000 0.013000
0 0.395000 0.768000 0.012000 0.022000
0 0.261500 0.158000 0.031000 0.031000
0 0.498500 0.584000 0.011000 0.014000
0 0.331500 0.176000 0.024000 0.024000
0 0.442500 0.586000 0.012000 0.013000
0 0.716000 0.555500 0.023000 0.023000
0 0.270000 0.480000 0.014000 0.015000
0 0.641000 0.427000 0.018000 0.015000
0 0.617000 0.223500 0.017000 0.018000
0 0.630500 0.376000 0.018000 0.022000
0 0.554500 0.583000 0.022000 0.022000
0 0.256500 0.589000 0.022000 0.020000
0 0.295000 0.684000 0.016000 0.018000
0 0.898000 0.443500 0.013000 0.014000
0 0.648000 0.713500 0.024000 0.021000
0 0.691500 0.862000 0.019000 0.020000
0 0.489000 0.222500 0.018000 0.018000
0 0.669000 0.155500 0.024000 0.022000
0 0.470500 0.852000 0.031000 0.036000
0 0.698500 0.600500 0.017000 0.016000
0 0.543500 0.384500 0.032000 0.024000
0 0.422000 0.425000 0.016000 0.016000
0 0.351500 0.146000 0.021000 0.023000
0 0.608000 0.207250 0.012000 0.014500
0 0.490500 0.474500 0.010000 0.011000
0 0.591000 0.469500 0.010000 0.013000
0 0.506000 0.459750 0.009000 0.011500
0 0.698500 0.220500 0.018000 0.019000
0 0.809500 0.250500 0.023000 0.024000
0 0.615500 0.485000 0.027000 0.018000
0 0.519000 0.513500 0.023000 0.026000
0 0.307500 0.283000 0.013000 0.014000
0 0.550500 0.569500 0.020000 0.025000
0 0.831500 0.715000 0.014000 0.013000
0 0.781500 0.322000 0.035000 0.035000
0 0.180500 0.483500 0.020000 0.020000
0 0.750500 0.181000 0.024000 0.022000
0 0.451000 0.852000 0.016000 0.011000
0 0.641000 0.538500 0.026000 0.018000
0 0.116000 0.530000 0.019000 0.019000
0 0.863000 0.374000 0.014000 0.013000
0 0.701000 0.192500 0.028000 0.027000
0 0.391500 0.636500 0.023000 0.021000
0 0.161500 0.270000 0.017000 0.024000
0 0.345500 0.889500 0.022000 0.021000
0 0.552500 0.504000 0.009000 0.010000
0 0.379250 0.464000 0.014500 0.010000
0 0.436500 0.625500 0.033000 0.020000
0 0.519000 0.486500 0.014000 0.015000
0 0.643000 0.641500 0.017000 0.015000
0 0.632500 0.817000 0.024000 0.021000
0 0.315500 0.598000 0.014000 0.013000
0 0.430500 0.540000 0.013000 0.012000
0 0.499500 0.498500 0.016000 0.022000
0 0.521500 0.454000 0.030000 0.023000
0 0.769000 0.696500 0.022000 0.023000
0 0.173000 0.427500 0.021000 0.022000
0 0.374000 0.752000 0.014000 0.015000
0 0.540000 0.406500 0.016000 0.018000
0 0.554500 0.840500 0.016000 0.014000
0 0.618500 0.494500 0.029000 0.030000
0 0.486500 0.379500 0.015000 0.015000
0 0.562500 0.770500 0.012000 0.019000
0 0.521500 0.406500 0.026000 0.031000
0 0.463500 0.517500 0.017000 0.015000
0 0.488500 0.456500 0.022000 0.016000
0 0.456500 0.680250 0.016000 0.023500
0 0.494000 0.551000 0.029000 0.030000
0 0.688000 0.173000 0.013000 0.012000
0 0.536000 0.583500 0.014000 0.019000
0 0.608500 0.271500 0.021000 0.024000
0 0.629500 0.441000 0.010000 0.011000
0 0.198500 0.581000 0.012000 0.013000
0 0.153500 0.579500 0.015000 0.015000
0 0.461500 0.572500 0.015000 0.019000
0 0.486500 0.392000 0.022000 0.020000
0 0.266500 0.626500 0.011000 0.012000
0 0.297500 0.265000 0.012000 0.012000
0 0.355500 0.490000 0.021000 0.018000
0 0.446000 0.365000 0.018000 0.013000
0 0.116000 0.421500 0.027000 0.019000
0 0.347000 0.520500 0.025000 0.025000
0 0.477500 0.487500 0.012000 0.012000
0 0.771000 0.287000 0.014000 0.010000
0 0.197500 0.538500 0.018000 0.019000
0 0.617000 0.802500 0.013000 0.022000
0 0.512000 0.376000 0.023000 0.025000
0 0.472500 0.623500 0.016000 0.014000
0 0.755000 0.454500 0.018000 0.020000
0 0.676000 0.145000 0.022000 0.029000
0 0.386500 0.713500 0.016000 0.021000
0 0.363500 0.837000 0.016000 0.017000
0 0.601500 0.416000 0.033000 0.034000
0 0.798500 0.793500 0.015000 0.014000
0 0.738500 0.649000 0.019000 0.016000
0 0.562500 0.478000 0.022000 0.018000
0 0.434500 0.871000 0.016000 0.020000
0 0.271000 0.666000 0.023000 0.020000
0 0.504000 0.680000 0.012000 0.012000
0 0.536500 0.673000 0.023000 0.023000
0 0.595500 0.319500 0.017000 0.017000
0 0.745000 0.450500 0.019000 0.016000
0 0.313000 0.566500 0.025000 0.021000
0 0.564000 0.580500 0.028000 0.021000
0 0.535500 0.519500 0.012000 0.015000
0 0.170500 0.580500 0.019000 0.020000
0 0.875500 0.596500 0.027000 0.033000
0 0.200500 0.741000 0.011000 0.012000
0 0.382500 0.438000 0.013000 0.013000
0 0.624500 0.657500 0.021000 0.026000
0 0.427000 0.571000 0.013000 0.009000
0 0.224000 0.426000 0.021000 0.021000
0 0.805500 0.361500 0.018000 0.022000
0 0.428500 0.280500 0.025000 0.025000
0 0.623000 0.287000 0.019000 0.018000
0 0.769000 0.207000 0.014000 0.010000
0 0.261500 0.770500 0.013000 0.014000
0 0.612000 0.599000 0.017000 0.024000
0 0.223500 0.295500 0.026000 0.024000
0 0.347500 0.164500 0.024000 0.018000
0 0.633500 0.277500 0.014000 0.015000
0 0.620500 0.613000 0.015000 0.014000
0 0.711500 0.549000 0.033000 0.033000
0 0.427500 0.824000 0.018000 0.020000
0 0.258500 0.482500 0.019000 0.015000
0 0.544500 0.676000 0.010000 0.010000
0 0.368500 0.492000 0.013000 0.013000
0 0.222500 0.335000 0.024000 0.025000
0 0.384000 0.849500 0.022000 0.020000
0 0.774500 0.493500 0.021000 0.020000
0 0.645500 0.546500 0.019000 0.018000
0 0.188500 0.756000 0.019000 0.018000
0 0.583000 0.654500 0.022000 0.021000
0 0.647000 0.480500 0.018000 0.018000
0 0.614000 0.586500 0.027000 0.028000
0 0.366000 0.565500 0.013000 0.012000
0 0.543000 0.504500 0.026000 0.026000
0 0.380500 0.361000 0.018000 0.022000
0 0.633500 0.897000 0.029000 0.027000
0 0.216000 0.616500 0.014000 0.020000
0 0.332000 0.255500 0.016000 0.012000
0 0.526500 0.182500 0.014000 0.022000
0 0.263000 0.574500 0.024000 0.026000
0 0.622000 0.688000 0.015000 0.015000
0 0.788500 0.739000 0.028000 0.030000
0 0.597500 0.351250 0.017000 0.020500
0 0.518500 0.578000 0.018000 0.020000
0 0.247500 0.363000 0.021000 0.020000
0 0.365000 0.435000 0.016000 0.018000
0 0.342500 0.244500 0.019000 0.019000
0 0.440000 0.258000 0.019000 0.022000
0 0.666500 0.411500 0.015000 0.010000
0 0.258500 0.195000 0.025000 0.030000
0 0.671500 0.228000 0.026000 0.025000
0 0.337500 0.640000 0.014000 0.013000
0 0.356000 0.726000 0.016000 0.017000
0 0.461000 0.430500 0.020000 0.021000
0 0.319250 0.777500 0.011500 0.008000
0 0.303500 0.390000 0.020000 0.020000
0 0.795500 0.710000 0.024000 0.022000
0 0.258000 0.496000 0.024000 0.030000
0 0.271000 0.762000 0.014000 0.014000
0 0.517500 0.494500 0.015000 0.012000
0 0.435500 0.295500 0.019000 0.025000
0 0.529500 0.337000 0.032000 0.028000
0 0.503500 0.163000 0.024000 0.017000
0 0.763500 0.443000 0.022000 0.019000
0 0.373500 0.317500 0.019000 0.032000
0 0.528250 0.603500 0.017500 0.017000
0 0.529000 0.576500 0.016000 0.018000
0 0.541500 0.896000 0.026000 0.024000
0 0.784750 0.581000 0.023500 0.018000
0 0.765250 0.559000 0.014500 0.013000
0 0.565500 0.892500 0.025000 0.025000
0 0.544000 0.587000 0.019000 0.019000
0 0.679000 0.819000 0.010000 0.015000
0 0.684000 0.654000 0.016000 0.016000
0 0.541500 0.784000 0.016000 0.016000
0 0.500500 0.522500 0.013000 0.012000
0 0.435000 0.536000 0.021000 0.021000
0 0.559500 0.800500 0.012000 0.012000
0 0.431500 0.683000 0.023000 0.022000
0 0.268750 0.619000 0.023500 0.018000
0 0.628000 0.549500 0.027000 0.023000
0 0.306000 0.743500 0.020000 0.020000
0 0.399000 0.636000 0.025000 0.023000
0 0.526000 0.253500 0.024000 0.021000
0 0.381500 0.426500 0.028000 0.027000
0 0.631500 0.210000 0.019000 0.016000
0 0.339250 0.514500 0.029500 0.020000
0 0.339500 0.608500 0.027000 0.029000
0 0.565000 0.501000 0.018000 0.021000
0 0.732000 0.613500 0.021000 0.024000
0 0.634500 0.485500 0.012000 0.011000
0 0.144500 0.367500 0.025000 0.032000
0 0.514000 0.668500 0.015000 0.022000
0 0.440500 0.344500 0.020000 0.020000
0 0.527500 0.542000 0.020000 0.022000
0 0.613000 0.728000 0.013000 0.010000
0 0.740500 0.347500 0.024000 0.019000
0 0.222000 0.566000 0.025000 0.023000
0 0.495500 0.618500 0.016000 0.019000
0 0.330000 0.582500 0.022000 0.018000
0 0.236500 0.654000 0.019000 0.017000
0 0.305500 0.617000 0.010000 0.009000
0 0.420500 0.321500 0.015000 0.015000
0 0.735500 0.180500 0.031000 0.036000
0 0.394500 0.550000 0.021000 0.022000
0 0.277500 0.385000 0.011000 0.012000
0 0.545500 0.442000 0.015000 0.013000
0 0.509500 0.432000 0.029000 0.025000
0 0.905500 0.556000 0.028000 0.029000
0 0.492000 0.685500 0.029000 0.031000
0 0.221500 0.226000 0.013000 0.016000
0 0.395000 0.481500 0.009000 0.009000
0 0.684000 0.397500 0.027000 0.019000
0 0.836500 0.648500 0.011000 0.012000
0 0.438000 0.543500 0.011000 0.010000
0 0.441500 0.211000 0.016000 0.015000
0 0.124500 0.334000 0.011000 0.012000
0 0.568500 0.559000 0.030000 0.029000
0 0.539000 0.626000 0.024000 0.024000
0 0.495500 0.708500 0.024000 0.021000
0 0.158500 0.364500 0.033000 0.028000
0 0.751000 0.373000 0.021000 0.022000
0 0.567000 0.335000 0.022000 0.025000
0 0.306500 0.769500 0.021000 0.015000
0 0.731000 0.361000 0.021000 0.022000
0 0.652500 0.601000 0.028000 0.027000
0 0.648000 0.567000 0.014000 0.013000
0 0.736000 0.573000 0.017000 0.014000
0 0.490500 0.432500 0.022000 0.022000
0 0.334500 0.774500 0.025000 0.032000
0 0.486000 0.526500 0.022000 0.018000
0 0.722000 0.665000 0.022000 0.027000
0 0.212500 0.318500 0.011000 0.013000
0 0.581000 0.366000 0.016000 0.016000
0 0.233500 0.453500 0.023000 0.028000
0 0.542000 0.391500 0.016000 0.020000
0 0.427000 0.475000 0.017000 0.013000
0 0.437500 0.442000 0.017000 0.018000
0 0.609000 0.507500 0.023000 0.022000
0 0.376000 0.171500 0.014000 0.011000
0 0.293000 0.414000 0.014000 0.015000
0 0.724500 0.327500 0.022000 0.023000
0 0.636000 0.416500 0.015000 0.015000
0 0.646500 0.499500 0.026000 0.026000
0 0.604500 0.428000 0.012000 0.012000
0 0.742000 0.378500 0.013000 0.015000
0 0.533500 0.799000 0.024000 0.028000
0 0.570000 0.428000 0.019000 0.021000
0 0.469000 0.689000 0.026000 0.024000
0 0.633500 0.337500 0.018000 0.025000
0 0.669000 0.624000 0.025000 0.027000
0 0.559000 0.310000 0.019000 0.017000
0 0.234500 0.508500 0.021000 0.018000
0 0.840000 0.380000 0.028000 0.028000
0 0.411500 0.493500 0.011000 0.011000
0 0.474000 0.901000 0.019000 0.021000
0 0.632000 0.855500 0.017000 0.019000
0 0.865500 0.309000 0.027000 0.028000
0 0.497000 0.320000 0.025000 0.024000
0 0.469500 0.453000 0.021000 0.019000
0 0.618500 0.215500 0.012000 0.010000
0 0.557500 0.570000 0.015000 0.013000
0 0.300500 0.354500 0.031000 0.030000
0 0.367000 0.550000 0.023000 0.027000
0 0.446500 0.391500 0.018000 0.016000
0 0.280000 0.582500 0.022000 0.016000