0 0.468000 0.414500 0.013000 0.013000
0 0.873000 0.557000 0.026000 0.028000
0 0.157500 0.551000 0.027000 0.023000
0 0.689500 0.756000 0.024000 0.016000
0 0.703000 0.476500 0.026000 0.027000
0 0.178000 0.475500 0.019000 0.021000
0 0.362000 0.410500 0.018000 0.015000
0 0.449000 0.530500 0.019000 0.021000
0 0.441000 0.231500 0.021000 0.020000
0 0.592500 0.181000 0.020000 0.019000
0 0.459000 0.395500 0.013000 0.016000
0 0.519500 0.477000 0.009000 0.014000
0 0.647000 0.524000 0.011000 0.011000
0 0.446000 0.600500 0.022000 0.022000
0 0.409000 0.554000 0.021000 0.021000
0 0.501000 0.502000 0.015000 0.015000
0 0.207500 0.651000 0.014000 0.016000
0 0.559000 0.586500 0.026000 0.024000
0 0.557500 0.283000 0.020000 0.012000
0 0.264500 0.566500 0.020000 0.024000
0 0.483500 0.533500 0.015000 0.015000
0 0.523500 0.899000 0.011000 0.016000
0 0.443500 0.491000 0.019000 0.017000
0 0.351500 0.357000 0.023000 0.022000
0 0.562000 0.498000 0.028000 0.030000
0 0.498000 0.493000 0.014000 0.015000
0 0.755000 0.586000 0.016000 0.025000
0 0.782000 0.490750 0.015000 0.020500
0 0.685000 0.302500 0.034000 0.028000
0 0.381500 0.727000 0.009000 0.013000
0 0.726000 0.325500 0.028000 0.024000
0 0.306000 0.571000 0.018000 0.021000
0 0.499500 0.500000 0.017000 0.022000
0 0.817000 0.335500 0.019000 0.017000
0 0.484000 0.567500 0.017000 0.013000
0 0.459500 0.162000 0.019000 0.017000
0 0.532500 0.511000 0.012000 0.012000
0 0.450000 0.584000 0.013000 0.013000
0 0.514500 0.509000 0.018000 0.016000
0 0.299000 0.472500 0.020000 0.027000
0 0.468000 0.506000 0.016000 0.024000
0 0.612000 0.529500 0.021000 0.021000
0 0.324500 0.727000 0.018000 0.019000
0 0.445500 0.560000 0.016000 0.023000
0 0.464000 0.585000 0.025000 0.021000
0 0.527750 0.477000 0.029500 0.020000
0 0.553000 0.425000 0.012000 0.011000
0 0.435000 0.151000 0.014000 0.012000
0 0.297000 0.618000 0.015000 0.014000
0 0.444000 0.388500 0.014000 0.011000
0 0.346000 0.396500 0.025000 0.028000
0 0.530500 0.778500 0.015000 0.018000
0 0.546000 0.821250 0.015000 0.020500
0 0.439500 0.711750 0.018000 0.026500
0 0.677000 0.383500 0.020000 0.027000
0 0.532500 0.404500 0.011000 0.014000
0 0.739000 0.627000 0.027000 0.022000
0 0.366000 0.483000 0.019000 0.032000
0 0.232500 0.696000 0.015000 0.016000
0 0.477000 0.474500 0.018000 0.012000
0 0.599500 0.129000 0.023000 0.023000
0 0.521500 0.378500 0.021000 0.033000
0 0.809000 0.582500 0.018000 0.012000
0 0.153500 0.539000 0.024000 0.027000
0 0.509000 0.452500 0.017000 0.016000
0 0.772000 0.387500 0.027000 0.025000
0 0.658000 0.789000 0.013000 0.014000
0 0.710000 0.334500 0.013000 0.011000
0 0.589000 0.471000 0.014000 0.014000
0 0.543500 0.599000 0.013000 0.014000
0 0.480000 0.516000 0.018000 0.021000
0 0.499500 0.815500 0.026000 0.030000
0 0.577500 0.111000 0.019000 0.025000
0 0.487000 0.914500 0.022000 0.025000
0 0.506500 0.512000 0.014000 0.012000
0 0.567000 0.542500 0.020000 0.019000
0 0.509750 0.503750 0.024500 0.024500
0 0.314000 0.403000 0.021000 0.020000
0 0.405000 0.205500 0.031000 0.031000
0 0.485000 0.547000 0.017000 0.017000
0 0.444000 0.682000 0.020000 0.023000
0 0.663000 0.809250 0.019000 0.026500
0 0.650000 0.361000 0.014000 0.015000
0 0.620000 0.459000 0.013000 0.012000
0 0.637250 0.383000 0.020500 0.015000
0 0.465500 0.479500 0.023000 0.022000
0 0.134500 0.632000 0.017000 0.015000
0 0.383000 0.144000 0.014000 0.015000
0 0.565000 0.111500 0.016000 0.013000
0 0.775500 0.759000 0.028000 0.020000
0 0.487000 0.613500 0.032000 0.021000
0 0.824500 0.311000 0.026000 0.028000
0 0.706500 0.303500 0.020000 0.017000
0 0.448500 0.912000 0.028000 0.023000
0 0.833500 0.453500 0.014000 0.014000
0 0.429000 0.433500 0.021000 0.024000
0 0.267000 0.529000 0.027000 0.028000
0 0.568000 0.520000 0.018000 0.017000
0 0.153500 0.564000 0.026000 0.024000
0 0.553000 0.339500 0.028000 0.025000
0 0.258000 0.712000 0.017000 0.015000
0 0.547000 0.391000 0.012000 0.010000
0 0.557500 0.623500 0.023000 0.019000
0 0.265500 0.786500 0.014000 0.015000
0 0.537000 0.428000 0.012000 0.013000
0 0.598500 0.377000 0.014000 0.013000
0 0.434000 0.473000 0.019000 0.022000
0 0.620500 0.868500 0.018000 0.016000
0 0.257500 0.626500 0.015000 0.016000
0 0.627500 0.692500 0.024000 0.023000
0 0.614000 0.302500 0.021000 0.018000
0 0.539500 0.369500 0.023000 0.022000
0 0.212500 0.269500 0.027000 0.018000
0 0.251000 0.185000 0.019000 0.024000
0 0.434500 0.570500 0.024000 0.021000
0 0.637000 0.366500 0.025000 0.026000
0 0.493500 0.527500 0.022000 0.020000
0 0.651000 0.418000 0.012000 0.013000
0 0.225000 0.616500 0.033000 0.025000
0 0.469000 0.290500 0.011000 0.011000
0 0.652500 0.517500 0.021000 0.021000
0 0.900500 0.500000 0.023000 0.018000
0 0.414000 0.537500 0.033000 0.026000
0 0.471500 0.492500 0.013000 0.010000
0 0.444000 0.696500 0.028000 0.029000
0 0.434500 0.281500 0.026000 0.024000
0 0.535500 0.893000 0.027000 0.031000
0 0.622000 0.431000 0.028000 0.028000
0 0.603000 0.334000 0.013000 0.015000
0 0.373500 0.829500 0.019000 0.012000
0 0.435000 0.488000 0.035000 0.033000
0 0.500500 0.483000 0.022000 0.022000
0 0.671500 0.567500 0.021000 0.023000
0 0.474000 0.518000 0.019000 0.019000
0 0.632500 0.218000 0.022000 0.023000
0 0.101000 0.376500 0.014000 0.010000
0 0.195000 0.783500 0.027000 0.018000
0 0.855500 0.297000 0.018000 0.016000
0 0.619000 0.615000 0.021000 0.028000
0 0.620500 0.607000 0.028000 0.029000
0 0.802500 0.559500 0.029000 0.026000
0 0.359000 0.566500 0.019000 0.023000
0 0.498000 0.287500 0.022000 0.028000
0 0.545000 0.509500 0.018000 0.020000
0 0.380500 0.608000 0.013000 0.016000
0 0.510500 0.281000 0.035000 0.033000
0 0.511500 0.494500 0.026000 0.024000
0 0.340000 0.349000 0.027000 0.021000
0 0.439500 0.629000 0.014000 0.015000
0 0.331000 0.599000 0.017000 0.014000
0 0.289500 0.542500 0.025000 0.023000
0 0.449500 0.515500 0.030000 0.026000
0 0.529000 0.466500 0.027000 0.026000
0 0.171000 0.749000 0.015000 0.012000
0 0.101000 0.402500 0.012000 0.018000
0 0.555500 0.127000 0.015000 0.015000
0 0.523000 0.165000 0.013000 0.012000
0 0.252250 0.495500 0.023500 0.016000
0 0.423500 0.228500 0.018000 0.016000
0 0.472000 0.721500 0.023000 0.025000
0 0.635000 0.247500 0.023000 0.021000
0 0.427000 0.107500 0.025000 0.031000
0 0.741000 0.503000 0.022000 0.023000
0 0.242000 0.441000 0.020000 0.016000
0 0.643000 0.402500 0.014000 0.013000
0 0.106000 0.478000 0.025000 0.028000
0 0.239000 0.765000 0.024000 0.031000
0 0.378000 0.438000 0.023000 0.028000
0 0.568000 0.838000 0.032000 0.030000
0 0.828500 0.270000 0.019000 0.020000
0 0.605000 0.692000 0.012000 0.015000
0 0.606000 0.613000 0.024000 0.023000
0 0.400000 0.591000 0.020000 0.020000
0 0.517500 0.637000 0.025000 0.023000
0 0.574500 0.566500 0.024000 0.023000
0 0.645500 0.754500 0.027000 0.027000
0 0.641000 0.728500 0.027000 0.020000
0 0.311500 0.799500 0.015000 0.017000
0 0.189500 0.217000 0.021000 0.020000
0 0.596500 0.283000 0.025000 0.017000
0 0.631500 0.103500 0.034000 0.024000
0 0.755000 0.254500 0.010000 0.009000
0 0.163500 0.722000 0.025000 0.026000
0 0.384500 0.363500 0.025000 0.018000
0 0.398500 0.490500 0.021000 0.024000
0 0.585500 0.699500 0.024000 0.024000
0 0.643000 0.509000 0.011000 0.016000
0 0.359000 0.634000 0.014000 0.018000
0 0.175000 0.256000 0.012000 0.013000
0 0.503000 0.457000 0.019000 0.013000
0 0.466500 0.348000 0.031000 0.031000
0 0.666500 0.349000 0.018000 0.018000
0 0.172000 0.707500 0.013000 0.023000
0 0.553000 0.442500 0.013000 0.016000
0 0.670500 0.781000 0.013000 0.013000
0 0.255500 0.433500 0.014000 0.010000
0 0.409500 0.613500 0.018000 0.017000
0 0.614500 0.442500 0.030000 0.028000
0 0.141500 0.483000 0.026000 0.024000
0 0.403500 0.619000 0.023000 0.024000
0 0.386000 0.447500 0.024000 0.022000
0 0.641500 0.486000 0.018000 0.018000
0 0.284500 0.370000 0.019000 0.021000
0 0.476500 0.916500 0.009000 0.012000
0 0.756000 0.199000 0.024000 0.018000
0 0.418000 0.752500 0.026000 0.027000
0 0.475500 0.464000 0.018000 0.016000
0 0.532000 0.353500 0.013000 0.017000
0 0.446500 0.279500 0.015000 0.015000
0 0.279500 0.789500 0.033000 0.029000
0 0.122500 0.643000 0.023000 0.024000
0 0.459000 0.650000 0.011000 0.013000
0 0.437500 0.563000 0.019000 0.017000
0 0.754000 0.625500 0.024000 0.026000
0 0.435000 0.693000 0.018000 0.017000
0 0.604000 0.323500 0.024000 0.018000
0 0.704500 0.386500 0.019000 0.023000
0 0.614500 0.379500 0.033000 0.032000
0 0.260000 0.329500 0.020000 0.019000
0 0.729000 0.423000 0.012000 0.011000
0 0.541000 0.539000 0.016000 0.018000
0 0.386000 0.713500 0.017000 0.017000
0 0.490000 0.560000 0.019000 0.018000
0 0.297500 0.205000 0.022000 0.022000
0 0.858500 0.418500 0.020000 0.021000
0 0.362500 0.745000 0.026000 0.025000
0 0.299000 0.324000 0.017000 0.017000
0 0.513000 0.487000 0.026000 0.029000
0 0.487000 0.545500 0.026000 0.032000
0 0.487500 0.730250 0.009000 0.011500
0 0.569500 0.488000 0.015000 0.022000
0 0.473000 0.324500 0.013000 0.011000
0 0.512000 0.701000 0.023000 0.026000
0 0.141000 0.469500 0.019000 0.018000
0 0.526000 0.845500 0.013000 0.012000
0 0.223500 0.257500 0.027000 0.027000
0 0.465000 0.840500 0.024000 0.024000
0 0.499000 0.513500 0.013000 0.010000
0 0.535000 0.901500 0.026000 0.029000
0 0.697000 0.584500 0.021000 0.024000
0 0.532500 0.359500 0.031000 0.023000
0 0.476500 0.434000 0.012000 0.009000
0 0.576500 0.205500 0.022000 0.015000
0 0.629500 0.576000 0.021000 0.025000
0 0.598000 0.309000 0.014000 0.012000
0 0.887500 0.382000 0.019000 0.019000
0 0.571500 0.532000 0.021000 0.021000
0 0.794000 0.327500 0.018000 0.018000
0 0.535000 0.491500 0.017000 0.018000
0 0.432000 0.642500 0.019000 0.014000
0 0.626500 0.353000 0.015000 0.015000
0 0.380500 0.560000 0.015000 0.013000
0 0.499500 0.437000 0.012000 0.013000
0 0.499000 0.256500 0.021000 0.020000
0 0.591000 0.124000 0.025000 0.023000
0 0.386500 0.249500 0.025000 0.030000
0 0.891500 0.620500 0.014000 0.014000
0 0.604000 0.439000 0.020000 0.020000
0 0.745500 0.495500 0.022000 0.027000
0 0.479500 0.122500 0.017000 0.019000
0 0.292500 0.555500 0.019000 0.019000
0 0.809500 0.653000 0.021000 0.021000
0 0.194000 0.394000 0.013000 0.011000
0 0.505500 0.543500 0.017000 0.016000
0 0.819000 0.599000 0.021000 0.020000
0 0.295500 0.666500 0.016000 0.014000
0 0.585000 0.588500 0.019000 0.018000
0 0.562500 0.085500 0.025000 0.016000
0 0.489000 0.496500 0.024000 0.024000
0 0.565500 0.165000 0.024000 0.031000
0 0.502500 0.642500 0.021000 0.017000
0 0.545500 0.351000 0.027000 0.023000
0 0.148000 0.558000 0.015000 0.016000
0 0.427000 0.126500 0.026000 0.029000
0 0.608500 0.873000 0.022000 0.024000
0 0.622500 0.878000 0.021000 0.022000
0 0.566000 0.211000 0.026000 0.026000
0 0.402500 0.296000 0.017000 0.018000
0 0.613000 0.275500 0.028000 0.024000
0 0.861000 0.644500 0.022000 0.022000
0 0.750500 0.197000 0.024000 0.023000
0 0.714500 0.836000 0.026000 0.034000
0 0.529000 0.444500 0.027000 0.028000
0 0.354000 0.580500 0.018000 0.018000
0 0.587000 0.519000 0.020000 0.020000
0 0.531000 0.199500 0.024000 0.022000
0 0.553500 0.509000 0.023000 0.020000
0 0.466000 0.704000 0.015000 0.016000
0 0.332000 0.270500 0.018000 0.016000
0 0.446500 0.777500 0.020000 0.021000
0 0.434500 0.861000 0.013000 0.013000
0 0.596000 0.801500 0.028000 0.025000
0 0.646500 0.837000 0.028000 0.029000
0 0.224000 0.625500 0.020000 0.021000
0 0.194500 0.700000 0.012000 0.011000
0 0.336000 0.744500 0.016000 0.017000
0 0.486000 0.797500 0.028000 0.026000
0 0.396500 0.706500 0.017000 0.017000
0 0.333000 0.476000 0.027000 0.022000
0 0.260500 0.464000 0.015000 0.027000
0 0.536000 0.614000 0.024000 0.022000
0 0.462500 0.635500 0.030000 0.028000
0 0.255000 0.411500 0.016000 0.020000
0 0.449500 0.466500 0.011000 0.011000
0 0.550500 0.359500 0.026000 0.026000
0 0.825500 0.541000 0.014000 0.016000
0 0.391000 0.445000 0.013000 0.013000
0 0.119000 0.573500 0.016000 0.016000
0 0.304000 0.184500 0.013000 0.012000
0 0.106500 0.586000 0.018000 0.015000
0 0.335500 0.698500 0.028000 0.019000
0 0.297000 0.658000 0.028000 0.029000
0 0.563000 0.474500 0.016000 0.011000
0 0.467500 0.582500 0.026000 0.023000
0 0.423500 0.335500 0.028000 0.027000
0 0.478000 0.531000 0.030000 0.025000
0 0.522000 0.410500 0.023000 0.020000
0 0.432500 0.623000 0.020000 0.022000
0 0.486000 0.391500 0.014000 0.012000
0 0.684500 0.311000 0.016000 0.015000
0 0.757500 0.542500 0.021000 0.021000
0 0.554000 0.250000 0.022000 0.021000
0 0.215500 0.393000 0.025000 0.026000
0 0.411500 0.524500 0.011000 0.009000
0 0.465500 0.625500 0.032000 0.031000
0 0.438500 0.612500 0.018000 0.018000
0 0.436000 0.875250 0.012000 0.014500
0 0.514500 0.783500 0.014000 0.020000
0 0.411000 0.458000 0.020000 0.021000
0 0.485500 0.412000 0.012000 0.013000
0 0.520000 0.658000 0.011000 0.016000
0 0.428000 0.665500 0.017000 0.025000
0 0.336000 0.194500 0.011000 0.014000
0 0.562000 0.863500 0.024000 0.031000
0 0.277500 0.500000 0.014000 0.012000
0 0.614000 0.553500 0.015000 0.020000
0 0.818000 0.556500 0.021000 0.021000
0 0.679000 0.582500 0.025000 0.032000
0 0.403250 0.471250 0.017500 0.017500
0 0.537000 0.298500 0.031000 0.028000
0 0.727500 0.714500 0.020000 0.022000
0 0.809000 0.235500 0.016000 0.016000
0 0.471500 0.373500 0.017000 0.012000
0 0.540500 0.527500 0.016000 0.014000
0 0.574000 0.639500 0.016000 0.017000
0 0.744000 0.695500 0.030000 0.030000
0 0.255000 0.243000 0.017000 0.012000
0 0.664000 0.552000 0.033000 0.024000
0 0.518000 0.468500 0.026000 0.021000
0 0.271500 0.627000 0.013000 0.016000
0 0.887500 0.457500 0.013000 0.019000
0 0.692500 0.618000 0.011000 0.012000
0 0.312500 0.681500 0.021000 0.021000
0 0.796500 0.353000 0.025000 0.023000
0 0.521500 0.831000 0.027000 0.028000
0 0.380500 0.805500 0.025000 0.026000
0 0.867500 0.337500 0.013000 0.013000
0 0.389000 0.432000 0.014000 0.015000
0 0.440500 0.477500 0.016000 0.015000
0 0.396000 0.804500 0.026000 0.025000
0 0.285500 0.218000 0.011000 0.015000
0 0.703500 0.314000 0.015000 0.015000
0 0.506000 0.508000 0.011000 0.020000
0 0.437000 0.257000 0.018000 0.019000
0 0.661000 0.355500 0.020000 0.022000
0 0.685000 0.605500 0.019000 0.013000
0 0.408000 0.531500 0.011000 0.014000
0 0.283500 0.613000 0.021000 0.019000
0 0.440000 0.311500 0.020000 0.017000
0 0.504500 0.715500 0.017000 0.018000
0 0.434000 0.408250 0.013000 0.017500
0 0.688000 0.735500 0.014000 0.014000
0 0.636500 0.854500 0.029000 0.029000
0 0.431500 0.765500 0.019000 0.020000
0 0.253000 0.586000 0.023000 0.022000
0 0.340000 0.290000 0.022000 0.018000
0 0.249000 0.423000 0.018000 0.024000
0 0.651500 0.244500 0.013000 0.024000
0 0.526500 0.855000 0.010000 0.009000
0 0.717000 0.775500 0.010000 0.013000
0 0.735000 0.833000 0.015000 0.015000
0 0.701500 0.723000 0.009000 0.013000
0 0.127000 0.324000 0.019000 0.018000
0 0.443500 0.356000 0.016000 0.016000
0 0.465500 0.260500 0.022000 0.024000
0 0.285000 0.313500 0.009000 0.013000
0 0.462500 0.726000 0.017000 0.017000
0 0.505000 0.552500 0.022000 0.021000
0 0.693000 0.474000 0.013000 0.013000
0 0.735000 0.232000 0.023000 0.026000
0 0.298500 0.142000 0.025000 0.030000
0 0.661500 0.223000 0.036000 0.027000
0 0.624500 0.302000 0.016000 0.019000
0 0.527500 0.378500 0.010000 0.011000
0 0.550500 0.452500 0.009000 0.013000
0 0.580000 0.353500 0.022000 0.023000
0 0.481000 0.524500 0.010000 0.013000
0 0.471750 0.545000 0.020500 0.014000
0 0.373000 0.594500 0.026000 0.022000
0 0.134500 0.452500 0.022000 0.020000
0 0.485000 0.688500 0.016000 0.016000
0 0.229000 0.408000 0.018000 0.015000
0 0.225500 0.747000 0.024000 0.025000
0 0.718000 0.334500 0.030000 0.030000
0 0.730000 0.362500 0.012000 0.013000
0 0.457000 0.832500 0.022000 0.025000
0 0.322000 0.836500 0.022000 0.025000
0 0.547000 0.283000 0.019000 0.021000
0 0.244500 0.753500 0.015000 0.016000
0 0.511500 0.522500 0.012000 0.010000
0 0.177500 0.728000 0.026000 0.021000
0 0.644750 0.617000 0.023500 0.017000
0 0.588000 0.362500 0.019000 0.021000
0 0.370500 0.205000 0.018000 0.018000
0 0.744000 0.282500 0.023000 0.020000
0 0.835000 0.322000 0.016000 0.017000
0 0.539500 0.440500 0.025000 0.023000
0 0.130000 0.609500 0.016000 0.026000
0 0.660500 0.748500 0.014000 0.017000
0 0.283000 0.671000 0.025000 0.028000
0 0.324000 0.230500 0.019000 0.023000
0 0.425500 0.723000 0.029000 0.030000
0 0.803000 0.680000 0.022000 0.023000
0 0.397000 0.502500 0.031000 0.024000
0 0.710500 0.616000 0.023000 0.024000
0 0.644000 0.436000 0.017000 0.025000
0 0.418000 0.499000 0.010000 0.012000
0 0.163500 0.468000 0.028000 0.022000
0 0.509000 0.618000 0.018000 0.018000
0 0.399000 0.369500 0.019000 0.019000
0 0.459000 0.578000 0.012000 0.016000
0 0.584500 0.494500 0.022000 0.026000
0 0.511000 0.605500 0.031000 0.022000
0 0.200000 0.525000 0.022000 0.015000
0 0.684500 0.422500 0.024000 0.030000
0 0.756000 0.688000 0.016000 0.013000
0 0.612000 0.578500 0.025000 0.023000
0 0.627000 0.370500 0.021000 0.022000
0 0.486000 0.155000 0.018000 0.022000
0 0.460000 0.309000 0.017000 0.013000
0 0.298500 0.343500 0.025000 0.022000
0 0.525500 0.471500 0.032000 0.020000
0 0.609500 0.730000 0.017000 0.013000
0 0.463500 0.487500 0.023000 0.016000
0 0.324000 0.738000 0.021000 0.018000
0 0.269500 0.155500 0.022000 0.018000
0 0.680500 0.560500 0.015000 0.014000
0 0.264000 0.607500 0.019000 0.020000
0 0.221000 0.806500 0.013000 0.012000
0 0.403500 0.479500 0.022000 0.017000
0 0.275500 0.441500 0.023000 0.028000
0 0.258000 0.793000 0.016000 0.015000
0 0.419000 0.098000 0.019000 0.022000
0 0.389500 0.719000 0.027000 0.025000
0 0.783000 0.649500 0.027000 0.026000
0 0.839500 0.393000 0.018000 0.016000
0 0.400000 0.498000 0.020000 0.021000
0 0.250500 0.403000 0.019000 0.013000
0 0.609000 0.255500 0.012000 0.012000
0 0.393500 0.621500 0.009000 0.013000
0 0.537500 0.647500 0.013000 0.010000
0 0.402500 0.360000 0.020000 0.017000
0 0.627500 0.249500 0.014000 0.016000
0 0.350500 0.542000 0.020000 0.018000
0 0.396000 0.647000 0.019000 0.019000
0 0.393500 0.530500 0.026000 0.019000
0 0.305000 0.287000 0.020000 0.020000
0 0.497000 0.466000 0.024000 0.025000
0 0.449500 0.571000 0.019000 0.023000
0 0.087500 0.553000 0.024000 0.024000
0 0.397000 0.118000 0.014000 0.014000
0 0.577000 0.460500 0.011000 0.009000
0 0.689500 0.457000 0.025000 0.027000
0 0.520500 0.625000 0.021000 0.019000
0 0.740000 0.511500 0.017000 0.016000
0 0.636000 0.458500 0.021000 0.021000
0 0.243500 0.526250 0.010000 0.014500
0 0.445500 0.165500 0.010000 0.014000
0 0.776500 0.462000 0.010000 0.011000
0 0.211000 0.559000 0.027000 0.026000
0 0.487500 0.428000 0.011000 0.012000
0 0.399000 0.630000 0.023000 0.024000
0 0.433500 0.453000 0.023000 0.026000
0 0.865500 0.415500 0.022000 0.034000
0 0.433500 0.507500 0.013000 0.009000
0 0.358500 0.540500 0.021000 0.024000
0 0.694500 0.648500 0.017000 0.012000
0 0.750000 0.343500 0.030000 0.032000
0 0.611000 0.776000 0.028000 0.026000
0 0.457500 0.213500 0.017000 0.018000
0 0.380000 0.527500 0.013000 0.019000
0 0.279000 0.659000 0.018000 0.017000
0 0.346000 0.591000 0.021000 0.031000
0 0.206500 0.355500 0.020000 0.019000
0 0.177750 0.487000 0.023500 0.016000
0 0.492500 0.695000 0.014000 0.018000
0 0.641000 0.583500 0.023000 0.019000
0 0.400000 0.315500 0.017000 0.020000
0 0.537000 0.420500 0.030000 0.034000
0 0.546000 0.226000 0.028000 0.029000
0 0.357000 0.159500 0.017000 0.018000
0 0.374000 0.326000 0.011000 0.013000
0 0.175000 0.610500 0.015000 0.016000
0 0.713500 0.719500 0.014000 0.012000
0 0.407000 0.499500 0.016000 0.020000
0 0.600500 0.697000 0.019000 0.019000
0 0.677500 0.418500 0.018000 0.016000
0 0.492000 0.602000 0.035000 0.027000
0 0.778000 0.534500 0.013000 0.016000
0 0.812500 0.450500 0.023000 0.022000
0 0.376500 0.401000 0.018000 0.018000
0 0.601500 0.402500 0.019000 0.022000
0 0.544000 0.568000 0.028000 0.029000
0 0.644500 0.628500 0.015000 0.015000
0 0.866500 0.661000 0.025000 0.024000
0 0.542000 0.359500 0.016000 0.013000
0 0.516000 0.593000 0.018000 0.022000
0 0.489000 0.595500 0.013000 0.015000
0 0.395500 0.389500 0.014000 0.014000
0 0.294500 0.388500 0.011000 0.016000
0 0.282500 0.436500 0.032000 0.034000
0 0.642500 0.213500 0.012000 0.018000
0 0.089500 0.561000 0.025000 0.025000
0 0.366500 0.552500 0.017000 0.020000
0 0.467000 0.521500 0.019000 0.018000
0 0.555000 0.401500 0.010000 0.010000
0 0.473000 0.838500 0.014000 0.011000
0 0.257000 0.450500 0.019000 0.021000
0 0.718000 0.580500 0.017000 0.017000
0 0.770500 0.546000 0.019000 0.024000
0 0.509500 0.848000 0.016000 0.011000
0 0.775000 0.278500 0.016000 0.018000
0 0.217500 0.211000 0.014000 0.013000
0 0.435750 0.551000 0.023500 0.016000
0 0.853000 0.726500 0.017000 0.024000
0 0.403500 0.657500 0.015000 0.022000
0 0.558000 0.516000 0.027000 0.029000
0 0.447500 0.538500 0.016000 0.019000
0 0.711500 0.408500 0.020000 0.027000
0 0.682500 0.405000 0.025000 0.025000
0 0.502500 0.379000 0.013000 0.012000
0 0.471500 0.826500 0.033000 0.029000
0 0.531500 0.720500 0.014000 0.016000
0 0.882500 0.512500 0.022000 0.022000
0 0.653000 0.738000 0.015000 0.021000
0 0.866500 0.499000 0.027000 0.025000
0 0.396000 0.231000 0.022000 0.030000
0 0.742000 0.534500 0.013000 0.014000
0 0.665500 0.607500 0.014000 0.015000
0 0.716000 0.300500 0.016000 0.023000
0 0.215000 0.217500 0.015000 0.014000
0 0.537000 0.504500 0.012000 0.013000
0 0.627500 0.401000 0.018000 0.022000
0 0.568000 0.573000 0.031000 0.033000
0 0.484500 0.509000 0.012000 0.012000
0 0.830000 0.404500 0.024000 0.019000
0 0.726000 0.373500 0.009000 0.009000
0 0.294000 0.527000 0.021000 0.017000
0 0.533000 0.545500 0.017000 0.017000
0 0.510000 0.471500 0.027000 0.027000
0 0.220500 0.276000 0.023000 0.025000
0 0.548000 0.528000 0.027000 0.023000
0 0.587500 0.227500 0.024000 0.021000
0 0.480000 0.311500 0.015000 0.019000
0 0.263000 0.654500 0.027000 0.029000
0 0.579000 0.128500 0.011000 0.010000
0 0.626000 0.581000 0.024000 0.019000
0 0.532000 0.518500 0.013000 0.020000
0 0.792500 0.485500 0.017000 0.020000
0 0.779500 0.702000 0.016000 0.023000
0 0.241000 0.718000 0.019000 0.020000
0 0.364500 0.349500 0.026000 0.027000
0 0.772500 0.203000 0.028000 0.025000
0 0.362000 0.169500 0.021000 0.023000
0 0.392000 0.464000 0.018000 0.019000
0 0.569500 0.128500 0.012000 0.012000
0 0.576500 0.519000 0.012000 0.010000
0 0.311500 0.415000 0.028000 0.029000
0 0.634000 0.489500 0.024000 0.023000
0 0.284500 0.549000 0.018000 0.021000
0 0.668500 0.586000 0.024000 0.020000
0 0.874000 0.385500 0.018000 0.022000
0 0.753500 0.369500 0.025000 0.027000
0 0.705000 0.349000 0.016000 0.018000
0 0.795500 0.335000 0.018000 0.018000
0 0.825000 0.462000 0.018000 0.019000
0 0.632500 0.761000 0.020000 0.016000
0 0.371000 0.527500 0.026000 0.025000
0 0.523500 0.333500 0.012000 0.013000
0 0.697500 0.671000 0.023000 0.031000
0 0.546500 0.451500 0.019000 0.018000
0 0.524500 0.242000 0.022000 0.022000
0 0.484000 0.458500 0.034000 0.033000
0 0.558000 0.662000 0.010000 0.014000
0 0.687000 0.502000 0.018000 0.018000
0 0.379000 0.703000 0.026000 0.022000
0 0.620500 0.466000 0.023000 0.024000
0 0.684500 0.364000 0.035000 0.026000
0 0.612000 0.199000 0.025000 0.019000
0 0.593500 0.790000 0.024000 0.026000
0 0.634000 0.362000 0.019000 0.017000
0 0.364500 0.682000 0.025000 0.021000
0 0.504500 0.496000 0.018000 0.025000
0 0.523500 0.339500 0.018000 0.019000
0 0.352000 0.716000 0.028000 0.030000
0 0.763500 0.269000 0.028000 0.028000
0 0.124000 0.474000 0.024000 0.026000
0 0.758500 0.236500 0.010000 0.010000
0 0.397000 0.242500 0.014000 0.014000
0 0.246000 0.627000 0.025000 0.023000
0 0.551500 0.613000 0.019000 0.025000
0 0.777500 0.406000 0.024000 0.023000
0 0.524000 0.434500 0.015000 0.015000
0 0.838000 0.586000 0.022000 0.016000
0 0.550000 0.474500 0.020000 0.026000
0 0.186000 0.306500 0.023000 0.018000
0 0.437000 0.352000 0.027000 0.028000
0 0.534000 0.306500 0.010000 0.010000
0 0.894500 0.527500 0.016000 0.016000
0 0.867500 0.304000 0.020000 0.024000
0 0.619000 0.742000 0.031000 0.019000
0 0.674500 0.829000 0.019000 0.019000
0 0.790000 0.516000 0.012000 0.011000