0 0.506500 0.502500 0.013000 0.016000
0 0.629500 0.398500 0.024000 0.023000
0 0.272000 0.656000 0.014000 0.015000
0 0.434500 0.530500 0.019000 0.028000
0 0.593000 0.609500 0.016000 0.016000
0 0.666500 0.359500 0.021000 0.020000
0 0.703000 0.437000 0.014000 0.015000
0 0.804500 0.329500 0.023000 0.018000
0 0.856500 0.299000 0.018000 0.015000
0 0.561500 0.527000 0.014000 0.013000
0 0.470500 0.478500 0.020000 0.017000
0 0.160500 0.543500 0.025000 0.023000
0 0.441500 0.320000 0.027000 0.021000
0 0.465000 0.413500 0.033000 0.023000
0 0.494500 0.497000 0.016000 0.018000
0 0.712000 0.551500 0.022000 0.018000
0 0.744000 0.238500 0.019000 0.020000
0 0.601500 0.510500 0.014000 0.015000
0 0.578500 0.454000 0.016000 0.016000
0 0.413500 0.712000 0.027000 0.030000
0 0.462000 0.791000 0.015000 0.017000
0 0.395500 0.657000 0.025000 0.019000
0 0.129500 0.670500 0.021000 0.019000
0 0.409000 0.169500 0.016000 0.015000
0 0.438500 0.269500 0.017000 0.018000
0 0.424500 0.834500 0.021000 0.028000
0 0.287500 0.221500 0.023000 0.023000
0 0.498500 0.335000 0.017000 0.018000
0 0.632750 0.367500 0.023500 0.016000
0 0.447000 0.431000 0.011000 0.010000
0 0.837500 0.501500 0.031000 0.030000
0 0.461500 0.499500 0.028000 0.017000
0 0.475500 0.508500 0.026000 0.025000
0 0.700500 0.630000 0.013000 0.011000
0 0.237500 0.425500 0.015000 0.022000
0 0.539500 0.720500 0.015000 0.019000
0 0.473000 0.498000 0.022000 0.028000
0 0.901000 0.458000 0.013000 0.015000
0 0.887500 0.481500 0.014000 0.011000
0 0.525000 0.608500 0.013000 0.012000
0 0.564500 0.548500 0.020000 0.017000
0 0.727500 0.808000 0.017000 0.015000
0 0.091500 0.542500 0.012000 0.013000
0 0.419000 0.520500 0.021000 0.023000
0 0.710500 0.817500 0.011000 0.011000
0 0.575500 0.486000 0.022000 0.029000
0 0.442500 0.677000 0.035000 0.034000
0 0.492750 0.558000 0.023500 0.020000
0 0.505000 0.306500 0.018000 0.022000
0 0.531000 0.475500 0.010000 0.012000
0 0.408000 0.406000 0.022000 0.015000
0 0.532500 0.329000 0.032000 0.032000
0 0.628000 0.694000 0.018000 0.015000
0 0.499000 0.499500 0.016000 0.013000
0 0.594500 0.535000 0.023000 0.025000
0 0.903000 0.586000 0.026000 0.029000
0 0.865000 0.694000 0.017000 0.019000
0 0.615500 0.337000 0.011000 0.012000
0 0.348000 0.617000 0.014000 0.023000
0 0.559000 0.702500 0.012000 0.011000
0 0.409500 0.654500 0.016000 0.016000
0 0.671500 0.478000 0.024000 0.019000
0 0.343500 0.508000 0.021000 0.022000
0 0.886500 0.544500 0.018000 0.011000
0 0.370000 0.262500 0.024000 0.024000
0 0.422500 0.537500 0.018000 0.015000
0 0.779500 0.695000 0.022000 0.023000
0 0.452000 0.604000 0.021000 0.018000
0 0.211000 0.311000 0.018000 0.018000
0 0.503500 0.450500 0.021000 0.017000
0 0.512000 0.533000 0.016000 0.012000
0 0.543500 0.354500 0.013000 0.015000
0 0.605000 0.722000 0.018000 0.016000
0 0.408000 0.880000 0.023000 0.027000
0 0.469500 0.585000 0.021000 0.022000
0 0.273500 0.763500 0.014000 0.018000
0 0.447000 0.497000 0.024000 0.026000
0 0.410000 0.865000 0.016000 0.017000
0 0.612000 0.888000 0.026000 0.028000
0 0.327500 0.147500 0.018000 0.015000
0 0.200500 0.778500 0.032000 0.022000
0 0.426500 0.135500 0.018000 0.017000
0 0.741000 0.559000 0.017000 0.022000
0 0.499500 0.485500 0.023000 0.021000
0 0.523000 0.474500 0.012000 0.011000
0 0.209500 0.634000 0.018000 0.023000
0 0.342000 0.631500 0.016000 0.018000
0 0.540500 0.461000 0.020000 0.021000
0 0.746000 0.581000 0.025000 0.025000
0 0.434000 0.704500 0.009000 0.013000
0 0.464000 0.677000 0.026000 0.025000
0 0.469500 0.338000 0.027000 0.024000
0 0.355500 0.514000 0.011000 0.012000
0 0.644500 0.159500 0.021000 0.021000
0 0.449500 0.613000 0.015000 0.018000
0 0.168500 0.607500 0.022000 0.020000
0 0.674500 0.482000 0.021000 0.025000
0 0.673000 0.714500 0.015000 0.016000
0 0.480500 0.442750 0.008000 0.011500
0 0.468500 0.467000 0.014000 0.014000
0 0.415000 0.450000 0.028000 0.021000
0 0.313000 0.476500 0.019000 0.020000
0 0.391500 0.371000 0.024000 0.019000
0 0.407500 0.749000 0.016000 0.023000
0 0.261000 0.454500 0.015000 0.017000
0 0.428000 0.520000 0.013000 0.014000
0 0.546500 0.494500 0.008000 0.009000
0 0.836500 0.338500 0.025000 0.024000
0 0.643500 0.704500 0.024000 0.027000
0 0.459500 0.869000 0.009000 0.009000
0 0.558000 0.552500 0.012000 0.012000
0 0.235000 0.633500 0.018000 0.022000
0 0.481500 0.552000 0.022000 0.019000
0 0.685500 0.789000 0.020000 0.016000
0 0.605500 0.235500 0.015000 0.015000
0 0.555500 0.650500 0.017000 0.017000
0 0.432000 0.114000 0.019000 0.023000
0 0.146000 0.566500 0.020000 0.016000
0 0.599500 0.465500 0.013000 0.011000
0 0.545000 0.521000 0.020000 0.020000
0 0.200000 0.532500 0.026000 0.025000
0 0.250000 0.544000 0.023000 0.024000
0 0.456000 0.553500 0.011000 0.014000
0 0.914000 0.459000 0.022000 0.025000
0 0.689000 0.520500 0.015000 0.018000
0 0.480000 0.645500 0.025000 0.022000
0 0.503500 0.630500 0.016000 0.022000
0 0.781500 0.717500 0.023000 0.024000
0 0.752500 0.532500 0.013000 0.013000
0 0.879000 0.407000 0.019000 0.018000
0 0.371000 0.318000 0.014000 0.016000
0 0.504500 0.831500 0.026000 0.022000
0 0.790000 0.464500 0.022000 0.023000
0 0.542500 0.435000 0.027000 0.020000
0 0.175000 0.385500 0.018000 0.020000
0 0.685000 0.449500 0.018000 0.025000
0 0.680500 0.381500 0.019000 0.026000
0 0.743000 0.173000 0.022000 0.020000
0 0.662500 0.710500 0.029000 0.029000
0 0.421000 0.780000 0.025000 0.024000
0 0.317500 0.197000 0.016000 0.015000
0 0.330000 0.425500 0.015000 0.016000
0 0.570500 0.640000 0.030000 0.022000
0 0.351500 0.891500 0.017000 0.019000
0 0.901000 0.419500 0.024000 0.022000
0 0.451500 0.441000 0.022000 0.027000
0 0.228500 0.363500 0.017000 0.014000
0 0.455000 0.443500 0.018000 0.015000
0 0.531000 0.502000 0.026000 0.024000
0 0.465000 0.397000 0.020000 0.022000
0 0.359000 0.748500 0.026000 0.022000
0 0.871000 0.522500 0.022000 0.015000
0 0.431000 0.361500 0.018000 0.028000
0 0.510500 0.296500 0.018000 0.013000
0 0.366000 0.465500 0.023000 0.023000
0 0.430000 0.671500 0.028000 0.028000
0 0.392500 0.099000 0.023000 0.023000
0 0.107000 0.549500 0.020000 0.025000
0 0.757500 0.645000 0.022000 0.022000
0 0.396000 0.568500 0.026000 0.030000
0 0.394500 0.549500 0.016000 0.019000
0 0.230500 0.671500 0.033000 0.027000
0 0.531000 0.516500 0.014000 0.014000
0 0.229000 0.505500 0.030000 0.028000
0 0.630500 0.297000 0.016000 0.017000
0 0.423500 0.329500 0.013000 0.014000
0 0.289000 0.412500 0.020000 0.018000
0 0.635500 0.178500 0.011000 0.012000
0 0.384000 0.743000 0.020000 0.018000
0 0.552000 0.307000 0.019000 0.024000
0 0.708500 0.285000 0.034000 0.028000
0 0.504500 0.752500 0.018000 0.026000
0 0.616500 0.795500 0.024000 0.020000
0 0.498000 0.080000 0.029000 0.017000
0 0.564500 0.897000 0.029000 0.034000
0 0.510000 0.498500 0.029000 0.031000
0 0.754000 0.213000 0.022000 0.017000
0 0.176000 0.451000 0.028000 0.028000
0 0.193500 0.464500 0.030000 0.029000
0 0.346000 0.534500 0.018000 0.012000
0 0.415000 0.396000 0.013000 0.013000
0 0.545500 0.688000 0.020000 0.019000
0 0.794000 0.542500 0.018000 0.015000
0 0.422500 0.418500 0.027000 0.020000
0 0.622000 0.569500 0.027000 0.023000
0 0.545500 0.483000 0.010000 0.013000
0 0.638500 0.332000 0.009000 0.012000
0 0.455500 0.656000 0.013000 0.013000
0 0.469500 0.502000 0.020000 0.022000
0 0.652000 0.438500 0.032000 0.033000
0 0.161500 0.473000 0.017000 0.025000
0 0.727000 0.489000 0.025000 0.021000
0 0.164000 0.435000 0.016000 0.015000
0 0.198500 0.404000 0.020000 0.021000
0 0.124000 0.655000 0.026000 0.025000
0 0.542500 0.570000 0.008000 0.009000
0 0.677000 0.241000 0.021000 0.021000
0 0.546000 0.288000 0.024000 0.028000
0 0.455500 0.470500 0.018000 0.019000
0 0.841000 0.399500 0.010000 0.013000
0 0.291500 0.854000 0.018000 0.015000
0 0.602000 0.628500 0.014000 0.014000
0 0.251000 0.332000 0.014000 0.013000
0 0.520500 0.505500 0.017000 0.016000
0 0.658000 0.576500 0.015000 0.015000
0 0.330500 0.689500 0.014000 0.017000
0 0.848500 0.678000 0.024000 0.025000
0 0.688000 0.183000 0.019000 0.019000
0 0.659000 0.305500 0.012000 0.016000
0 0.513500 0.518500 0.013000 0.012000
0 0.603000 0.678000 0.029000 0.024000
0 0.726500 0.406000 0.034000 0.035000
0 0.732000 0.553000 0.023000 0.023000
0 0.732000 0.244000 0.024000 0.024000
0 0.831500 0.287000 0.021000 0.018000
0 0.775750 0.493000 0.023500 0.017000
0 0.605000 0.865500 0.032000 0.024000
0 0.466500 0.552000 0.020000 0.020000
0 0.487500 0.509000 0.014000 0.012000
0 0.815000 0.628000 0.021000 0.019000
0 0.752500 0.597500 0.022000 0.019000
0 0.629000 0.469500 0.020000 0.024000
0 0.704500 0.461500 0.018000 0.018000
0 0.549000 0.196000 0.021000 0.017000
0 0.527000 0.555000 0.021000 0.020000
0 0.333000 0.808500 0.016000 0.014000
0 0.600500 0.739500 0.020000 0.018000
0 0.744500 0.247500 0.027000 0.026000
0 0.325500 0.651500 0.012000 0.014000
0 0.560000 0.499000 0.021000 0.022000
0 0.531500 0.671000 0.021000 0.022000
0 0.455500 0.530000 0.013000 0.012000
0 0.300500 0.568500 0.028000 0.022000
0 0.200000 0.497000 0.018000 0.024000
0 0.526000 0.543000 0.022000 0.026000
0 0.416500 0.501000 0.011000 0.011000
0 0.374000 0.516000 0.011000 0.014000
0 0.683500 0.417000 0.019000 0.017000
0 0.318000 0.482500 0.022000 0.021000
0 0.357000 0.677000 0.021000 0.022000
0 0.259500 0.378500 0.011000 0.013000
0 0.183000 0.596000 0.008000 0.014000
0 0.273500 0.460000 0.026000 0.024000
0 0.541000 0.508000 0.017000 0.020000
0 0.493000 0.524000 0.024000 0.022000
0 0.735500 0.253000 0.017000 0.015000
0 0.664000 0.230500 0.029000 0.028000
0 0.409500 0.323000 0.023000 0.019000
0 0.611500 0.293000 0.014000 0.016000
0 0.665000 0.342000 0.013000 0.012000
0 0.793000 0.342000 0.033000 0.024000
0 0.664500 0.640500 0.025000 0.021000
0 0.625000 0.240500 0.027000 0.020000
0 0.378000 0.675000 0.031000 0.029000
0 0.263000 0.647500 0.019000 0.016000
0 0.606500 0.177000 0.015000 0.014000
0 0.568500 0.881000 0.025000 0.031000
0 0.661500 0.451000 0.020000 0.020000
0 0.568250 0.771500 0.023500 0.016000
0 0.550500 0.775000 0.011000 0.011000
0 0.303000 0.791500 0.015000 0.010000
0 0.486000 0.485000 0.013000 0.010000
0 0.437000 0.365500 0.026000 0.024000
0 0.324000 0.840000 0.013000 0.013000
0 0.391000 0.399000 0.030000 0.030000
0 0.494500 0.724000 0.015000 0.022000
0 0.257000 0.324000 0.033000 0.033000
0 0.518500 0.900500 0.016000 0.015000
0 0.441500 0.657500 0.012000 0.015000
0 0.518500 0.198500 0.022000 0.024000
0 0.703000 0.334500 0.018000 0.017000
0 0.438500 0.420000 0.026000 0.031000
0 0.513000 0.492500 0.018000 0.024000
0 0.654500 0.545500 0.023000 0.024000
0 0.652000 0.487500 0.016000 0.016000
0 0.245500 0.299000 0.010000 0.016000
0 0.813000 0.440000 0.020000 0.018000
0 0.492000 0.464500 0.027000 0.025000
0 0.199000 0.717500 0.015000 0.016000
0 0.428000 0.657500 0.016000 0.016000
0 0.443000 0.504500 0.022000 0.019000
0 0.321000 0.277000 0.016000 0.016000
0 0.218000 0.511500 0.015000 0.013000
0 0.467000 0.328500 0.012000 0.012000
0 0.235000 0.492000 0.024000 0.021000
0 0.503500 0.150500 0.011000 0.008000
0 0.743000 0.462000 0.019000 0.017000
0 0.580000 0.312000 0.027000 0.027000
0 0.496000 0.407000 0.018000 0.018000
0 0.308000 0.588500 0.030000 0.028000
0 0.799500 0.527000 0.021000 0.021000
0 0.837500 0.650500 0.013000 0.010000
0 0.857500 0.394000 0.013000 0.013000
0 0.730000 0.360500 0.027000 0.018000
0 0.194500 0.232000 0.026000 0.026000
0 0.513000 0.601500 0.022000 0.015000
0 0.473000 0.668000 0.017000 0.018000
0 0.387000 0.535000 0.014000 0.013000
0 0.387000 0.572000 0.023000 0.020000
0 0.583500 0.834000 0.023000 0.025000
0 0.199000 0.669000 0.019000 0.017000
0 0.793000 0.441500 0.021000 0.019000
0 0.588500 0.350500 0.014000 0.011000
0 0.803500 0.753000 0.021000 0.023000
0 0.499000 0.690500 0.019000 0.020000
0 0.504000 0.491500 0.013000 0.016000
0 0.435000 0.564500 0.028000 0.024000
0 0.595000 0.153500 0.019000 0.019000
0 0.419000 0.470500 0.017000 0.022000
0 0.540000 0.400500 0.012000 0.012000
0 0.566000 0.534000 0.022000 0.016000
0 0.651000 0.520000 0.021000 0.024000
0 0.613000 0.683000 0.018000 0.018000
0 0.649500 0.496500 0.014000 0.011000
0 0.330500 0.480000 0.017000 0.020000
0 0.402500 0.289500 0.023000 0.023000
0 0.437500 0.087000 0.017000 0.018000
0 0.522500 0.496500 0.011000 0.016000
0 0.745500 0.190500 0.025000 0.021000
0 0.625000 0.415500 0.028000 0.024000
0 0.734000 0.516500 0.019000 0.020000
0 0.559000 0.413000 0.027000 0.030000
0 0.483500 0.537500 0.019000 0.020000
0 0.200500 0.338000 0.013000 0.011000
0 0.556000 0.583000 0.011000 0.011000
0 0.521000 0.595500 0.021000 0.019000
0 0.246500 0.373500 0.022000 0.019000
0 0.419500 0.797000 0.015000 0.014000
0 0.496500 0.423000 0.011000 0.015000
0 0.661500 0.530500 0.017000 0.018000
0 0.401000 0.091500 0.023000 0.024000
0 0.333500 0.758000 0.028000 0.033000
0 0.330000 0.528000 0.013000 0.014000
0 0.616500 0.349500 0.015000 0.018000
0 0.509500 0.522000 0.016000 0.016000
0 0.477500 0.211500 0.014000 0.014000
0 0.663000 0.680500 0.014000 0.011000
0 0.365500 0.586500 0.016000 0.014000
0 0.497500 0.650000 0.021000 0.024000
0 0.629500 0.310500 0.009000 0.011000
0 0.637500 0.559000 0.020000 0.020000
0 0.351500 0.589500 0.023000 0.020000
0 0.449000 0.805000 0.010000 0.010000
0 0.363000 0.644000 0.022000 0.025000
0 0.550500 0.466000 0.012000 0.016000
0 0.605750 0.184500 0.014500 0.010000
0 0.536500 0.608500 0.018000 0.025000
0 0.293500 0.824000 0.023000 0.020000
0 0.259500 0.841500 0.018000 0.022000
0 0.753000 0.448500 0.016000 0.016000
0 0.369500 0.374500 0.014000 0.015000
0 0.124500 0.534500 0.018000 0.029000
0 0.140500 0.336500 0.031000 0.031000
0 0.454000 0.510500 0.027000 0.021000
0 0.409000 0.370500 0.018000 0.017000
0 0.458500 0.184000 0.015000 0.014000
0 0.336750 0.355500 0.011500 0.008000
0 0.791000 0.505500 0.013000 0.011000
0 0.240500 0.566500 0.016000 0.021000
0 0.515500 0.544500 0.012000 0.010000
0 0.312000 0.642500 0.017000 0.019000
0 0.423000 0.551500 0.025000 0.032000
0 0.565000 0.357000 0.016000 0.017000
0 0.162000 0.462500 0.015000 0.014000
0 0.677500 0.140500 0.026000 0.026000
0 0.639500 0.400000 0.023000 0.025000
0 0.290000 0.242000 0.013000 0.012000
0 0.459500 0.489500 0.013000 0.012000
0 0.525000 0.311500 0.021000 0.020000
0 0.294500 0.627000 0.012000 0.009000
0 0.380500 0.506500 0.019000 0.021000
0 0.348500 0.577000 0.027000 0.021000
0 0.224000 0.603000 0.011000 0.013000
0 0.325000 0.247250 0.016000 0.023500
0 0.352500 0.825500 0.027000 0.023000
0 0.387000 0.677500 0.010000 0.018000
0 0.522000 0.471000 0.017000 0.016000
0 0.813000 0.388000 0.027000 0.023000
0 0.663500 0.486500 0.022000 0.022000
0 0.500500 0.433000 0.014000 0.010000
0 0.363500 0.520500 0.017000 0.015000
0 0.246000 0.735000 0.019000 0.021000
0 0.684500 0.439500 0.023000 0.024000
0 0.805000 0.741000 0.023000 0.023000
0 0.189500 0.338500 0.022000 0.022000
0 0.867500 0.536500 0.023000 0.022000
0 0.683000 0.830500 0.028000 0.018000
0 0.510000 0.478000 0.026000 0.029000
0 0.580500 0.402500 0.010000 0.009000
0 0.779000 0.538500 0.017000 0.019000
0 0.516500 0.374500 0.025000 0.034000
0 0.608000 0.541500 0.012000 0.020000
0 0.108500 0.476500 0.027000 0.030000
0 0.351500 0.484000 0.026000 0.021000
0 0.466000 0.457000 0.019000 0.029000
0 0.583500 0.798000 0.015000 0.017000
0 0.369000 0.195000 0.017000 0.019000
0 0.413500 0.432000 0.017000 0.024000
0 0.299500 0.546500 0.022000 0.022000
0 0.588500 0.373500 0.019000 0.025000
0 0.654000 0.601500 0.014000 0.013000
0 0.823000 0.522500 0.014000 0.014000
0 0.715500 0.425500 0.025000 0.023000
0 0.254000 0.829500 0.019000 0.020000
0 0.470500 0.189000 0.012000 0.015000
0 0.798000 0.411000 0.019000 0.011000
0 0.277000 0.333000 0.029000 0.019000
0 0.177000 0.622000 0.014000 0.017000
0 0.839000 0.306500 0.011000 0.013000
0 0.514000 0.445000 0.011000 0.011000
0 0.589500 0.235500 0.021000 0.027000
0 0.657000 0.474500 0.013000 0.015000
0 0.488000 0.779000 0.021000 0.021000
0 0.492500 0.678500 0.027000 0.027000
0 0.471500 0.612500 0.029000 0.033000
0 0.520000 0.480500 0.016000 0.014000
0 0.254500 0.169500 0.019000 0.016000
0 0.530500 0.207000 0.026000 0.030000
0 0.454500 0.464500 0.017000 0.020000
0 0.201000 0.696000 0.014000 0.017000
0 0.484500 0.527500 0.019000 0.017000
0 0.436500 0.198500 0.016000 0.017000
0 0.495000 0.502000 0.009000 0.010000
0 0.285000 0.666000 0.029000 0.028000
0 0.493500 0.394000 0.012000 0.017000
0 0.496000 0.510000 0.017000 0.018000
0 0.424500 0.492500 0.018000 0.016000
0 0.855500 0.452000 0.022000 0.024000
0 0.728500 0.589500 0.026000 0.022000
0 0.562000 0.653000 0.013000 0.012000
0 0.683500 0.511500 0.013000 0.011000
0 0.565000 0.543000 0.014000 0.012000
0 0.698000 0.351000 0.015000 0.016000
0 0.602000 0.558000 0.010000 0.010000
0 0.430250 0.629000 0.032500 0.026000
0 0.270000 0.744500 0.016000 0.015000
0 0.560000 0.153500 0.029000 0.022000
0 0.528500 0.254000 0.010000 0.010000
0 0.462000 0.390000 0.022000 0.029000
0 0.279000 0.620000 0.021000 0.025000
0 0.162000 0.258500 0.025000 0.024000
0 0.658000 0.588000 0.019000 0.024000
0 0.239500 0.577750 0.021000 0.026500
0 0.572000 0.398500 0.010000 0.011000
0 0.443500 0.472000 0.015000 0.018000
0 0.787000 0.218000 0.025000 0.026000
0 0.276500 0.156500 0.027000 0.027000
0 0.212000 0.442000 0.014000 0.014000
0 0.528500 0.601500 0.009000 0.008000
0 0.346500 0.390500 0.022000 0.026000
0 0.226500 0.288500 0.016000 0.017000
0 0.392000 0.450500 0.014000 0.010000
0 0.281500 0.435500 0.014000 0.012000
0 0.576000 0.336500 0.026000 0.025000
0 0.443000 0.878000 0.018000 0.021000
0 0.754500 0.551500 0.022000 0.022000
0 0.425500 0.685000 0.010000 0.014000
0 0.248000 0.212000 0.019000 0.026000
0 0.359000 0.844500 0.026000 0.030000
0 0.703500 0.206500 0.017000 0.017000
0 0.438500 0.395500 0.019000 0.026000
0 0.474000 0.423750 0.012000 0.017500
0 0.230500 0.216000 0.017000 0.021000
0 0.819500 0.401500 0.018000 0.021000
0 0.366250 0.713000 0.020500 0.014000
0 0.394500 0.165000 0.017000 0.015000
0 0.624000 0.701500 0.015000 0.018000
0 0.251500 0.294500 0.020000 0.020000
0 0.796000 0.234000 0.022000 0.025000
0 0.621000 0.873000 0.024000 0.016000
0 0.642000 0.197000 0.031000 0.034000
0 0.797500 0.672500 0.010000 0.013000
0 0.347500 0.671000 0.014000 0.022000
0 0.533000 0.339500 0.026000 0.021000
0 0.587500 0.569500 0.028000 0.026000
0 0.460000 0.109000 0.013000 0.016000
0 0.905500 0.600500 0.016000 0.022000
0 0.875500 0.386000 0.012000 0.012000
0 0.870500 0.509500 0.018000 0.019000
0 0.803500 0.683250 0.022000 0.032500
0 0.528500 0.185500 0.032000 0.032000
0 0.629500 0.876000 0.020000 0.032000
0 0.357500 0.124500 0.020000 0.019000
0 0.747000 0.334000 0.022000 0.014000
0 0.760000 0.432000 0.015000 0.018000
0 0.562000 0.213500 0.018000 0.022000
0 0.181000 0.409500 0.028000 0.023000
0 0.478500 0.458500 0.016000 0.016000
0 0.575000 0.500500 0.013000 0.016000
0 0.637500 0.642500 0.018000 0.022000
0 0.528000 0.490000 0.020000 0.016000
0 0.416000 0.340500 0.033000 0.036000
0 0.591000 0.701500 0.024000 0.022000
0 0.511500 0.454500 0.011000 0.013000
0 0.546000 0.875500 0.016000 0.017000
0 0.492000 0.343500 0.011000 0.015000
0 0.800000 0.317000 0.017000 0.018000
0 0.382500 0.592500 0.017000 0.022000
0 0.591500 0.884500 0.021000 0.024000
0 0.383000 0.457500 0.019000 0.020000
0 0.765000 0.606500 0.017000 0.019000
0 0.372500 0.641500 0.015000 0.015000
0 0.584000 0.097500 0.025000 0.025000
0 0.794000 0.774000 0.018000 0.016000
0 0.521500 0.446500 0.018000 0.019000
0 0.598000 0.128000 0.019000 0.017000
0 0.389500 0.513500 0.027000 0.026000
0 0.452500 0.634000 0.025000 0.020000
0 0.498000 0.442000 0.021000 0.017000
0 0.580000 0.869500 0.022000 0.024000
0 0.633000 0.483500 0.017000 0.021000
0 0.457000 0.193500 0.017000 0.018000
0 0.393500 0.502500 0.017000 0.019000
0 0.722500 0.554000 0.012000 0.011000
0 0.699000 0.730000 0.030000 0.030000
0 0.585000 0.484000 0.013000 0.015000
0 0.510000 0.640500 0.011000 0.010000
0 0.594500 0.398250 0.018000 0.026500
0 0.664000 0.132000 0.021000 0.021000
0 0.754500 0.538500 0.016000 0.014000
0 0.646000 0.472000 0.033000 0.032000
0 0.722000 0.823500 0.021000 0.022000
0 0.720000 0.514000 0.022000 0.021000
0 0.894500 0.428500 0.017000 0.016000
0 0.448000 0.209000 0.015000 0.015000
0 0.692500 0.681500 0.030000 0.029000
0 0.801750 0.389500 0.023500 0.016000
0 0.651000 0.672500 0.009000 0.011000
0 0.896000 0.559500 0.032000 0.031000
0 0.667500 0.876500 0.016000 0.015000
0 0.395500 0.826500 0.020000 0.019000
0 0.512000 0.570000 0.023000 0.024000
0 0.247500 0.443000 0.009000 0.013000
0 0.701500 0.371000 0.016000 0.019000
0 0.629000 0.893000 0.023000 0.024000
0 0.577000 0.237000 0.025000 0.024000
0 0.615500 0.835000 0.020000 0.019000
0 0.481500 0.833000 0.014000 0.014000
0 0.606500 0.107000 0.027000 0.028000
0 0.414500 0.389000 0.024000 0.019000
0 0.148500 0.465000 0.011000 0.014000
0 0.257000 0.158500 0.024000 0.016000
0 0.703250 0.506000 0.014500 0.012000
0 0.426250 0.484500 0.014500 0.010000
0 0.365500 0.438000 0.017000 0.023000
0 0.539000 0.839500 0.020000 0.020000
0 0.461500 0.264500 0.018000 0.019000
0 0.452500 0.478500 0.013000 0.011000
0 0.602500 0.711500 0.020000 0.014000
0 0.520000 0.425500 0.018000 0.018000
0 0.211000 0.614500 0.031000 0.034000
0 0.667000 0.466500 0.013000 0.013000
0 0.566500 0.431000 0.019000 0.014000
0 0.521000 0.387000 0.018000 0.025000
0 0.495000 0.544250 0.015000 0.020500
0 0.451500 0.867500 0.027000 0.026000
0 0.282500 0.837500 0.027000 0.018000
0 0.470000 0.435000 0.018000 0.020000
0 0.650000 0.475750 0.010000 0.014500
0 0.635500 0.495000 0.010000 0.014000
0 0.306500 0.135000 0.008000 0.009000
0 0.568500 0.489000 0.030000 0.029000
0 0.792500 0.608000 0.016000 0.014000
0 0.656500 0.504500 0.024000 0.018000
0 0.287000 0.726000 0.021000 0.018000
0 0.645750 0.337750 0.015500 0.015500
0 0.536000 0.550500 0.016000 0.014000
0 0.559500 0.664500 0.025000 0.022000
0 0.569000 0.871000 0.016000 0.016000
0 0.533750 0.251250 0.014500 0.014500
0 0.419500 0.697500 0.024000 0.020000
0 0.769500 0.438000 0.026000 0.031000
0 0.418000 0.496500 0.023000 0.023000
0 0.474500 0.557000 0.028000 0.025000
0 0.500500 0.707500 0.024000 0.024000
0 0.581500 0.805000 0.014000 0.012000
0 0.691500 0.428500 0.017000 0.017000
0 0.575500 0.167500 0.032000 0.029000