0 0.207500 0.724000 0.031000 0.027000
0 0.569000 0.284000 0.008000 0.011000
0 0.771500 0.530000 0.017000 0.026000
0 0.591000 0.728000 0.024000 0.020000
0 0.596000 0.713750 0.022000 0.026500
0 0.525500 0.464000 0.022000 0.021000
0 0.343500 0.522500 0.025000 0.025000
0 0.627000 0.314500 0.022000 0.024000
0 0.282000 0.768000 0.023000 0.034000
0 0.480000 0.473250 0.017000 0.020500
0 0.625500 0.477500 0.014000 0.014000
0 0.511000 0.666000 0.015000 0.013000
0 0.096500 0.525500 0.012000 0.014000
0 0.399500 0.197000 0.018000 0.017000
0 0.447000 0.308500 0.015000 0.017000
0 0.475000 0.596500 0.015000 0.011000
0 0.513000 0.157000 0.015000 0.020000
0 0.592500 0.239000 0.010000 0.011000
0 0.517000 0.802500 0.016000 0.015000
0 0.645500 0.547500 0.018000 0.018000
0 0.133000 0.500000 0.032000 0.031000
0 0.707000 0.223500 0.024000 0.031000
0 0.525000 0.474000 0.020000 0.028000
0 0.482000 0.447500 0.014000 0.015000
0 0.415000 0.837500 0.028000 0.021000
0 0.403500 0.361000 0.013000 0.013000
0 0.418000 0.608500 0.018000 0.025000
0 0.463000 0.416500 0.023000 0.024000
0 0.476500 0.412500 0.027000 0.020000
0 0.529000 0.822000 0.032000 0.032000
0 0.514500 0.448500 0.015000 0.015000
0 0.863000 0.587500 0.024000 0.019000
0 0.496000 0.491000 0.020000 0.023000
0 0.557500 0.384500 0.031000 0.024000
0 0.363500 0.812500 0.013000 0.014000
0 0.373000 0.625000 0.011000 0.014000
0 0.392500 0.713500 0.019000 0.019000
0 0.369750 0.559000 0.017500 0.018000
0 0.224000 0.286000 0.023000 0.030000
0 0.748500 0.302000 0.022000 0.024000
0 0.694000 0.498000 0.015000 0.014000
0 0.385000 0.247500 0.015000 0.016000
0 0.544500 0.499000 0.022000 0.023000
0 0.524500 0.349000 0.018000 0.010000
0 0.585500 0.306000 0.021000 0.028000
0 0.305000 0.714500 0.025000 0.024000
0 0.489000 0.474000 0.016000 0.012000
0 0.892500 0.411500 0.010000 0.009000
0 0.742500 0.736500 0.015000 0.016000
0 0.548500 0.767000 0.012000 0.011000
0 0.884500 0.345000 0.020000 0.019000
0 0.572500 0.283000 0.013000 0.016000
0 0.375500 0.769000 0.015000 0.012000
0 0.384500 0.830500 0.016000 0.017000
0 0.156000 0.731500 0.032000 0.029000
0 0.814500 0.616000 0.028000 0.022000
0 0.494500 0.103000 0.019000 0.024000
0 0.398500 0.220000 0.036000 0.034000
0 0.419000 0.783000 0.014000 0.014000
0 0.269500 0.428500 0.028000 0.020000
0 0.688500 0.386500 0.026000 0.025000
0 0.917000 0.457000 0.021000 0.020000
0 0.285500 0.511000 0.009000 0.011000
0 0.683000 0.169000 0.016000 0.016000
0 0.437750 0.502500 0.014500 0.015000
0 0.450000 0.467500 0.026000 0.025000
0 0.570750 0.487500 0.014500 0.010000
0 0.522500 0.578000 0.031000 0.031000
0 0.324500 0.185000 0.019000 0.020000
0 0.478500 0.462500 0.010000 0.011000
0 0.675000 0.858000 0.016000 0.017000
0 0.429000 0.728500 0.020000 0.023000
0 0.334000 0.382000 0.017000 0.019000
0 0.835000 0.683500 0.015000 0.016000
0 0.586000 0.557000 0.011000 0.010000
0 0.419000 0.465000 0.014000 0.013000
0 0.137500 0.436500 0.015000 0.017000
0 0.530500 0.379500 0.024000 0.024000
0 0.491500 0.507000 0.024000 0.025000
0 0.651500 0.725500 0.016000 0.017000
0 0.358500 0.825000 0.021000 0.020000
0 0.371000 0.843500 0.017000 0.016000
0 0.409000 0.551500 0.019000 0.023000
0 0.391500 0.337000 0.024000 0.022000
0 0.590500 0.319000 0.020000 0.018000
0 0.269500 0.255000 0.015000 0.016000
0 0.398000 0.656000 0.014000 0.015000
0 0.099500 0.415500 0.029000 0.023000
0 0.557500 0.589500 0.020000 0.022000
0 0.493500 0.431500 0.023000 0.024000
0 0.285000 0.699000 0.024000 0.026000
0 0.529500 0.898500 0.020000 0.024000
0 0.474000 0.524000 0.027000 0.034000
0 0.458000 0.625000 0.029000 0.030000
0 0.647000 0.345500 0.021000 0.024000
0 0.511500 0.563500 0.025000 0.022000
0 0.362500 0.628500 0.021000 0.021000
0 0.383500 0.345000 0.016000 0.012000
0 0.676500 0.524000 0.023000 0.024000
0 0.626500 0.342500 0.026000 0.026000
0 0.834500 0.742000 0.021000 0.022000
0 0.261000 0.517500 0.021000 0.024000
0 0.468500 0.748500 0.016000 0.016000
0 0.333500 0.527000 0.015000 0.019000
0 0.218000 0.539000 0.024000 0.021000
0 0.610500 0.314500 0.028000 0.026000
0 0.487000 0.634500 0.024000 0.022000
0 0.470500 0.467500 0.024000 0.028000
0 0.535000 0.494000 0.012000 0.012000
0 0.527000 0.517500 0.014000 0.014000
0 0.506500 0.495000 0.028000 0.018000
0 0.416000 0.446500 0.023000 0.029000
0 0.522000 0.482000 0.013000 0.014000
0 0.598500 0.540000 0.020000 0.016000
0 0.448500 0.094000 0.019000 0.028000
0 0.708000 0.715000 0.023000 0.025000
0 0.618500 0.572500 0.023000 0.025000
0 0.541500 0.822750 0.021000 0.026500
0 0.842000 0.287750 0.010000 0.014500
0 0.284000 0.458500 0.018000 0.022000
0 0.481500 0.508000 0.015000 0.016000
0 0.576500 0.463000 0.028000 0.028000
0 0.684500 0.412500 0.009000 0.009000
0 0.564500 0.116500 0.013000 0.012000
0 0.459000 0.524500 0.017000 0.018000
0 0.895000 0.425000 0.022000 0.024000
0 0.343000 0.553000 0.008000 0.010000
0 0.624000 0.524500 0.011000 0.010000
0 0.337000 0.236000 0.012000 0.014000
0 0.214000 0.687500 0.012000 0.013000
0 0.542500 0.125000 0.013000 0.014000
0 0.725000 0.167500 0.021000 0.022000
0 0.333000 0.127000 0.031000 0.030000
0 0.773000 0.462000 0.011000 0.010000
0 0.427000 0.600000 0.026000 0.025000
0 0.672000 0.789000 0.018000 0.016000
0 0.513000 0.633500 0.020000 0.019000
0 0.609000 0.287000 0.014000 0.014000
0 0.312500 0.694500 0.019000 0.021000
0 0.514000 0.393500 0.014000 0.015000
0 0.776000 0.745500 0.027000 0.028000
0 0.421500 0.346500 0.015000 0.019000
0 0.608000 0.881000 0.018000 0.017000
0 0.584000 0.475000 0.012000 0.012000
0 0.494500 0.507000 0.016000 0.015000
0 0.498500 0.500000 0.033000 0.031000
0 0.644000 0.426000 0.019000 0.022000
0 0.608000 0.197500 0.029000 0.026000
0 0.398500 0.620000 0.016000 0.016000
0 0.909000 0.452000 0.022000 0.020000
0 0.513500 0.527500 0.016000 0.017000
0 0.749500 0.574000 0.029000 0.030000
0 0.503000 0.511500 0.021000 0.022000
0 0.526500 0.501500 0.013000 0.014000
0 0.474000 0.636500 0.011000 0.014000
0 0.299500 0.259000 0.015000 0.015000
0 0.595000 0.484500 0.012000 0.012000
0 0.164000 0.266000 0.021000 0.031000
0 0.147500 0.711500 0.025000 0.025000
0 0.396000 0.527000 0.018000 0.016000
0 0.188000 0.700000 0.013000 0.011000
0 0.744000 0.811000 0.017000 0.018000
0 0.433500 0.506000 0.019000 0.016000
0 0.660000 0.155500 0.025000 0.029000
0 0.374500 0.519000 0.015000 0.013000
0 0.674000 0.305000 0.027000 0.024000
0 0.545000 0.480000 0.026000 0.030000
0 0.506000 0.687000 0.021000 0.026000
0 0.489500 0.374000 0.023000 0.021000
0 0.428500 0.527500 0.021000 0.020000
0 0.808500 0.510500 0.015000 0.020000
0 0.562000 0.730500 0.024000 0.025000
0 0.626500 0.185500 0.023000 0.020000
0 0.289500 0.757500 0.015000 0.014000
0 0.487500 0.573500 0.024000 0.015000
0 0.295000 0.493500 0.031000 0.033000
0 0.433500 0.518000 0.017000 0.019000
0 0.585250 0.580000 0.032500 0.022000
0 0.521500 0.334500 0.012000 0.017000
0 0.570000 0.610500 0.015000 0.016000
0 0.538500 0.209500 0.012000 0.015000
0 0.136000 0.482000 0.011000 0.020000
0 0.454000 0.505000 0.028000 0.022000
0 0.661000 0.622500 0.024000 0.024000
0 0.509000 0.502500 0.021000 0.021000
0 0.210500 0.702000 0.013000 0.014000
0 0.610500 0.303500 0.012000 0.015000
0 0.494500 0.336500 0.029000 0.032000
0 0.727500 0.846000 0.024000 0.023000
0 0.459000 0.612500 0.029000 0.030000
0 0.632500 0.526500 0.021000 0.016000
0 0.641500 0.586000 0.012000 0.011000
0 0.840500 0.610750 0.019000 0.026500
0 0.596500 0.502500 0.025000 0.017000
0 0.163500 0.361000 0.015000 0.014000
0 0.845000 0.536500 0.020000 0.019000
0 0.725000 0.665500 0.024000 0.026000
0 0.584000 0.264500 0.021000 0.024000
0 0.732000 0.530000 0.017000 0.015000
0 0.570000 0.779500 0.017000 0.021000
0 0.796500 0.765500 0.015000 0.013000
0 0.367000 0.752000 0.011000 0.010000
0 0.701000 0.650000 0.015000 0.016000
0 0.661500 0.830500 0.019000 0.020000
0 0.563500 0.660000 0.022000 0.016000
0 0.415000 0.877500 0.024000 0.026000
0 0.286500 0.167500 0.018000 0.018000
0 0.682000 0.492500 0.028000 0.028000
0 0.495000 0.486000 0.011000 0.011000
0 0.201000 0.507000 0.028000 0.031000
0 0.454500 0.391500 0.018000 0.015000
0 0.631500 0.203000 0.012000 0.015000
0 0.889000 0.604000 0.018000 0.017000
0 0.851500 0.373500 0.025000 0.023000
0 0.405500 0.517000 0.023000 0.022000
0 0.625000 0.417500 0.012000 0.020000
0 0.575500 0.551500 0.016000 0.014000
0 0.731000 0.284500 0.011000 0.016000
0 0.711000 0.468500 0.032000 0.021000
0 0.493500 0.569500 0.023000 0.028000
0 0.497000 0.494000 0.015000 0.027000
0 0.677500 0.661000 0.027000 0.028000
0 0.286500 0.653500 0.021000 0.019000
0 0.809500 0.523000 0.024000 0.022000
0 0.420000 0.550000 0.017000 0.013000
0 0.475750 0.506000 0.014500 0.012000
0 0.582500 0.452000 0.027000 0.027000
0 0.603500 0.410500 0.016000 0.016000
0 0.458500 0.379500 0.012000 0.012000
0 0.747000 0.164000 0.018000 0.018000
0 0.915250 0.440500 0.017500 0.012000
0 0.520500 0.271500 0.016000 0.016000
0 0.534000 0.800500 0.017000 0.016000
0 0.345500 0.238500 0.012000 0.015000
0 0.277000 0.591500 0.010000 0.010000
0 0.364500 0.368000 0.021000 0.023000
0 0.504000 0.336500 0.029000 0.027000
0 0.390500 0.163500 0.012000 0.013000
0 0.280500 0.568500 0.023000 0.022000
0 0.481000 0.115500 0.012000 0.012000
0 0.604000 0.217000 0.014000 0.011000
0 0.180500 0.691500 0.014000 0.014000
0 0.879000 0.429000 0.015000 0.016000
0 0.599500 0.522000 0.013000 0.012000
0 0.498500 0.479500 0.021000 0.028000
0 0.651500 0.143500 0.012000 0.014000
0 0.254500 0.689000 0.020000 0.017000
0 0.464000 0.496000 0.017000 0.016000
0 0.559500 0.247000 0.015000 0.017000
0 0.202000 0.680500 0.009000 0.013000
0 0.633000 0.591000 0.012000 0.011000
0 0.528000 0.133000 0.029000 0.029000
0 0.361000 0.495500 0.015000 0.013000
0 0.693500 0.269000 0.021000 0.021000
0 0.524500 0.571000 0.028000 0.033000
0 0.577500 0.198000 0.013000 0.016000
0 0.395500 0.306000 0.025000 0.026000
0 0.435000 0.344000 0.026000 0.026000
0 0.083500 0.524500 0.025000 0.024000
0 0.767000 0.423000 0.011000 0.016000
0 0.254500 0.216000 0.032000 0.025000
0 0.751000 0.790500 0.012000 0.015000
0 0.660000 0.258000 0.020000 0.021000
0 0.712500 0.789000 0.014000 0.023000
0 0.603500 0.224500 0.019000 0.023000
0 0.519500 0.496500 0.023000 0.023000
0 0.428000 0.535000 0.010000 0.013000
0 0.456000 0.402500 0.026000 0.026000
0 0.468500 0.481000 0.027000 0.026000
0 0.313000 0.531500 0.011000 0.013000
0 0.606000 0.685500 0.018000 0.020000
0 0.733000 0.550500 0.031000 0.025000
0 0.469500 0.421000 0.016000 0.015000
0 0.264000 0.599500 0.015000 0.015000
0 0.675000 0.843500 0.028000 0.028000
0 0.482500 0.367500 0.012000 0.012000
0 0.263000 0.492500 0.019000 0.020000
0 0.674000 0.340000 0.011000 0.014000
0 0.535000 0.542500 0.025000 0.031000
0 0.724000 0.445500 0.008000 0.014000
0 0.626500 0.211000 0.027000 0.024000
0 0.532500 0.416000 0.025000 0.029000
0 0.543500 0.525000 0.022000 0.028000
0 0.602500 0.487000 0.014000 0.015000
0 0.639000 0.335000 0.021000 0.020000
0 0.607000 0.591500 0.015000 0.017000
0 0.494500 0.523500 0.025000 0.019000
0 0.290500 0.248000 0.012000 0.013000
0 0.283000 0.376750 0.018000 0.026500
0 0.325500 0.436500 0.020000 0.023000
0 0.741000 0.507000 0.018000 0.020000
0 0.387000 0.841000 0.023000 0.027000
0 0.500000 0.664500 0.024000 0.015000
0 0.248500 0.601000 0.014000 0.012000
0 0.299500 0.657000 0.012000 0.016000
0 0.781500 0.313500 0.012000 0.013000
0 0.325500 0.629000 0.028000 0.026000
0 0.226000 0.366500 0.022000 0.029000
0 0.839000 0.567000 0.024000 0.017000
0 0.503500 0.848500 0.014000 0.022000
0 0.444000 0.150500 0.017000 0.017000
0 0.340000 0.592000 0.025000 0.028000
0 0.631250 0.557500 0.014500 0.010000
0 0.283000 0.271500 0.024000 0.022000
0 0.290000 0.603000 0.019000 0.013000
0 0.382500 0.467500 0.030000 0.024000
0 0.594000 0.760500 0.028000 0.028000
0 0.756000 0.590500 0.023000 0.023000
0 0.208000 0.554500 0.022000 0.019000
0 0.211000 0.779000 0.022000 0.018000
0 0.201500 0.462500 0.027000 0.028000
0 0.790500 0.412500 0.016000 0.023000
0 0.568000 0.504000 0.010000 0.017000
0 0.529500 0.859500 0.018000 0.022000
0 0.442500 0.624000 0.011000 0.010000
0 0.611000 0.323500 0.011000 0.012000
0 0.807500 0.231000 0.025000 0.030000
0 0.504500 0.784500 0.027000 0.021000
0 0.488000 0.498500 0.012000 0.015000
0 0.539000 0.408500 0.015000 0.017000
0 0.561500 0.628500 0.024000 0.021000
0 0.433500 0.704000 0.020000 0.019000
0 0.365500 0.247500 0.023000 0.017000
0 0.549000 0.241500 0.024000 0.021000
0 0.806000 0.569500 0.008000 0.014000
0 0.830500 0.450500 0.014000 0.014000
0 0.510000 0.875000 0.021000 0.022000
0 0.300000 0.418500 0.012000 0.013000
0 0.761000 0.305500 0.012000 0.012000
0 0.873000 0.347000 0.015000 0.014000
0 0.374750 0.760500 0.014500 0.014000
0 0.786000 0.508500 0.011000 0.012000
0 0.546000 0.601000 0.019000 0.019000
0 0.372500 0.887500 0.020000 0.017000
0 0.655500 0.199000 0.011000 0.011000
0 0.505000 0.517500 0.016000 0.016000
0 0.444500 0.539500 0.020000 0.018000
0 0.669500 0.313000 0.016000 0.017000
0 0.452500 0.555500 0.024000 0.020000
0 0.458500 0.484500 0.021000 0.015000
0 0.647000 0.375000 0.015000 0.013000
0 0.492000 0.251500 0.023000 0.027000
0 0.540500 0.534500 0.017000 0.020000
0 0.570000 0.360500 0.027000 0.023000
0 0.517500 0.550000 0.008000 0.011000
0 0.569500 0.455250 0.014000 0.020500
0 0.302000 0.441500 0.012000 0.013000
0 0.535500 0.522000 0.013000 0.009000
0 0.649500 0.485000 0.020000 0.020000
0 0.294500 0.461500 0.014000 0.012000
0 0.429000 0.570000 0.015000 0.018000
0 0.736000 0.311500 0.018000 0.019000
0 0.181500 0.563500 0.021000 0.022000
0 0.597000 0.551500 0.015000 0.017000
0 0.576500 0.523500 0.021000 0.022000
0 0.297000 0.675500 0.020000 0.022000
0 0.415500 0.506000 0.021000 0.022000
0 0.462000 0.574500 0.018000 0.021000
0 0.497000 0.613500 0.017000 0.016000
0 0.288000 0.707000 0.030000 0.031000
0 0.496500 0.467500 0.013000 0.013000
0 0.633000 0.499500 0.014000 0.008000
0 0.364500 0.515500 0.024000 0.022000
0 0.549000 0.471000 0.031000 0.030000
0 0.406000 0.469000 0.011000 0.011000
0 0.360000 0.667500 0.020000 0.015000
0 0.699000 0.588500 0.016000 0.016000
0 0.535500 0.484000 0.029000 0.027000
0 0.483000 0.271000 0.017000 0.017000
0 0.522500 0.568000 0.023000 0.021000
0 0.683500 0.239000 0.014000 0.011000
0 0.366500 0.613500 0.019000 0.011000
0 0.786000 0.286000 0.018000 0.022000
0 0.824000 0.648000 0.018000 0.017000
0 0.804500 0.458500 0.024000 0.023000
0 0.807000 0.499500 0.022000 0.019000
0 0.489500 0.581500 0.012000 0.011000
0 0.646000 0.535500 0.017000 0.017000
0 0.375500 0.495500 0.024000 0.030000
0 0.473500 0.459000 0.020000 0.020000
0 0.757000 0.289000 0.031000 0.031000
0 0.691000 0.356500 0.022000 0.020000
0 0.374500 0.452000 0.025000 0.024000
0 0.501500 0.398500 0.024000 0.025000
0 0.523500 0.528000 0.015000 0.011000
0 0.500500 0.539000 0.029000 0.023000
0 0.535500 0.245000 0.012000 0.011000
0 0.507500 0.463500 0.018000 0.019000
0 0.543000 0.421500 0.031000 0.025000
0 0.862000 0.617500 0.023000 0.024000
0 0.328500 0.370500 0.011000 0.011000
0 0.801000 0.746000 0.011000 0.012000
0 0.639000 0.134000 0.015000 0.013000
0 0.619000 0.401000 0.025000 0.025000
0 0.197500 0.459000 0.023000 0.023000
0 0.180500 0.442000 0.014000 0.016000
0 0.800000 0.373250 0.022000 0.032500
0 0.267500 0.648500 0.026000 0.023000
0 0.569500 0.747000 0.011000 0.017000
0 0.501500 0.634500 0.021000 0.017000
0 0.594500 0.796000 0.019000 0.020000
0 0.609500 0.244500 0.027000 0.024000
0 0.636500 0.731500 0.020000 0.028000
0 0.696500 0.662000 0.025000 0.032000
0 0.457000 0.448000 0.025000 0.024000
0 0.370000 0.475000 0.015000 0.015000
0 0.367500 0.263000 0.024000 0.023000
0 0.342500 0.651500 0.010000 0.010000
0 0.410500 0.514500 0.023000 0.029000
0 0.781000 0.604500 0.033000 0.029000
0 0.504000 0.497500 0.014000 0.015000
0 0.261000 0.670000 0.022000 0.024000
0 0.510500 0.113500 0.025000 0.017000
0 0.304000 0.369500 0.030000 0.027000
0 0.441500 0.248500 0.008000 0.010000
0 0.681000 0.189000 0.025000 0.026000
0 0.647000 0.509500 0.012000 0.011000
0 0.571500 0.511000 0.026000 0.023000
0 0.174000 0.665250 0.016000 0.023500
0 0.432500 0.359000 0.015000 0.012000
0 0.269000 0.795500 0.028000 0.025000
0 0.258500 0.821000 0.010000 0.015000
0 0.386000 0.215000 0.027000 0.023000
0 0.287000 0.574000 0.011000 0.015000
0 0.753000 0.499500 0.013000 0.011000
0 0.300500 0.539000 0.029000 0.027000
0 0.333500 0.834500 0.016000 0.015000
0 0.146000 0.414500 0.008000 0.009000
0 0.697000 0.510000 0.008000 0.008000
0 0.493500 0.446000 0.024000 0.021000
0 0.553500 0.494500 0.024000 0.022000
0 0.300000 0.332750 0.012000 0.017500
0 0.488500 0.481500 0.020000 0.021000
0 0.498500 0.865500 0.019000 0.019000
0 0.271500 0.503000 0.017000 0.012000
0 0.801500 0.673000 0.018000 0.024000
0 0.668500 0.711000 0.029000 0.021000
0 0.448000 0.480500 0.016000 0.018000
0 0.427500 0.440000 0.017000 0.018000
0 0.690000 0.196000 0.016000 0.017000
0 0.456500 0.433000 0.025000 0.026000
0 0.277000 0.714000 0.009000 0.011000
0 0.349000 0.134000 0.025000 0.033000
0 0.295500 0.311500 0.031000 0.027000
0 0.135500 0.511500 0.023000 0.023000
0 0.617000 0.673500 0.025000 0.021000
0 0.417500 0.367000 0.021000 0.015000
0 0.290500 0.429500 0.017000 0.017000
0 0.660000 0.710000 0.025000 0.024000
0 0.642000 0.370500 0.018000 0.021000
0 0.728000 0.184000 0.019000 0.018000
0 0.491250 0.499500 0.014500 0.010000
0 0.667500 0.851000 0.021000 0.022000
0 0.161000 0.478000 0.011000 0.012000
0 0.303500 0.582500 0.023000 0.016000
0 0.691500 0.433500 0.019000 0.014000
0 0.584000 0.467000 0.014000 0.014000
0 0.790500 0.534500 0.015000 0.016000
0 0.449500 0.436000 0.026000 0.024000
0 0.680500 0.334500 0.029000 0.029000
0 0.656000 0.381000 0.021000 0.020000
0 0.288500 0.371500 0.024000 0.024000
0 0.590500 0.481000 0.030000 0.032000
0 0.810000 0.420000 0.025000 0.025000
0 0.270500 0.762000 0.025000 0.034000
0 0.234000 0.807000 0.015000 0.012000
0 0.506000 0.601000 0.018000 0.021000
0 0.594000 0.308000 0.019000 0.014000
0 0.245000 0.643500 0.012000 0.015000
0 0.785500 0.753500 0.022000 0.021000
0 0.707000 0.506000 0.030000 0.028000
0 0.706000 0.409500 0.008000 0.015000
0 0.878000 0.356500 0.015000 0.015000
0 0.782000 0.676000 0.021000 0.024000
0 0.541500 0.174000 0.013000 0.011000
0 0.506500 0.507000 0.010000 0.012000
0 0.322000 0.534000 0.031000 0.034000
0 0.651000 0.814500 0.012000 0.014000
0 0.349500 0.680500 0.011000 0.010000
0 0.326500 0.790500 0.019000 0.015000
0 0.457000 0.855000 0.017000 0.023000
0 0.678500 0.626000 0.012000 0.012000
0 0.344000 0.881000 0.017000 0.030000
0 0.483500 0.434500 0.031000 0.028000
0 0.282000 0.444000 0.012000 0.013000
0 0.491500 0.515500 0.012000 0.017000
0 0.305500 0.379500 0.031000 0.029000
0 0.306500 0.549500 0.025000 0.024000
0 0.833500 0.455500 0.016000 0.016000
0 0.591500 0.390500 0.019000 0.018000
0 0.201500 0.788500 0.020000 0.025000
0 0.618500 0.772000 0.025000 0.026000
0 0.217500 0.678500 0.019000 0.020000
0 0.248500 0.587000 0.015000 0.014000
0 0.905000 0.543500 0.020000 0.018000
0 0.558000 0.620500 0.034000 0.030000
0 0.263500 0.567500 0.024000 0.024000
0 0.278500 0.536000 0.014000 0.014000
0 0.338000 0.767500 0.017000 0.017000
0 0.918500 0.529500 0.018000 0.018000
0 0.642000 0.741000 0.011000 0.015000
0 0.346500 0.703500 0.021000 0.021000
0 0.249500 0.302000 0.031000 0.035000
0 0.368000 0.572500 0.020000 0.021000
0 0.593500 0.513000 0.034000 0.032000
0 0.780500 0.565500 0.009000 0.013000
0 0.518000 0.101500 0.021000 0.023000
0 0.557000 0.185000 0.017000 0.015000
0 0.318500 0.605500 0.026000 0.028000
0 0.387250 0.523000 0.026500 0.018000
0 0.414000 0.445000 0.020000 0.016000
0 0.252500 0.295500 0.020000 0.019000
0 0.158000 0.582000 0.023000 0.025000
0 0.334500 0.143500 0.012000 0.013000
0 0.451500 0.477500 0.014000 0.016000
0 0.428000 0.492000 0.023000 0.024000
0 0.787000 0.724500 0.021000 0.024000
0 0.335500 0.587000 0.011000 0.011000
0 0.262500 0.784500 0.012000 0.012000
0 0.805000 0.772500 0.017000 0.017000
0 0.449000 0.749500 0.016000 0.017000
0 0.468000 0.508000 0.019000 0.019000
0 0.863000 0.673500 0.014000 0.017000
0 0.251000 0.178000 0.014000 0.016000
0 0.440000 0.784000 0.028000 0.030000
0 0.845000 0.688000 0.014000 0.012000
0 0.425000 0.284500 0.021000 0.023000
0 0.506000 0.481500 0.025000 0.024000
0 0.333000 0.184500 0.020000 0.026000
0 0.412000 0.383000 0.019000 0.023000
0 0.324000 0.281500 0.013000 0.016000
0 0.532500 0.407500 0.028000 0.021000
0 0.633500 0.475500 0.012000 0.014000
0 0.352000 0.518500 0.021000 0.023000
0 0.834000 0.735500 0.024000 0.020000
0 0.587000 0.597500 0.030000 0.024000
0 0.456000 0.535500 0.014000 0.019000
0 0.245500 0.394500 0.014000 0.013000
0 0.280000 0.243500 0.012000 0.012000
0 0.511500 0.241250 0.027000 0.026500
0 0.724500 0.636500 0.016000 0.019000
0 0.501000 0.448000 0.013000 0.009000
0 0.502500 0.163000 0.024000 0.019000
0 0.493250 0.810250 0.021500 0.022500
0 0.686500 0.524000 0.014000 0.010000
0 0.300000 0.592000 0.014000 0.014000
0 0.566000 0.525500 0.024000 0.027000
0 0.469500 0.551500 0.028000 0.027000
0 0.525500 0.536500 0.028000 0.031000
0 0.619000 0.605500 0.024000 0.026000
0 0.238000 0.363500 0.015000 0.015000
0 0.449500 0.623000 0.018000 0.024000
0 0.406000 0.401500 0.020000 0.020000
0 0.419500 0.540500 0.017000 0.016000
0 0.512500 0.456000 0.024000 0.021000
0 0.238000 0.686000 0.013000 0.012000
0 0.374500 0.234000 0.023000 0.022000
0 0.532000 0.455000 0.017000 0.023000
0 0.749500 0.356500 0.030000 0.025000
0 0.723500 0.780000 0.026000 0.032000
0 0.463500 0.639000 0.013000 0.015000
0 0.509000 0.544500 0.011000 0.010000
0 0.580500 0.214500 0.028000 0.027000
0 0.391500 0.317000 0.019000 0.018000
0 0.509500 0.354000 0.018000 0.014000
0 0.598250 0.271000 0.023500 0.019000
0 0.742500 0.486000 0.012000 0.015000
0 0.555500 0.415500 0.015000 0.013000
0 0.276500 0.804000 0.019000 0.024000
0 0.593500 0.537000 0.008000 0.008000
0 0.329000 0.508000 0.030000 0.032000
0 0.170500 0.608000 0.023000 0.025000
0 0.634500 0.605500 0.030000 0.030000
0 0.446500 0.715000 0.030000 0.031000
0 0.614000 0.497500 0.013000 0.016000
0 0.502000 0.595500 0.029000 0.022000
0 0.380500 0.275000 0.024000 0.029000
0 0.598500 0.706500 0.024000 0.022000
0 0.546000 0.788000 0.016000 0.014000
0 0.896500 0.549500 0.027000 0.027000
0 0.295000 0.400500 0.020000 0.023000
0 0.612500 0.394000 0.019000 0.017000
0 0.466500 0.234500 0.026000 0.018000
0 0.514000 0.593500 0.013000 0.010000
0 0.100500 0.510500 0.013000 0.014000
0 0.354000 0.493500 0.022000 0.023000
0 0.324500 0.132250 0.020000 0.029500
0 0.548500 0.669500 0.016000 0.013000
0 0.204500 0.399500 0.012000 0.017000
0 0.482000 0.629500 0.029000 0.033000
0 0.172500 0.304000 0.015000 0.014000
0 0.534000 0.757000 0.025000 0.025000
0 0.386500 0.149000 0.027000 0.026000
0 0.691500 0.246000 0.016000 0.018000
0 0.246250 0.579500 0.026500 0.019000
0 0.655000 0.589000 0.028000 0.031000
0 0.877000 0.555000 0.014000 0.017000
0 0.357000 0.566000 0.017000 0.018000
0 0.614500 0.189000 0.017000 0.020000
0 0.467000 0.407500 0.018000 0.025000
0 0.551000 0.511000 0.026000 0.026000
0 0.359250 0.768500 0.014500 0.012000
0 0.563500 0.313000 0.020000 0.020000
0 0.516000 0.519000 0.020000 0.020000
0 0.469500 0.347500 0.027000 0.024000
0 0.700000 0.202500 0.010000 0.010000
0 0.279000 0.473500 0.020000 0.020000
0 0.615500 0.117500 0.012000 0.014000
0 0.618000 0.186000 0.015000 0.016000
0 0.436500 0.166000 0.021000 0.028000
0 0.759000 0.200000 0.019000 0.017000
0 0.509500 0.414000 0.019000 0.023000
0 0.517000 0.304500 0.019000 0.014000
0 0.445750 0.563000 0.020500 0.014000
0 0.537500 0.507000 0.025000 0.024000
0 0.367000 0.690500 0.028000 0.028000
0 0.778500 0.623500 0.020000 0.020000
0 0.641000 0.888000 0.021000 0.014000
0 0.497000 0.660000 0.015000 0.017000
0 0.822500 0.416500 0.012000 0.012000
0 0.393500 0.701500 0.017000 0.018000
0 0.114000 0.457500 0.018000 0.013000
0 0.488000 0.462000 0.019000 0.022000
0 0.196000 0.779000 0.028000 0.024000
0 0.396500 0.330000 0.017000 0.016000
0 0.413000 0.333000 0.025000 0.018000
0 0.286000 0.537500 0.016000 0.018000
0 0.421000 0.198000 0.028000 0.028000
0 0.257500 0.410000 0.020000 0.015000
0 0.480000 0.285000 0.015000 0.013000
0 0.517500 0.539000 0.020000 0.016000
0 0.205500 0.574500 0.012000 0.016000
0 0.328500 0.270500 0.016000 0.019000
0 0.478000 0.146000 0.018000 0.025000
0 0.385000 0.534000 0.029000 0.021000
0 0.793500 0.476500 0.011000 0.018000
0 0.461000 0.331000 0.021000 0.018000
0 0.491000 0.396500 0.013000 0.016000
0 0.629000 0.268000 0.018000 0.018000
0 0.521000 0.637000 0.013000 0.018000
0 0.509500 0.529500 0.019000 0.023000
0 0.728500 0.305000 0.033000 0.028000
0 0.560500 0.195500 0.010000 0.013000
0 0.587000 0.647000 0.012000 0.015000
0 0.476000 0.822500 0.023000 0.021000
0 0.489000 0.098500 0.020000 0.020000
0 0.905000 0.468000 0.014000 0.011000
0 0.452000 0.532000 0.026000 0.023000
0 0.580500 0.500500 0.024000 0.023000
0 0.487500 0.538000 0.025000 0.026000
0 0.459000 0.592000 0.019000 0.016000
0 0.407000 0.540500 0.034000 0.034000
0 0.371000 0.335500 0.031000 0.031000
0 0.400000 0.113500 0.029000 0.022000
0 0.500500 0.359000 0.017000 0.015000
0 0.347000 0.123500 0.022000 0.023000
0 0.393000 0.495500 0.014000 0.013000
0 0.387000 0.110000 0.029000 0.027000
0 0.764500 0.529500 0.020000 0.021000
0 0.499000 0.305000 0.019000 0.017000
0 0.470500 0.593500 0.026000 0.025000
0 0.755500 0.775000 0.009000 0.012000
0 0.504000 0.524000 0.025000 0.026000
0 0.504500 0.412500 0.017000 0.018000
0 0.717500 0.286000 0.018000 0.018000
0 0.445000 0.851500 0.011000 0.013000
0 0.528000 0.456000 0.017000 0.018000
0 0.529000 0.529500 0.015000 0.015000
0 0.444500 0.501500 0.018000 0.017000
0 0.453000 0.870500 0.026000 0.026000
0 0.531500 0.891000 0.019000 0.015000
0 0.387500 0.883000 0.015000 0.010000
0 0.807500 0.435500 0.016000 0.016000
0 0.729500 0.294000 0.012000 0.015000
0 0.750500 0.598500 0.016000 0.018000
0 0.563500 0.896000 0.023000 0.022000
0 0.795500 0.714000 0.017000 0.020000
0 0.521500 0.360000 0.019000 0.020000
0 0.578500 0.112000 0.028000 0.021000
0 0.797250 0.243000 0.014500 0.011000
0 0.298000 0.780500 0.026000 0.024000
0 0.433000 0.389000 0.029000 0.027000
0 0.181000 0.705000 0.029000 0.033000
0 0.478000 0.572000 0.019000 0.023000
0 0.794500 0.741500 0.010000 0.013000
0 0.856000 0.467000 0.020000 0.023000
0 0.415000 0.404000 0.020000 0.017000
0 0.449000 0.525500 0.029000 0.022000
0 0.254500 0.457500 0.011000 0.014000
0 0.506500 0.488000 0.011000 0.012000
0 0.344000 0.679000 0.022000 0.021000
0 0.649500 0.686500 0.014000 0.015000
0 0.236500 0.652000 0.029000 0.027000
0 0.317500 0.358500 0.015000 0.018000
0 0.409000 0.731500 0.024000 0.021000
0 0.336500 0.320000 0.030000 0.022000
0 0.418500 0.324000 0.020000 0.015000
0 0.342500 0.574000 0.014000 0.013000
0 0.789000 0.470000 0.016000 0.017000
0 0.666500 0.360000 0.011000 0.016000
0 0.425000 0.881500 0.014000 0.020000
0 0.699000 0.762000 0.028000 0.021000
0 0.424000 0.478000 0.009000 0.009000
0 0.576500 0.415500 0.011000 0.010000
0 0.604000 0.445000 0.016000 0.017000
0 0.401500 0.712000 0.013000 0.015000
0 0.583000 0.485000 0.029000 0.025000
0 0.381000 0.581000 0.018000 0.019000
0 0.366000 0.440500 0.020000 0.016000
0 0.438000 0.536500 0.014000 0.011000
0 0.715500 0.772000 0.013000 0.021000
0 0.299500 0.751000 0.019000 0.024000
0 0.559000 0.448500 0.018000 0.022000
0 0.696000 0.153000 0.019000 0.018000
0 0.585500 0.332500 0.017000 0.018000
0 0.278500 0.658500 0.015000 0.017000
0 0.833000 0.397500 0.011000 0.010000
0 0.625000 0.695000 0.015000 0.020000
0 0.539000 0.328000 0.025000 0.030000
0 0.644500 0.293000 0.017000 0.025000
0 0.823000 0.700000 0.024000 0.026000
0 0.527000 0.113500 0.015000 0.016000
0 0.521750 0.418000 0.011500 0.009000
0 0.139500 0.672500 0.026000 0.028000
0 0.591500 0.625000 0.016000 0.014000
0 0.415000 0.239000 0.012000 0.013000
0 0.194500 0.442500 0.019000 0.017000
0 0.712000 0.527000 0.017000 0.018000
0 0.350000 0.167500 0.031000 0.031000
0 0.676500 0.463000 0.019000 0.019000
0 0.214500 0.642000 0.019000 0.026000
0 0.311000 0.137500 0.009000 0.012000
0 0.769000 0.536000 0.013000 0.014000
0 0.591500 0.774000 0.012000 0.013000
0 0.551500 0.340500 0.032000 0.032000
0 0.602000 0.156500 0.012000 0.012000
0 0.463500 0.393000 0.030000 0.027000
0 0.424500 0.461000 0.019000 0.023000
0 0.470500 0.578500 0.017000 0.018000
0 0.638500 0.150500 0.010000 0.014000
0 0.514500 0.083000 0.020000 0.020000
0 0.395500 0.340000 0.018000 0.017000
0 0.735500 0.455000 0.010000 0.011000
0 0.523500 0.752500 0.034000 0.034000
0 0.133000 0.624500 0.019000 0.021000
0 0.498000 0.741500 0.023000 0.022000