0 0.615500 0.415000 0.019000 0.018000
0 0.470500 0.476500 0.015000 0.020000
0 0.380000 0.715500 0.019000 0.018000
0 0.279000 0.520500 0.019000 0.017000
0 0.300500 0.490000 0.023000 0.026000
0 0.506000 0.500500 0.013000 0.015000
0 0.276500 0.309000 0.026000 0.026000
0 0.472500 0.491000 0.020000 0.021000
0 0.396000 0.619000 0.024000 0.023000
0 0.180000 0.715500 0.011000 0.016000
0 0.420500 0.378000 0.025000 0.028000
0 0.544000 0.630000 0.019000 0.017000
0 0.202000 0.467000 0.015000 0.015000
0 0.394500 0.484000 0.030000 0.025000
0 0.828500 0.360500 0.019000 0.019000
0 0.452000 0.384500 0.020000 0.018000
0 0.447500 0.483500 0.012000 0.013000
0 0.133500 0.647000 0.024000 0.018000
0 0.775500 0.409000 0.014000 0.010000
0 0.506500 0.542500 0.016000 0.016000
0 0.431500 0.323500 0.022000 0.027000
0 0.265000 0.224000 0.018000 0.022000
0 0.772000 0.422500 0.008000 0.009000
0 0.567000 0.522500 0.028000 0.021000
0 0.536500 0.544500 0.019000 0.026000
0 0.416000 0.438500 0.020000 0.021000
0 0.420500 0.111000 0.023000 0.030000
0 0.302500 0.608000 0.020000 0.019000
0 0.757000 0.307000 0.031000 0.036000
0 0.235500 0.560000 0.022000 0.022000
0 0.616500 0.488000 0.013000 0.015000
0 0.444500 0.525500 0.025000 0.025000
0 0.267500 0.323000 0.020000 0.023000
0 0.592000 0.298000 0.016000 0.015000
0 0.633500 0.175000 0.016000 0.016000
0 0.477000 0.592000 0.015000 0.017000
0 0.911500 0.450000 0.020000 0.017000
0 0.705500 0.252500 0.025000 0.023000
0 0.582500 0.494000 0.011000 0.010000
0 0.333000 0.125000 0.014000 0.011000
0 0.362500 0.106500 0.023000 0.023000
0 0.485500 0.536000 0.022000 0.020000
0 0.327000 0.340500 0.014000 0.012000
0 0.409500 0.401000 0.031000 0.030000
0 0.611500 0.737000 0.015000 0.018000
0 0.724000 0.522000 0.016000 0.016000
0 0.227500 0.575000 0.020000 0.026000
0 0.756500 0.683500 0.019000 0.017000
0 0.622500 0.613500 0.017000 0.012000
0 0.615500 0.611500 0.022000 0.026000
0 0.471500 0.546000 0.012000 0.013000
0 0.339000 0.546000 0.026000 0.023000
0 0.410000 0.820000 0.019000 0.020000
0 0.722500 0.557500 0.026000 0.020000
0 0.521000 0.212000 0.025000 0.018000
0 0.372000 0.521000 0.033000 0.031000
0 0.555000 0.577000 0.015000 0.016000
0 0.470000 0.794500 0.028000 0.028000
0 0.705000 0.564000 0.024000 0.026000
0 0.408500 0.253500 0.015000 0.011000
0 0.397500 0.682500 0.021000 0.023000
0 0.535000 0.478500 0.016000 0.021000
0 0.438500 0.409000 0.019000 0.018000
0 0.082500 0.479500 0.016000 0.017000
0 0.423000 0.492500 0.013000 0.013000
0 0.446000 0.577000 0.017000 0.030000
0 0.528000 0.372750 0.010000 0.014500
0 0.489500 0.392000 0.014000 0.011000
0 0.747500 0.587500 0.009000 0.008000
0 0.564500 0.559000 0.027000 0.033000
0 0.426500 0.437000 0.028000 0.021000
0 0.281500 0.304500 0.016000 0.020000
0 0.641000 0.856000 0.029000 0.029000
0 0.578500 0.692500 0.018000 0.016000
0 0.556500 0.486000 0.016000 0.018000
0 0.500500 0.504500 0.012000 0.012000
0 0.552000 0.521500 0.020000 0.020000
0 0.496500 0.525500 0.028000 0.026000
0 0.457500 0.475500 0.028000 0.019000
0 0.576000 0.545000 0.014000 0.015000
0 0.612000 0.575000 0.021000 0.020000
0 0.705500 0.319500 0.020000 0.020000
0 0.585500 0.535500 0.024000 0.021000
0 0.704000 0.509000 0.015000 0.019000
0 0.744500 0.741000 0.017000 0.016000
0 0.506500 0.408500 0.031000 0.029000
0 0.502500 0.485000 0.020000 0.020000
0 0.503000 0.476000 0.020000 0.015000
0 0.276000 0.488000 0.016000 0.011000
0 0.551000 0.789500 0.021000 0.021000
0 0.506500 0.664500 0.020000 0.016000
0 0.547000 0.236000 0.018000 0.014000
0 0.172000 0.449000 0.010000 0.011000
0 0.641500 0.476000 0.022000 0.030000
0 0.600500 0.896000 0.018000 0.016000
0 0.356500 0.171000 0.016000 0.016000
0 0.292500 0.447500 0.026000 0.023000
0 0.458500 0.491500 0.014000 0.014000
0 0.522000 0.535000 0.020000 0.022000
0 0.823500 0.742000 0.021000 0.021000
0 0.175000 0.496500 0.022000 0.021000
0 0.180000 0.432000 0.028000 0.028000
0 0.545500 0.273000 0.016000 0.015000
0 0.682000 0.618000 0.024000 0.025000
0 0.503000 0.550500 0.011000 0.010000
0 0.658000 0.587500 0.028000 0.028000
0 0.524000 0.544000 0.023000 0.025000
0 0.311500 0.418000 0.018000 0.023000
0 0.495500 0.496000 0.012000 0.013000
0 0.485000 0.605500 0.025000 0.021000
0 0.445000 0.549000 0.021000 0.021000
0 0.406000 0.546000 0.026000 0.032000
0 0.517000 0.564000 0.031000 0.031000
0 0.331000 0.636500 0.019000 0.017000
0 0.476500 0.451000 0.016000 0.012000
0 0.355000 0.198000 0.015000 0.020000
0 0.681000 0.546500 0.023000 0.019000
0 0.708500 0.631000 0.012000 0.012000
0 0.394000 0.472000 0.016000 0.020000
0 0.470500 0.306000 0.012000 0.013000
0 0.859500 0.467000 0.025000 0.021000
0 0.702500 0.603500 0.019000 0.018000
0 0.476000 0.643500 0.014000 0.014000
0 0.253000 0.592000 0.011000 0.010000
0 0.313500 0.571500 0.014000 0.014000
0 0.542000 0.410500 0.022000 0.027000
0 0.333000 0.418500 0.015000 0.011000
0 0.593000 0.403000 0.027000 0.025000
0 0.619000 0.540500 0.020000 0.021000
0 0.280500 0.623500 0.029000 0.028000
0 0.741000 0.247000 0.029000 0.020000
0 0.436000 0.390500 0.010000 0.011000
0 0.537500 0.526250 0.011000 0.014500
0 0.500500 0.590250 0.022000 0.032500
0 0.340500 0.183000 0.022000 0.022000
0 0.376000 0.489500 0.010000 0.016000
0 0.713000 0.235500 0.018000 0.018000
0 0.350500 0.344000 0.016000 0.018000
0 0.522500 0.240500 0.018000 0.015000
0 0.699500 0.707000 0.021000 0.024000
0 0.439000 0.540500 0.016000 0.016000
0 0.456500 0.137000 0.015000 0.013000
0 0.666000 0.408000 0.018000 0.015000
0 0.346500 0.682500 0.033000 0.032000
0 0.722500 0.606500 0.017000 0.014000
0 0.457500 0.769500 0.013000 0.023000
0 0.555500 0.491500 0.010000 0.009000
0 0.566500 0.484500 0.016000 0.017000
0 0.623000 0.605000 0.018000 0.019000
0 0.410000 0.807500 0.030000 0.027000
0 0.593000 0.452000 0.017000 0.018000
0 0.364500 0.892000 0.019000 0.022000
0 0.371500 0.562000 0.025000 0.018000
0 0.728000 0.536500 0.022000 0.031000
0 0.723000 0.478500 0.027000 0.027000
0 0.641000 0.152000 0.013000 0.015000
0 0.609000 0.660500 0.019000 0.015000
0 0.831000 0.398000 0.032000 0.033000
0 0.110000 0.448500 0.025000 0.020000
0 0.719500 0.538000 0.024000 0.025000
0 0.658500 0.574500 0.024000 0.021000
0 0.800000 0.472500 0.015000 0.014000
0 0.664000 0.372000 0.024000 0.024000
0 0.475500 0.635000 0.023000 0.021000
0 0.407000 0.336000 0.028000 0.026000
0 0.318500 0.789000 0.018000 0.023000
0 0.375500 0.418000 0.017000 0.019000
0 0.739000 0.382500 0.025000 0.021000
0 0.395500 0.611500 0.027000 0.018000
0 0.756000 0.733000 0.027000 0.031000
0 0.538000 0.862500 0.021000 0.025000
0 0.223000 0.329000 0.010000 0.011000
0 0.308000 0.207500 0.024000 0.024000
0 0.245500 0.507500 0.011000 0.011000
0 0.366500 0.842500 0.015000 0.019000
0 0.763500 0.229000 0.020000 0.026000
0 0.361750 0.406500 0.023500 0.019000
0 0.636500 0.461500 0.020000 0.019000
0 0.442000 0.364500 0.023000 0.017000
0 0.861000 0.408500 0.029000 0.020000
0 0.447500 0.696500 0.026000 0.024000
0 0.601000 0.575500 0.020000 0.021000
0 0.226000 0.658500 0.015000 0.014000
0 0.737500 0.239000 0.016000 0.015000
0 0.358750 0.334500 0.014500 0.011000
0 0.640000 0.407000 0.010000 0.013000
0 0.217000 0.536500 0.017000 0.018000
0 0.091000 0.533500 0.022000 0.026000
0 0.703500 0.542000 0.015000 0.011000
0 0.180500 0.724000 0.017000 0.011000
0 0.460500 0.508000 0.034000 0.033000
0 0.520500 0.607000 0.013000 0.015000
0 0.714000 0.611000 0.022000 0.019000
0 0.884000 0.568500 0.017000 0.016000
0 0.362500 0.548000 0.027000 0.027000
0 0.379000 0.435000 0.020000 0.022000
0 0.533500 0.495500 0.022000 0.016000
0 0.853000 0.656500 0.017000 0.018000
0 0.620000 0.332000 0.010000 0.010000
0 0.461500 0.641500 0.023000 0.020000
0 0.316000 0.367500 0.013000 0.014000
0 0.365000 0.126500 0.030000 0.032000
0 0.399000 0.388500 0.012000 0.013000
0 0.681500 0.604500 0.013000 0.015000
0 0.529500 0.794500 0.018000 0.018000
0 0.528500 0.608500 0.023000 0.025000
0 0.481000 0.710000 0.025000 0.015000
0 0.496000 0.256000 0.012000 0.010000
0 0.490000 0.355500 0.022000 0.020000
0 0.480000 0.398500 0.026000 0.024000
0 0.503500 0.707000 0.022000 0.021000
0 0.474500 0.777000 0.022000 0.023000
0 0.494500 0.554500 0.027000 0.023000
0 0.421000 0.503000 0.020000 0.022000
0 0.484000 0.360000 0.016000 0.016000
0 0.457500 0.374500 0.011000 0.011000
0 0.139000 0.372000 0.015000 0.014000
0 0.602000 0.385500 0.013000 0.012000
0 0.483000 0.415500 0.030000 0.030000
0 0.347500 0.528500 0.030000 0.032000
0 0.446000 0.329500 0.024000 0.029000
0 0.546500 0.621500 0.013000 0.014000
0 0.420000 0.250000 0.019000 0.019000
0 0.485000 0.478000 0.013000 0.012000
0 0.383000 0.482500 0.019000 0.020000
0 0.329000 0.149000 0.015000 0.013000
0 0.851000 0.327000 0.033000 0.026000
0 0.801000 0.630500 0.013000 0.015000
0 0.471500 0.530000 0.026000 0.023000
0 0.486500 0.510000 0.010000 0.013000
0 0.342000 0.886500 0.019000 0.024000
0 0.625000 0.508000 0.014000 0.012000
0 0.453000 0.585500 0.028000 0.027000
0 0.567500 0.348500 0.020000 0.019000
0 0.593500 0.652500 0.014000 0.018000
0 0.515500 0.493500 0.036000 0.031000
0 0.371000 0.753500 0.033000 0.032000
0 0.484000 0.522500 0.018000 0.024000
0 0.637000 0.356000 0.028000 0.023000
0 0.661500 0.608250 0.014000 0.020500
0 0.446500 0.452500 0.031000 0.029000
0 0.528500 0.482500 0.014000 0.014000
0 0.817000 0.561000 0.022000 0.023000
0 0.406000 0.757500 0.030000 0.030000
0 0.311000 0.384000 0.023000 0.024000
0 0.514000 0.542500 0.022000 0.021000
0 0.670000 0.299000 0.019000 0.015000
0 0.816500 0.375000 0.016000 0.022000
0 0.465000 0.656000 0.020000 0.015000
0 0.158000 0.514500 0.016000 0.015000
0 0.805000 0.299500 0.017000 0.018000
0 0.479000 0.653000 0.010000 0.010000
0 0.281500 0.209000 0.025000 0.017000
0 0.172000 0.620500 0.015000 0.015000
0 0.644000 0.574500 0.015000 0.015000
0 0.614000 0.782000 0.009000 0.010000
0 0.481000 0.457000 0.022000 0.020000
0 0.376000 0.864000 0.026000 0.019000
0 0.339500 0.725000 0.031000 0.029000
0 0.239500 0.350000 0.019000 0.018000
0 0.857000 0.334500 0.012000 0.016000
0 0.366500 0.622000 0.031000 0.032000
0 0.258500 0.448500 0.013000 0.010000
0 0.432000 0.150500 0.019000 0.015000
0 0.534000 0.507000 0.017000 0.019000
0 0.631500 0.369500 0.022000 0.027000
0 0.676500 0.754500 0.021000 0.020000
0 0.644500 0.205000 0.019000 0.020000
0 0.312500 0.168000 0.028000 0.026000
0 0.699500 0.640500 0.014000 0.014000
0 0.227500 0.527500 0.020000 0.021000
0 0.668500 0.465000 0.011000 0.013000
0 0.435000 0.498500 0.023000 0.019000
0 0.190000 0.402000 0.020000 0.023000
0 0.250000 0.638000 0.012000 0.011000
0 0.827000 0.459000 0.018000 0.018000
0 0.579500 0.149500 0.015000 0.014000
0 0.465000 0.571000 0.009000 0.009000
0 0.376000 0.317000 0.016000 0.015000
0 0.837500 0.633000 0.013000 0.009000
0 0.412500 0.886500 0.022000 0.021000
0 0.466500 0.213000 0.022000 0.016000
0 0.463000 0.469500 0.013000 0.019000
0 0.528500 0.519500 0.017000 0.022000
0 0.650000 0.221000 0.024000 0.020000
0 0.582500 0.705500 0.011000 0.014000
0 0.565500 0.530000 0.020000 0.022000
0 0.800000 0.510500 0.014000 0.011000
0 0.511500 0.509750 0.012000 0.017500
0 0.509500 0.470000 0.009000 0.009000
0 0.725000 0.656000 0.022000 0.023000
0 0.401500 0.618000 0.032000 0.031000
0 0.472500 0.506000 0.022000 0.018000
0 0.585000 0.611000 0.019000 0.020000
0 0.393000 0.506500 0.022000 0.022000
0 0.523500 0.457500 0.013000 0.010000
0 0.548500 0.652000 0.017000 0.023000
0 0.414000 0.557000 0.014000 0.010000
0 0.203500 0.564500 0.016000 0.017000
0 0.426500 0.670000 0.014000 0.010000
0 0.530500 0.452500 0.026000 0.019000
0 0.738500 0.350500 0.018000 0.014000
0 0.660500 0.661000 0.026000 0.021000
0 0.681750 0.457000 0.029500 0.020000
0 0.293500 0.501000 0.025000 0.030000
0 0.603000 0.317500 0.019000 0.024000
0 0.849500 0.579000 0.030000 0.030000
0 0.543000 0.521000 0.024000 0.025000
0 0.689000 0.322000 0.021000 0.018000
0 0.674500 0.544000 0.027000 0.029000
0 0.228500 0.629500 0.026000 0.030000
0 0.822000 0.441000 0.016000 0.015000
0 0.493500 0.537500 0.024000 0.024000
0 0.598500 0.469500 0.016000 0.013000
0 0.619500 0.488500 0.016000 0.010000
0 0.391500 0.337000 0.018000 0.013000
0 0.801500 0.380500 0.017000 0.017000
0 0.884000 0.411000 0.024000 0.022000
0 0.392500 0.599000 0.014000 0.015000
0 0.750000 0.721500 0.017000 0.017000
0 0.527000 0.501500 0.028000 0.026000
0 0.183000 0.732000 0.016000 0.023000
0 0.657500 0.512500 0.013000 0.012000
0 0.424500 0.681500 0.017000 0.021000
0 0.842000 0.460500 0.017000 0.020000
0 0.384000 0.555000 0.030000 0.030000
0 0.536000 0.140500 0.011000 0.011000
0 0.435500 0.526000 0.011000 0.013000
0 0.542500 0.493500 0.016000 0.015000
0 0.384000 0.280500 0.017000 0.018000
0 0.617500 0.312000 0.021000 0.021000
0 0.161250 0.271000 0.023500 0.021000
0 0.494500 0.721500 0.011000 0.009000
0 0.749000 0.471500 0.023000 0.025000
0 0.491500 0.653500 0.012000 0.012000
0 0.588000 0.313500 0.010000 0.010000
0 0.457000 0.395500 0.018000 0.018000
0 0.568500 0.626000 0.023000 0.024000
0 0.744500 0.604000 0.019000 0.019000
0 0.367000 0.723500 0.024000 0.021000
0 0.220500 0.692500 0.020000 0.020000
0 0.902000 0.408000 0.013000 0.014000
0 0.558000 0.420500 0.013000 0.016000
0 0.555000 0.324750 0.022000 0.032500
0 0.578500 0.787500 0.014000 0.013000
0 0.187500 0.445000 0.027000 0.026000
0 0.631000 0.124500 0.023000 0.022000
0 0.295500 0.268000 0.033000 0.023000
0 0.565500 0.403500 0.022000 0.032000
0 0.510000 0.166500 0.031000 0.030000
0 0.189000 0.268500 0.014000 0.016000
0 0.503000 0.641000 0.016000 0.013000
0 0.554500 0.761500 0.030000 0.027000
0 0.565500 0.422000 0.012000 0.010000
0 0.464000 0.628500 0.013000 0.012000
0 0.480000 0.129000 0.013000 0.013000
0 0.477000 0.484500 0.014000 0.013000
0 0.509000 0.603500 0.015000 0.015000
0 0.383000 0.624500 0.013000 0.011000
0 0.424500 0.462000 0.017000 0.028000
0 0.631500 0.455500 0.031000 0.031000
0 0.806500 0.519500 0.022000 0.022000
0 0.499500 0.493500 0.030000 0.032000
0 0.600500 0.623500 0.026000 0.019000
0 0.620000 0.891500 0.013000 0.010000
0 0.709000 0.670000 0.024000 0.024000
0 0.215000 0.255000 0.024000 0.017000
0 0.384500 0.594500 0.034000 0.036000
0 0.239500 0.541000 0.012000 0.012000
0 0.348500 0.450000 0.014000 0.014000
0 0.375000 0.373500 0.015000 0.020000
0 0.304500 0.814500 0.019000 0.019000
0 0.494000 0.569000 0.021000 0.020000
0 0.470000 0.105500 0.013000 0.014000
0 0.450500 0.246000 0.023000 0.029000
0 0.396500 0.581000 0.023000 0.023000
0 0.573000 0.427000 0.020000 0.022000
0 0.879500 0.500000 0.018000 0.019000
0 0.718000 0.760500 0.018000 0.022000
0 0.443000 0.631250 0.012000 0.014500
0 0.391000 0.115000 0.015000 0.015000
0 0.247500 0.337500 0.009000 0.010000
0 0.428000 0.328000 0.027000 0.019000
0 0.778000 0.778500 0.032000 0.031000
0 0.712000 0.843000 0.022000 0.021000
0 0.751000 0.518000 0.022000 0.018000
0 0.572000 0.814500 0.021000 0.019000
0 0.355500 0.661500 0.025000 0.017000
0 0.341000 0.670000 0.016000 0.019000
0 0.507500 0.529000 0.014000 0.012000
0 0.368000 0.594000 0.011000 0.011000
0 0.531000 0.468000 0.022000 0.030000
0 0.440500 0.692000 0.021000 0.021000
0 0.622000 0.149000 0.017000 0.016000
0 0.699500 0.686500 0.010000 0.012000
0 0.253000 0.471000 0.011000 0.015000
0 0.479000 0.542500 0.022000 0.020000
0 0.624000 0.360000 0.020000 0.026000
0 0.374000 0.429500 0.017000 0.020000
0 0.587000 0.573250 0.012000 0.017500
0 0.097750 0.573500 0.014500 0.012000
0 0.446500 0.435500 0.013000 0.014000
0 0.611500 0.431500 0.016000 0.022000
0 0.202000 0.242500 0.013000 0.016000
0 0.457000 0.825500 0.018000 0.015000
0 0.608500 0.506500 0.014000 0.009000
0 0.486500 0.491750 0.019000 0.026500
0 0.533500 0.577000 0.014000 0.018000
0 0.405000 0.485000 0.020000 0.022000
0 0.811500 0.654000 0.014000 0.015000
0 0.272000 0.627000 0.012000 0.009000
0 0.844500 0.511000 0.015000 0.010000
0 0.129000 0.396000 0.013000 0.012000
0 0.508000 0.345000 0.027000 0.031000
0 0.197500 0.268500 0.028000 0.024000
0 0.136000 0.457000 0.017000 0.018000
0 0.839000 0.702000 0.021000 0.020000
0 0.218500 0.336500 0.027000 0.028000
0 0.348500 0.481500 0.025000 0.026000
0 0.202000 0.419500 0.019000 0.019000
0 0.491000 0.497000 0.020000 0.020000
0 0.138000 0.330000 0.020000 0.016000
0 0.308500 0.363500 0.027000 0.025000
0 0.674500 0.581500 0.010000 0.013000
0 0.510000 0.438000 0.017000 0.015000
0 0.586500 0.376500 0.019000 0.022000
0 0.204000 0.510000 0.020000 0.028000
0 0.494000 0.612000 0.027000 0.028000
0 0.470000 0.692000 0.019000 0.019000
0 0.601000 0.337500 0.024000 0.026000
0 0.686000 0.743000 0.023000 0.016000
0 0.556500 0.508500 0.012000 0.016000
0 0.664500 0.501000 0.022000 0.029000
0 0.850000 0.605000 0.014000 0.014000
0 0.414500 0.488500 0.014000 0.015000
0 0.558000 0.479500 0.023000 0.026000
0 0.451500 0.197500 0.016000 0.021000
0 0.633500 0.538500 0.023000 0.017000
0 0.800000 0.535500 0.019000 0.020000
0 0.605500 0.264000 0.013000 0.014000
0 0.872500 0.403000 0.022000 0.022000
0 0.718000 0.694000 0.019000 0.019000
0 0.349500 0.195000 0.017000 0.020000
0 0.681000 0.126000 0.019000 0.014000
0 0.685000 0.551500 0.015000 0.014000
0 0.432500 0.570500 0.014000 0.023000
0 0.424500 0.505000 0.012000 0.011000
0 0.594500 0.324000 0.016000 0.015000
0 0.489500 0.227500 0.018000 0.015000
0 0.797000 0.643000 0.018000 0.019000
0 0.462500 0.532000 0.015000 0.019000
0 0.286500 0.477500 0.032000 0.032000
0 0.713000 0.488500 0.013000 0.016000
0 0.243000 0.331500 0.016000 0.024000
0 0.736500 0.254500 0.016000 0.023000
0 0.460500 0.435500 0.019000 0.023000
0 0.441000 0.726500 0.029000 0.028000
0 0.521000 0.278500 0.013000 0.012000
0 0.551500 0.426500 0.025000 0.034000
0 0.106500 0.560500 0.030000 0.030000
0 0.550000 0.177000 0.012000 0.015000
0 0.785500 0.556000 0.017000 0.019000
0 0.549000 0.464500 0.034000 0.034000
0 0.540500 0.161000 0.011000 0.009000
0 0.489000 0.705500 0.016000 0.016000
0 0.473000 0.503750 0.022000 0.032500
0 0.134000 0.540500 0.022000 0.020000
0 0.332500 0.451000 0.022000 0.025000
0 0.530500 0.732000 0.022000 0.021000
0 0.469000 0.528000 0.025000 0.025000
0 0.437000 0.212000 0.024000 0.021000
0 0.612500 0.753500 0.026000 0.025000
0 0.759000 0.744500 0.015000 0.021000
0 0.176500 0.589500 0.016000 0.017000
0 0.493500 0.465000 0.023000 0.020000
0 0.115500 0.485000 0.024000 0.027000
0 0.339500 0.367500 0.021000 0.020000
0 0.128000 0.363000 0.030000 0.028000
0 0.452500 0.557500 0.023000 0.020000
0 0.516500 0.478000 0.032000 0.033000
0 0.811000 0.289500 0.017000 0.025000
0 0.440000 0.517500 0.014000 0.016000
0 0.474000 0.584500 0.022000 0.019000
0 0.664500 0.848000 0.012000 0.013000
0 0.689000 0.490500 0.025000 0.023000
0 0.697750 0.315500 0.017500 0.015000
0 0.494500 0.504500 0.023000 0.019000
0 0.328500 0.480000 0.013000 0.013000
0 0.310000 0.522000 0.014000 0.009000
0 0.695500 0.411500 0.022000 0.022000
0 0.431500 0.352500 0.023000 0.021000
0 0.530000 0.242500 0.018000 0.019000
0 0.463000 0.502000 0.031000 0.029000
0 0.546000 0.541000 0.017000 0.020000
0 0.564500 0.446000 0.021000 0.014000
0 0.615000 0.473000 0.014000 0.018000
0 0.302000 0.536000 0.026000 0.023000
0 0.699500 0.458000 0.024000 0.025000
0 0.583500 0.353000 0.028000 0.030000
0 0.350500 0.835500 0.017000 0.017000
0 0.474500 0.140500 0.023000 0.020000
0 0.437500 0.533000 0.025000 0.023000
0 0.575000 0.434500 0.034000 0.030000
0 0.328500 0.325000 0.024000 0.020000
0 0.358500 0.292000 0.024000 0.024000
0 0.606000 0.853500 0.021000 0.026000
0 0.551000 0.229000 0.012000 0.012000
0 0.117750 0.497000 0.026500 0.022000
0 0.508500 0.911000 0.018000 0.022000
0 0.312000 0.672500 0.016000 0.020000
0 0.158000 0.510500 0.025000 0.024000
0 0.199500 0.304500 0.010000 0.009000
0 0.508000 0.211000 0.026000 0.018000
0 0.469000 0.593000 0.026000 0.025000
0 0.320500 0.731750 0.016000 0.020500
0 0.340000 0.360000 0.034000 0.028000
0 0.476500 0.499500 0.018000 0.025000
0 0.592000 0.279500 0.017000 0.027000
0 0.106500 0.363500 0.030000 0.030000
0 0.679750 0.731000 0.011500 0.008000
0 0.396500 0.825500 0.016000 0.018000
0 0.441500 0.707000 0.018000 0.022000
0 0.713500 0.345000 0.014000 0.013000
0 0.235500 0.653000 0.012000 0.014000
0 0.425000 0.137000 0.014000 0.011000
0 0.450000 0.345000 0.009000 0.013000
0 0.313000 0.152000 0.018000 0.016000
0 0.691000 0.677500 0.015000 0.012000
0 0.646500 0.396000 0.019000 0.023000
0 0.829000 0.305500 0.031000 0.031000
0 0.676000 0.440500 0.030000 0.032000
0 0.287500 0.708000 0.013000 0.010000
0 0.291000 0.816500 0.017000 0.015000
0 0.617000 0.667000 0.026000 0.028000
0 0.456500 0.511500 0.023000 0.017000
0 0.222000 0.521500 0.017000 0.024000
0 0.373000 0.451500 0.014000 0.016000
0 0.777500 0.756500 0.022000 0.019000
0 0.467500 0.195500 0.011000 0.009000
0 0.251000 0.452500 0.015000 0.015000
0 0.559000 0.418000 0.012000 0.016000
0 0.550500 0.330000 0.017000 0.017000
0 0.601000 0.294500 0.013000 0.018000
0 0.509000 0.329000 0.031000 0.030000
0 0.560500 0.895500 0.011000 0.010000
0 0.718500 0.420000 0.027000 0.024000
0 0.562000 0.157000 0.019000 0.019000
0 0.337500 0.222500 0.022000 0.015000
0 0.570000 0.463500 0.027000 0.023000
0 0.903000 0.453000 0.025000 0.030000
0 0.500000 0.500500 0.020000 0.021000
0 0.234000 0.765000 0.021000 0.014000
0 0.680000 0.815500 0.010000 0.009000
0 0.632500 0.501500 0.027000 0.028000
0 0.504000 0.241500 0.022000 0.015000
0 0.157000 0.457500 0.016000 0.017000
0 0.910000 0.437000 0.016000 0.024000
0 0.673500 0.666500 0.034000 0.029000
0 0.623500 0.690500 0.011000 0.010000
0 0.620000 0.515500 0.011000 0.013000
0 0.654500 0.825500 0.032000 0.025000
0 0.619000 0.575000 0.012000 0.012000
0 0.555000 0.530000 0.014000 0.014000
0 0.642500 0.431500 0.020000 0.018000
0 0.497000 0.488500 0.018000 0.017000
0 0.224000 0.348000 0.018000 0.027000
0 0.382500 0.203000 0.014000 0.012000
0 0.235500 0.724000 0.028000 0.028000
0 0.702000 0.727000 0.018000 0.018000
0 0.712000 0.177000 0.024000 0.023000
0 0.612000 0.458500 0.024000 0.033000
0 0.527500 0.529500 0.014000 0.015000
0 0.152500 0.425500 0.015000 0.016000
0 0.545500 0.762500 0.014000 0.013000
0 0.815000 0.341000 0.028000 0.019000
0 0.630500 0.396500 0.016000 0.016000
0 0.121500 0.537000 0.012000 0.012000
0 0.526000 0.869000 0.021000 0.019000
0 0.151500 0.301500 0.017000 0.018000
0 0.719000 0.512500 0.016000 0.017000
0 0.539000 0.202000 0.027000 0.024000
0 0.540000 0.425500 0.018000 0.019000
0 0.486500 0.573000 0.020000 0.019000
0 0.482500 0.800000 0.017000 0.020000
0 0.542500 0.684750 0.010000 0.014500
0 0.535000 0.291500 0.028000 0.021000
0 0.597500 0.420500 0.018000 0.021000
0 0.648500 0.484500 0.017000 0.017000
0 0.353250 0.336500 0.020500 0.014000
0 0.360000 0.597000 0.018000 0.019000
0 0.471000 0.281000 0.024000 0.016000
0 0.463000 0.544000 0.019000 0.019000
0 0.764000 0.427250 0.015000 0.017500
0 0.282000 0.462500 0.014000 0.014000
0 0.689000 0.438500 0.014000 0.013000
0 0.614000 0.586500 0.018000 0.020000
0 0.552500 0.473000 0.023000 0.023000
0 0.358000 0.379500 0.023000 0.016000
0 0.445500 0.617000 0.025000 0.024000
0 0.600500 0.701000 0.019000 0.021000
0 0.176500 0.762000 0.013000 0.009000
0 0.671000 0.795500 0.015000 0.015000
0 0.542500 0.264500 0.017000 0.015000
0 0.483500 0.817000 0.020000 0.021000
0 0.229500 0.621500 0.015000 0.015000
0 0.468500 0.489000 0.020000 0.022000
0 0.688000 0.761500 0.014000 0.016000
0 0.445500 0.766000 0.021000 0.019000
0 0.864500 0.392500 0.019000 0.018000
0 0.476000 0.519000 0.014000 0.018000
0 0.592500 0.704500 0.019000 0.020000
0 0.129000 0.511500 0.017000 0.015000
0 0.401000 0.438000 0.016000 0.021000
0 0.192500 0.377500 0.019000 0.023000
0 0.578500 0.255500 0.023000 0.015000
0 0.214000 0.477500 0.028000 0.022000
0 0.576000 0.585000 0.023000 0.031000
0 0.317500 0.484500 0.015000 0.018000
0 0.525500 0.400500 0.012000 0.012000
0 0.342000 0.687500 0.016000 0.021000
0 0.255500 0.647000 0.030000 0.031000
0 0.841000 0.614000 0.028000 0.021000
0 0.275000 0.249000 0.018000 0.019000
0 0.345000 0.584000 0.017000 0.019000
0 0.421500 0.360500 0.019000 0.020000
0 0.323000 0.351500 0.016000 0.013000
0 0.622500 0.593500 0.019000 0.017000
0 0.739500 0.568500 0.027000 0.026000
0 0.852000 0.509000 0.033000 0.035000
0 0.586500 0.422500 0.024000 0.028000
0 0.851000 0.330000 0.018000 0.023000
0 0.847000 0.436500 0.016000 0.019000
0 0.888500 0.555500 0.017000 0.022000
0 0.457500 0.599500 0.031000 0.028000
0 0.188000 0.233500 0.017000 0.011000
0 0.448000 0.204500 0.014000 0.014000
0 0.463000 0.584000 0.016000 0.015000
0 0.818000 0.611500 0.019000 0.022000
0 0.713500 0.278500 0.024000 0.025000
0 0.775000 0.502000 0.027000 0.020000
0 0.586000 0.155000 0.020000 0.030000
0 0.687500 0.655500 0.012000 0.012000
0 0.355500 0.421000 0.017000 0.015000
0 0.743000 0.686500 0.021000 0.025000
0 0.712000 0.306500 0.016000 0.014000
0 0.568000 0.214500 0.014000 0.013000
0 0.455000 0.625000 0.013000 0.014000
0 0.601500 0.409000 0.033000 0.032000
0 0.717500 0.331500 0.017000 0.015000
0 0.633500 0.439500 0.022000 0.019000
0 0.519500 0.621500 0.022000 0.021000
0 0.692000 0.865500 0.028000 0.019000
0 0.448000 0.469500 0.029000 0.020000
0 0.116750 0.441500 0.026500 0.021000
0 0.639500 0.497500 0.016000 0.015000
0 0.592500 0.217500 0.025000 0.027000
0 0.341000 0.569500 0.020000 0.020000
0 0.445000 0.492500 0.017000 0.019000
0 0.778000 0.435000 0.016000 0.021000
0 0.530500 0.384500 0.031000 0.024000
0 0.693500 0.340000 0.019000 0.018000
0 0.711500 0.626500 0.023000 0.031000
0 0.763000 0.347500 0.022000 0.029000
0 0.181500 0.483000 0.014000 0.011000
0 0.256000 0.748000 0.027000 0.016000
0 0.506000 0.517500 0.015000 0.013000
0 0.746500 0.837500 0.021000 0.024000
0 0.168500 0.258500 0.028000 0.027000
0 0.397500 0.420500 0.019000 0.022000
0 0.626000 0.406000 0.017000 0.019000
0 0.286500 0.218000 0.012000 0.014000
0 0.449000 0.125500 0.013000 0.014000
0 0.389000 0.692000 0.011000 0.015000
0 0.415500 0.581250 0.011000 0.011500
0 0.658750 0.500000 0.026500 0.018000
0 0.455500 0.786000 0.015000 0.015000
0 0.187500 0.676000 0.008000 0.010000
0 0.301500 0.560500 0.019000 0.018000
0 0.860500 0.308500 0.028000 0.023000
0 0.409500 0.236000 0.015000 0.013000
0 0.607500 0.481000 0.011000 0.014000
0 0.243000 0.764500 0.030000 0.030000
0 0.725000 0.323000 0.027000 0.025000
0 0.388500 0.392500 0.031000 0.031000
0 0.705000 0.442500 0.015000 0.010000
0 0.260000 0.546000 0.020000 0.020000
0 0.609000 0.768500 0.014000 0.016000
0 0.381500 0.567500 0.013000 0.014000
0 0.411000 0.792500 0.025000 0.026000
0 0.511000 0.483000 0.022000 0.021000
0 0.534500 0.710500 0.031000 0.036000
0 0.314000 0.137000 0.013000 0.013000
0 0.591500 0.260500 0.022000 0.015000
0 0.161500 0.571500 0.018000 0.021000
0 0.454500 0.814000 0.022000 0.018000
0 0.575000 0.510000 0.020000 0.021000
0 0.510500 0.738500 0.014000 0.016000
0 0.295000 0.154500 0.018000 0.017000
0 0.260500 0.258500 0.015000 0.014000
0 0.380500 0.673000 0.023000 0.015000
0 0.573500 0.382000 0.012000 0.012000
0 0.637500 0.487500 0.022000 0.021000
0 0.407000 0.428000 0.026000 0.021000
0 0.612500 0.615000 0.022000 0.025000
0 0.580000 0.763500 0.032000 0.025000
0 0.440000 0.572250 0.012000 0.014500
0 0.514500 0.486500 0.014000 0.011000
0 0.393500 0.526500 0.018000 0.018000
0 0.394000 0.440500 0.019000 0.021000
0 0.297500 0.756500 0.024000 0.023000