0 0.453627 0.120040 0.029630 0.038095
0 0.466249 0.124002 0.029630 0.038095
0 0.425926 0.156773 0.029630 0.038095
0 0.511336 0.156205 0.029630 0.038095
0 0.637710 0.153626 0.029630 0.038095
0 0.517798 0.166953 0.029630 0.038095
0 0.393538 0.168676 0.029630 0.038095
0 0.540912 0.181173 0.029630 0.038095
0 0.407479 0.186310 0.029630 0.038095
0 0.586133 0.191334 0.029630 0.038095
0 0.529480 0.192704 0.029630 0.038095
0 0.364144 0.196552 0.029630 0.038095
0 0.439415 0.204671 0.029630 0.038095
0 0.334612 0.214938 0.029630 0.038095
0 0.344481 0.217095 0.029630 0.038095
0 0.320534 0.240406 0.029630 0.038095
0 0.535622 0.239668 0.029630 0.038095
0 0.511482 0.241286 0.029630 0.038095
0 0.593640 0.247290 0.029630 0.038095
0 0.400955 0.247247 0.029630 0.038095
0 0.481893 0.252844 0.029630 0.038095
0 0.388686 0.255320 0.029630 0.038095
0 0.573069 0.257687 0.029630 0.038095
0 0.587212 0.257561 0.029630 0.038095
0 0.661407 0.254667 0.029630 0.038095
0 0.567484 0.269905 0.029630 0.038095
0 0.385384 0.270646 0.029630 0.038095
0 0.487130 0.275992 0.029630 0.038095
0 0.609020 0.270915 0.029630 0.038095
0 0.704426 0.267857 0.029630 0.038095
0 0.497741 0.272571 0.029630 0.038095
0 0.625351 0.274507 0.029630 0.038095
0 0.352862 0.281872 0.029630 0.038095
0 0.452184 0.292383 0.029630 0.038095
0 0.474936 0.283990 0.029630 0.038095
0 0.630409 0.291178 0.029630 0.038095
0 0.465476 0.292574 0.029630 0.038095
0 0.340687 0.295902 0.029630 0.038095
0 0.363444 0.289238 0.029630 0.038095
0 0.381392 0.289881 0.029630 0.038095
0 0.688027 0.289039 0.029630 0.038095
0 0.441605 0.296746 0.029630 0.038095
0 0.325751 0.293147 0.029630 0.038095
0 0.493259 0.296762 0.029630 0.038095
0 0.366790 0.306567 0.029630 0.038095
0 0.575481 0.300429 0.029630 0.038095
0 0.585926 0.302857 0.029630 0.038095
0 0.477963 0.305198 0.029630 0.038095
0 0.489815 0.311395 0.029630 0.038095
0 0.618600 0.307528 0.029630 0.038095
0 0.394558 0.319404 0.029630 0.038095
0 0.459051 0.319167 0.029630 0.038095
0 0.411564 0.320947 0.029630 0.038095
0 0.679081 0.318430 0.029630 0.038095
0 0.632726 0.323925 0.029630 0.038095
0 0.481389 0.326151 0.029630 0.038095
0 0.586541 0.329959 0.029630 0.038095
0 0.684208 0.329266 0.029630 0.038095
0 0.464683 0.333027 0.029630 0.038095
0 0.698187 0.331845 0.029630 0.038095
0 0.636173 0.335397 0.029630 0.038095
0 0.416772 0.339719 0.029630 0.038095
0 0.385053 0.346307 0.029630 0.038095
0 0.397022 0.342584 0.029630 0.038095
0 0.702006 0.348441 0.029630 0.038095
0 0.740112 0.345833 0.029630 0.038095
0 0.361436 0.348520 0.029630 0.038095
0 0.486508 0.348518 0.029630 0.038095
0 0.647051 0.357790 0.029630 0.038095
0 0.450370 0.351952 0.029630 0.038095
0 0.590294 0.359154 0.029630 0.038095
0 0.432854 0.370310 0.029630 0.038095
0 0.632341 0.359991 0.029630 0.038095
0 0.454707 0.362401 0.029630 0.038095
0 0.748815 0.360048 0.029630 0.038095
0 0.380247 0.372188 0.029630 0.038095
0 0.654380 0.371612 0.029630 0.038095
0 0.259468 0.371815 0.029630 0.038095
0 0.569339 0.372078 0.029630 0.038095
0 0.705324 0.369196 0.029630 0.038095
0 0.417997 0.377600 0.029630 0.038095
0 0.460335 0.372158 0.029630 0.038095
0 0.593171 0.374355 0.029630 0.038095
0 0.519770 0.381145 0.029630 0.038095
0 0.388436 0.393186 0.029630 0.038095
0 0.511631 0.390340 0.029630 0.038095
0 0.716764 0.390179 0.029630 0.038095
0 0.704757 0.386084 0.029630 0.038095
0 0.331182 0.393277 0.029630 0.038095
0 0.623934 0.392352 0.029630 0.038095
0 0.656123 0.392780 0.029630 0.038095
0 0.408607 0.406656 0.029630 0.038095
0 0.288488 0.410794 0.029630 0.038095
0 0.380354 0.406263 0.029630 0.038095
0 0.469667 0.412286 0.029630 0.038095
0 0.478521 0.418531 0.029630 0.038095
0 0.523064 0.411905 0.029630 0.038095
0 0.491716 0.420748 0.029630 0.038095
0 0.663728 0.419203 0.029630 0.038095
0 0.768887 0.424618 0.029630 0.038095
0 0.223198 0.426963 0.029630 0.038095
0 0.291411 0.426067 0.029630 0.038095
0 0.736454 0.426190 0.029630 0.038095
0 0.539245 0.430357 0.029630 0.038095
0 0.580072 0.429491 0.029630 0.038095
0 0.710570 0.431357 0.029630 0.038095
0 0.725982 0.434812 0.029630 0.038095
0 0.572360 0.436981 0.029630 0.038095
0 0.519329 0.434040 0.029630 0.038095
0 0.397586 0.439116 0.029630 0.038095
0 0.296382 0.445626 0.029630 0.038095
0 0.479556 0.445143 0.029630 0.038095
0 0.537520 0.451659 0.029630 0.038095
0 0.674870 0.449878 0.029630 0.038095
0 0.714655 0.447824 0.029630 0.038095
0 0.226253 0.455952 0.029630 0.038095
0 0.365934 0.450248 0.029630 0.038095
0 0.487824 0.457262 0.029630 0.038095
0 0.509002 0.459854 0.029630 0.038095
0 0.431065 0.466252 0.029630 0.038095
0 0.476389 0.459921 0.029630 0.038095
0 0.282176 0.462585 0.029630 0.038095
0 0.378430 0.461846 0.029630 0.038095
0 0.630019 0.468081 0.029630 0.038095
0 0.725000 0.466396 0.029630 0.038095
0 0.734241 0.472262 0.029630 0.038095
0 0.775823 0.464991 0.029630 0.038095
0 0.271884 0.471085 0.029630 0.038095
0 0.540411 0.475827 0.029630 0.038095
0 0.669187 0.475479 0.029630 0.038095
0 0.578649 0.473880 0.029630 0.038095
0 0.324169 0.477015 0.029630 0.038095
0 0.475227 0.482362 0.029630 0.038095
0 0.676674 0.485943 0.029630 0.038095
0 0.773314 0.478571 0.029630 0.038095
0 0.706782 0.490833 0.029630 0.038095
0 0.456804 0.493771 0.029630 0.038095
0 0.737523 0.492976 0.029630 0.038095
0 0.368815 0.500643 0.029630 0.038095
0 0.345115 0.501847 0.029630 0.038095
0 0.554981 0.502956 0.029630 0.038095
0 0.567907 0.506080 0.029630 0.038095
0 0.729923 0.506010 0.029630 0.038095
0 0.456515 0.507993 0.029630 0.038095
0 0.490934 0.504464 0.029630 0.038095
0 0.341376 0.518487 0.029630 0.038095
0 0.374042 0.510099 0.029630 0.038095
0 0.434784 0.517976 0.029630 0.038095
0 0.377495 0.522123 0.029630 0.038095
0 0.517857 0.519796 0.029630 0.038095
0 0.606400 0.529625 0.029630 0.038095
0 0.548319 0.526284 0.029630 0.038095
0 0.561093 0.530159 0.029630 0.038095
0 0.590497 0.533584 0.029630 0.038095
0 0.725473 0.532354 0.029630 0.038095
0 0.347662 0.538482 0.029630 0.038095
0 0.667769 0.552964 0.029630 0.038095
0 0.714732 0.539307 0.029630 0.038095
0 0.384421 0.539732 0.029630 0.038095
0 0.656944 0.540349 0.029630 0.038095
0 0.349901 0.553901 0.029630 0.038095
0 0.569349 0.551108 0.029630 0.038095
0 0.644241 0.552875 0.029630 0.038095
0 0.265305 0.555999 0.029630 0.038095
0 0.656145 0.556457 0.029630 0.038095
0 0.309186 0.558302 0.029630 0.038095
0 0.388853 0.555449 0.029630 0.038095
0 0.449741 0.555381 0.029630 0.038095
0 0.515715 0.559061 0.029630 0.038095
0 0.552212 0.559226 0.029630 0.038095
0 0.695370 0.563690 0.029630 0.038095
0 0.252183 0.565221 0.029630 0.038095
0 0.460399 0.564194 0.029630 0.038095
0 0.637103 0.566752 0.029630 0.038095
0 0.386861 0.568169 0.029630 0.038095
0 0.483348 0.570729 0.029630 0.038095
0 0.515981 0.577425 0.029630 0.038095
0 0.617102 0.570413 0.029630 0.038095
0 0.550521 0.575186 0.029630 0.038095
0 0.368628 0.582206 0.029630 0.038095
0 0.468962 0.582830 0.029630 0.038095
0 0.314759 0.581782 0.029630 0.038095
0 0.629646 0.585268 0.029630 0.038095
0 0.713985 0.581732 0.029630 0.038095
0 0.389907 0.588214 0.029630 0.038095
0 0.580189 0.590253 0.029630 0.038095
0 0.329306 0.590615 0.029630 0.038095
0 0.519110 0.590675 0.029630 0.038095
0 0.740013 0.591667 0.029630 0.038095
0 0.473173 0.596815 0.029630 0.038095
0 0.233118 0.600787 0.029630 0.038095
0 0.258708 0.606236 0.029630 0.038095
0 0.594815 0.603532 0.029630 0.038095
0 0.475373 0.611175 0.029630 0.038095
0 0.638073 0.611338 0.029630 0.038095
0 0.708278 0.616452 0.029630 0.038095
0 0.719015 0.614264 0.029630 0.038095
0 0.422543 0.617930 0.029630 0.038095
0 0.685430 0.624134 0.029630 0.038095
0 0.311088 0.622092 0.029630 0.038095
0 0.265387 0.625053 0.029630 0.038095
0 0.367041 0.632228 0.029630 0.038095
0 0.445170 0.630148 0.029630 0.038095
0 0.602364 0.636702 0.029630 0.038095
0 0.415760 0.637051 0.029630 0.038095
0 0.657071 0.634019 0.029630 0.038095
0 0.763413 0.637580 0.029630 0.038095
0 0.332060 0.650268 0.029630 0.038095
0 0.423682 0.647390 0.029630 0.038095
0 0.631898 0.661716 0.029630 0.038095
0 0.660292 0.648535 0.029630 0.038095
0 0.674837 0.646639 0.029630 0.038095
0 0.269974 0.649830 0.029630 0.038095
0 0.467503 0.652343 0.029630 0.038095
0 0.757557 0.651383 0.029630 0.038095
0 0.319907 0.654167 0.029630 0.038095
0 0.537197 0.656479 0.029630 0.038095
0 0.390484 0.662015 0.029630 0.038095
0 0.411061 0.666774 0.029630 0.038095
0 0.431720 0.662653 0.029630 0.038095
0 0.473836 0.664932 0.029630 0.038095
0 0.301165 0.667243 0.029630 0.038095
0 0.330079 0.673232 0.029630 0.038095
0 0.677901 0.678730 0.029630 0.038095
0 0.656713 0.679082 0.029630 0.038095
0 0.334411 0.684805 0.029630 0.038095
0 0.695945 0.682759 0.029630 0.038095
0 0.501109 0.702098 0.029630 0.038095
0 0.685337 0.697248 0.029630 0.038095
0 0.288484 0.694271 0.029630 0.038095
0 0.389524 0.693605 0.029630 0.038095
0 0.643184 0.701835 0.029630 0.038095
0 0.588543 0.716859 0.029630 0.038095
0 0.615509 0.709888 0.029630 0.038095
0 0.522662 0.711488 0.029630 0.038095
0 0.356511 0.711290 0.029630 0.038095
0 0.449884 0.718410 0.029630 0.038095
0 0.423115 0.714456 0.029630 0.038095
0 0.335272 0.724516 0.029630 0.038095
0 0.441569 0.724029 0.029630 0.038095
0 0.611889 0.722857 0.029630 0.038095
0 0.348426 0.725238 0.029630 0.038095
0 0.707828 0.728853 0.029630 0.038095
0 0.360301 0.725198 0.029630 0.038095
0 0.431019 0.726461 0.029630 0.038095
0 0.642496 0.736199 0.029630 0.038095
0 0.718434 0.731061 0.029630 0.038095
0 0.586799 0.735272 0.029630 0.038095
0 0.470863 0.737614 0.029630 0.038095
0 0.603162 0.733246 0.029630 0.038095
0 0.683316 0.739484 0.029630 0.038095
0 0.451819 0.746131 0.029630 0.038095
0 0.631958 0.748304 0.029630 0.038095
0 0.601464 0.746889 0.029630 0.038095
0 0.651418 0.749777 0.029630 0.038095
0 0.532649 0.748447 0.029630 0.038095
0 0.355622 0.752211 0.029630 0.038095
0 0.613750 0.757262 0.029630 0.038095
0 0.710725 0.763274 0.029630 0.038095
0 0.585992 0.761828 0.029630 0.038095
0 0.404309 0.762592 0.029630 0.038095
0 0.669928 0.763872 0.029630 0.038095
0 0.427896 0.767308 0.029630 0.038095
0 0.570428 0.770759 0.029630 0.038095
0 0.417643 0.776060 0.029630 0.038095
0 0.685075 0.784504 0.029630 0.038095
0 0.352709 0.778263 0.029630 0.038095
0 0.662593 0.773381 0.029630 0.038095
0 0.720670 0.775630 0.029630 0.038095
0 0.438704 0.780089 0.029630 0.038095
0 0.701325 0.796594 0.029630 0.038095
0 0.531848 0.791691 0.029630 0.038095
0 0.304509 0.796480 0.029630 0.038095
0 0.664815 0.797460 0.029630 0.038095
0 0.346376 0.799490 0.029630 0.038095
0 0.561501 0.800971 0.029630 0.038095
0 0.497377 0.806151 0.029630 0.038095
0 0.548941 0.812237 0.029630 0.038095
0 0.521061 0.810476 0.029630 0.038095
0 0.619962 0.809436 0.029630 0.038095
0 0.646742 0.811332 0.029630 0.038095
0 0.518854 0.829741 0.029630 0.038095
0 0.672667 0.827357 0.029630 0.038095
0 0.340329 0.836806 0.029630 0.038095
0 0.610772 0.835079 0.029630 0.038095
0 0.618198 0.845375 0.029630 0.038095
0 0.349913 0.851078 0.029630 0.038095
0 0.456451 0.894722 0.029630 0.038095